,du_matched_index,standard_id,Enzyme:,KEGG Reaction:,CID Reaction:,Reaction:,Reference:,Reference ID:,PMID,DOI,T [K],pH ,Keq,Km,Method:,Buffer:,Experimental conditions,EC Value:,solutes [mol / kg],solutes [mol / dm^3],Ionic strength [mol / dm^3],Ionic strength [mol / kg],Enthalpy [kJ / mol]
0,140.0,4336.0,aspartate ammonia-lyase,kegg:C00049 = kegg:C00122 + kegg:C00014,CHB_29991 = CHB_16134 + CHB_29806,L-aspartate(aq) = fumarate(aq) + ammonia(aq),Quastel J.H.; Woolf B.; Biochem. J.; 20 545 (1926).,26QUA/WOO_1205,16743691.0,10.1042/bj0200545,310.15,7.4,0.04, ,chemical analysis,phosphate,   ,4.3.1.1, , , , , 
1,141.0,2910.0,aspartate ammonia-lyase,kegg:C00049 = kegg:C00122 + kegg:C00014,CHB_29991 = CHB_16134 + CHB_29806,L-aspartate(aq) = fumarate(aq) + ammonia(aq),Woolf B.; Biochem. J.; 23 472 (1929).,29WOO_1206,16744231.0,10.1042/bj0230472,310.15,7.4,0.01, ,chemical analysis and polarimetry,phosphate,   ,4.3.1.1, , , , , 
2,142.0,2129.0,fumarate hydratase,kegg:C00122 + kegg:C00001 = kegg:C00149,CHB_15377 + CHB_29806 = CHB_15589,fumarate(aq) + H2O(l) = (S)-malate(aq),Borsook H.; Schott H.F.; J. Biol. Chem.; 92 559 (1931).,31BOR/SCH_1141, , ,298.15,6.81,3.1, ,electrochemistry, ,mol/L;(K)2(HPO4)1=0.0148;(K)1(H2PO4)1=0.00741  ,4.2.1.2, , , , , 
3,143.0,2130.0,fumarate hydratase,kegg:C00122 + kegg:C00001 = kegg:C00149,CHB_15377 + CHB_29806 = CHB_15589,fumarate(aq) + H2O(l) = (S)-malate(aq),Borsook H.; Schott H.F.; J. Biol. Chem.; 92 559 (1931).,31BOR/SCH_1141, , ,298.15,7.12,3.3, ,electrochemistry, ,mol/L;(K)2(HPO4)1=0.0148;(K)1(H2PO4)1=0.00741  ,4.2.1.2, , , , , 
4,148.0,791.0,fumarate hydratase,kegg:C00122 + kegg:C00001 = kegg:C00149,CHB_15377 + CHB_29806 = CHB_15589,fumarate(aq) + H2O(l) = (S)-malate(aq),Jacobsohn K.P.; Biochem. Z.; 274 167 (1934).,34JAC_1142, , ,278.15,6.8,8.4, ,polarimetry,barbital,   ,4.2.1.2, , , , , 
5,147.0,792.0,fumarate hydratase,kegg:C00122 + kegg:C00001 = kegg:C00149,CHB_15377 + CHB_29806 = CHB_15589,fumarate(aq) + H2O(l) = (S)-malate(aq),Jacobsohn K.P.; Biochem. Z.; 274 167 (1934).,34JAC_1142, , ,288.15,6.8,6.5, ,polarimetry,barbital,   ,4.2.1.2, , , , , 
6,146.0,793.0,fumarate hydratase,kegg:C00122 + kegg:C00001 = kegg:C00149,CHB_15377 + CHB_29806 = CHB_15589,fumarate(aq) + H2O(l) = (S)-malate(aq),Jacobsohn K.P.; Biochem. Z.; 274 167 (1934).,34JAC_1142, , ,298.15,6.8,5.1, ,polarimetry,barbital,   ,4.2.1.2, , , , , 
7,145.0,794.0,fumarate hydratase,kegg:C00122 + kegg:C00001 = kegg:C00149,CHB_15377 + CHB_29806 = CHB_15589,fumarate(aq) + H2O(l) = (S)-malate(aq),Jacobsohn K.P.; Biochem. Z.; 274 167 (1934).,34JAC_1142, , ,311.15,6.8,3.8, ,polarimetry,barbital,   ,4.2.1.2, , , , , 
8,144.0,795.0,fumarate hydratase,kegg:C00122 + kegg:C00001 = kegg:C00149,CHB_15377 + CHB_29806 = CHB_15589,fumarate(aq) + H2O(l) = (S)-malate(aq),Jacobsohn K.P.; Biochem. Z.; 274 167 (1934).,34JAC_1142, , ,327.15,6.8,2.1, ,polarimetry,barbital,   ,4.2.1.2, , , , , 
9,149.0,2629.0,phosphopyruvate hydratase,kegg:C00631 = kegg:C00074 + kegg:C00001,CHB_17835 = CHB_15377 + CHB_18021,2-phospho-D-glycerate(aq) = phosphoenolpyruvate(aq) + H2O(l),Lohman K.; Meyerhof O.; Biochem. Z.; 273 60 (1934).,34LOH/MEY_1169, , ,273.15, ,0.33, ,chemical analysis, ,   ,4.2.1.11, , , , , 
10,150.0,2627.0,phosphopyruvate hydratase,kegg:C00631 = kegg:C00074 + kegg:C00001,CHB_17835 = CHB_15377 + CHB_18021,2-phospho-D-glycerate(aq) = phosphoenolpyruvate(aq) + H2O(l),Lohman K.; Meyerhof O.; Biochem. Z.; 273 60 (1934).,34LOH/MEY_1169, , ,293.15, ,0.39, ,chemical analysis, ,   ,4.2.1.11, , , , , 
11,151.0,2630.0,phosphopyruvate hydratase,kegg:C00631 = kegg:C00074 + kegg:C00001,CHB_17835 = CHB_15377 + CHB_18021,2-phospho-D-glycerate(aq) = phosphoenolpyruvate(aq) + H2O(l),Lohman K.; Meyerhof O.; Biochem. Z.; 273 60 (1934).,34LOH/MEY_1169, , ,313.15, ,0.54, ,chemical analysis, ,   ,4.2.1.11, , , , , 
12,152.0,2628.0,phosphopyruvate hydratase,kegg:C00631 = kegg:C00074 + kegg:C00001,CHB_17835 = CHB_15377 + CHB_18021,2-phospho-D-glycerate(aq) = phosphoenolpyruvate(aq) + H2O(l),Lohman K.; Meyerhof O.; Biochem. Z.; 273 60 (1934).,34LOH/MEY_1169, , ,333.15, ,0.7, ,chemical analysis, ,   ,4.2.1.11, , , , , 
13,,379.0,fructose-biphosphate aldolase and triose-phosphate isomerase,kegg:C00354 = 2 kegg:C00111, ,"D-fructose 1,6-bisphosphate(aq) = 2 glycerone phosphate(aq)",Meyerhof O.; Lohmann K.; Biochem. Z.; 271 89 (1934).,34MEY/LOH_1100, , ,266.15,7.0,0.00018, ,spectrophotometry, , ,4.1.2.13 & 5.3.1.1, , , , , 
14,,380.0,fructose-biphosphate aldolase and triose-phosphate isomerase,kegg:C00354 = 2 kegg:C00111, ,"D-fructose 1,6-bisphosphate(aq) = 2 glycerone phosphate(aq)",Meyerhof O.; Lohmann K.; Biochem. Z.; 271 89 (1934).,34MEY/LOH_1100, , ,273.15,7.0,0.0003, ,spectrophotometry, , ,4.1.2.13 & 5.3.1.1, , , , , 
15,155.0,376.0,fructose-biphosphate aldolase and triose-phosphate isomerase,kegg:C00354 = 2 kegg:C00111,CHB_40595 = 2 CHB_16108,"D-fructose 1,6-bisphosphate(aq) = 2 glycerone phosphate(aq)",Meyerhof O.; Lohmann K.; Biochem. Z.; 271 89 (1934).,34MEY/LOH_1100, , ,293.15,7.0,0.0015, ,spectrophotometry, ,   ,4.1.2.13 & 4.1.2.13 & 5.3.1.1 & 5.3.1.1, , , , , 
16,,377.0,fructose-biphosphate aldolase and triose-phosphate isomerase,kegg:C00354 = 2 kegg:C00111, ,"D-fructose 1,6-bisphosphate(aq) = 2 glycerone phosphate(aq)",Meyerhof O.; Lohmann K.; Biochem. Z.; 271 89 (1934).,34MEY/LOH_1100, , ,333.15,7.0,0.013, ,spectrophotometry, , ,4.1.2.13 & 5.3.1.1, , , , , 
17,157.0,378.0,fructose-biphosphate aldolase and triose-phosphate isomerase,kegg:C00354 = 2 kegg:C00111,CHB_40595 = 2 CHB_16108,"D-fructose 1,6-bisphosphate(aq) = 2 glycerone phosphate(aq)",Meyerhof O.; Lohmann K.; Biochem. Z.; 271 89 (1934).,34MEY/LOH_1100, , ,343.15,7.0,0.022, ,spectrophotometry, ,   ,4.1.2.13 & 4.1.2.13 & 5.3.1.1 & 5.3.1.1, , , , , 
18,153.0,218.0,triose-phosphate isomerase and fructose-bisphosphate aldolase,kegg:C00354 = 2 kegg:C00111,CHB_40595 = 2 CHB_16108,"D-fructose 1,6-bisphosphate(aq) = 2 glycerone phosphate(aq)",Meyerhof O.; Lohmann K.; Biochem. Z.; 271 89 (1934).,34MEY/LOH_1288, , ,266.15,7.0,0.00018, ,spectrophotometry, ,   ,4.1.2.13 & 4.1.2.13 & 5.3.1.1 & 5.3.1.1, , , , , 
19,154.0,222.0,triose-phosphate isomerase and fructose-bisphosphate aldolase,kegg:C00354 = 2 kegg:C00111,CHB_40595 = 2 CHB_16108,"D-fructose 1,6-bisphosphate(aq) = 2 glycerone phosphate(aq)",Meyerhof O.; Lohmann K.; Biochem. Z.; 271 89 (1934).,34MEY/LOH_1288, , ,273.15,7.0,0.0003, ,spectrophotometry, ,   ,4.1.2.13 & 4.1.2.13 & 5.3.1.1 & 5.3.1.1, , , , , 
20,,219.0,triose-phosphate isomerase and fructose-bisphosphate aldolase,kegg:C00354 = 2 kegg:C00111, ,"D-fructose 1,6-bisphosphate(aq) = 2 glycerone phosphate(aq)",Meyerhof O.; Lohmann K.; Biochem. Z.; 271 89 (1934).,34MEY/LOH_1288, , ,293.15,7.0,0.0015, ,spectrophotometry, , ,4.1.2.13 & 5.3.1.1, , , , , 
21,156.0,220.0,triose-phosphate isomerase and fructose-bisphosphate aldolase,kegg:C00354 = 2 kegg:C00111,CHB_40595 = 2 CHB_16108,"D-fructose 1,6-bisphosphate(aq) = 2 glycerone phosphate(aq)",Meyerhof O.; Lohmann K.; Biochem. Z.; 271 89 (1934).,34MEY/LOH_1288, , ,333.15,7.0,0.013, ,spectrophotometry, ,   ,4.1.2.13 & 4.1.2.13 & 5.3.1.1 & 5.3.1.1, , , , , 
22,,221.0,triose-phosphate isomerase and fructose-bisphosphate aldolase,kegg:C00354 = 2 kegg:C00111, ,"D-fructose 1,6-bisphosphate(aq) = 2 glycerone phosphate(aq)",Meyerhof O.; Lohmann K.; Biochem. Z.; 271 89 (1934).,34MEY/LOH_1288, , ,343.15,7.0,0.022, ,spectrophotometry, , ,4.1.2.13 & 5.3.1.1, , , , , 
23,158.0,935.0,phosphopyruvate hydratase,kegg:C00631 = kegg:C00074 + kegg:C00001,CHB_17835 = CHB_15377 + CHB_18021,2-phospho-D-glycerate(aq) = phosphoenolpyruvate(aq) + H2O(l),Akano R.; Biochem. Z.; 280 110 (1935).,35AKA_1170, , ,301.15, ,2.3, , , ,   ,4.2.1.11, , , , , 
24,159.0,3832.0,aspartate ammonia-lyase,kegg:C00049 = kegg:C00122 + kegg:C00014,CHB_29991 = CHB_16134 + CHB_29806,L-aspartate(aq) = fumarate(aq) + ammonia(aq),Jacobsohn K.P.; Tapadinhas J.; Biochem. Z.; 282 374 (1935).,35JAC/TAP_1207, , ,278.15,7.0,0.0024, ,polarimetry and chemical analysis,barbital,   ,4.3.1.1, , , , , 
25,160.0,3833.0,aspartate ammonia-lyase,kegg:C00049 = kegg:C00122 + kegg:C00014,CHB_29991 = CHB_16134 + CHB_29806,L-aspartate(aq) = fumarate(aq) + ammonia(aq),Jacobsohn K.P.; Tapadinhas J.; Biochem. Z.; 282 374 (1935).,35JAC/TAP_1207, , ,310.15,7.0,0.0076, ,polarimetry and chemical analysis,barbital,   ,4.3.1.1, , , , , 
26,194.0,938.0,phosphoglycerate mutase,kegg:C00631 = kegg:C00197,CHB_17835 = CHB_17794,2-phospho-D-glycerate(aq) = 3-phospho-D-glycerate(aq),Meyerhof O.; Kiessling W.; Biochem. Z.; 280 99 (1935).,35MEY/KIE2_1386, , ,301.15, ,4, ,polarimetry, ,   ,5.4.2.1, , , , , 
27,193.0,3388.0,phosphoglycerate mutase,kegg:C00631 = kegg:C00197,CHB_17835 = CHB_17794,2-phospho-D-glycerate(aq) = 3-phospho-D-glycerate(aq),Meyerhof O.; Kiessling W.; Biochem. Z.; 276 239 (1935).,35MEY/KIE_1385, , ,273.15, ,7.3, ,polarimetry, ,   ,5.4.2.1, , , , , 
28,192.0,3391.0,phosphoglycerate mutase,kegg:C00631 = kegg:C00197,CHB_17835 = CHB_17794,2-phospho-D-glycerate(aq) = 3-phospho-D-glycerate(aq),Meyerhof O.; Kiessling W.; Biochem. Z.; 276 239 (1935).,35MEY/KIE_1385, , ,301.15, ,3.85, ,polarimetry, ,   ,5.4.2.1, , , , , 
29,191.0,3389.0,phosphoglycerate mutase,kegg:C00631 = kegg:C00197,CHB_17835 = CHB_17794,2-phospho-D-glycerate(aq) = 3-phospho-D-glycerate(aq),Meyerhof O.; Kiessling W.; Biochem. Z.; 276 239 (1935).,35MEY/KIE_1385, , ,311.15, ,3.45, ,polarimetry, ,   ,5.4.2.1, , , , , 
30,190.0,3390.0,phosphoglycerate mutase,kegg:C00631 = kegg:C00197,CHB_17835 = CHB_17794,2-phospho-D-glycerate(aq) = 3-phospho-D-glycerate(aq),Meyerhof O.; Kiessling W.; Biochem. Z.; 276 239 (1935).,35MEY/KIE_1385, , ,333.15, ,2.3, ,polarimetry, ,   ,5.4.2.1, , , , , 
31,,389.0,fructose-biphosphate aldolase and triose-phosphate isomerase,kegg:C00354 = 2 kegg:C00111, ,"D-fructose 1,6-bisphosphate(aq) = 2 glycerone phosphate(aq)",Meyerhof O.; Lohmann K.; Biochem. Z.; 275 430 (1935).,35MEY/LOH_1102, , ,293.15, , , ,calorimetry,phosphate, ,4.1.2.13 & 5.3.1.1, , , , ,58
32,,388.0,fructose-biphosphate aldolase and triose-phosphate isomerase,kegg:C00354 = 2 kegg:C00111, ,"D-fructose 1,6-bisphosphate(aq) = 2 glycerone phosphate(aq)",Meyerhof O.; Lohmann K.; Biochem. Z.; 275 430 (1935).,35MEY/LOH_1102, , ,313.15, , , ,calorimetry,phosphate, ,4.1.2.13 & 5.3.1.1, , , , ,64
33,,2898.0,triose-phosphate isomerase and fructose-bisphosphate aldolase,kegg:C00354 = 2 kegg:C00111, ,"D-fructose 1,6-bisphosphate(aq) = 2 glycerone phosphate(aq)",Meyerhof O.; Lohmann K.; Biochem. Z.; 275 430 (1935).,35MEY/LOH_1290, , ,293.15, , , ,calorimetry,phosphate, ,4.1.2.13 & 5.3.1.1, , , , ,58
34,,2899.0,triose-phosphate isomerase and fructose-bisphosphate aldolase,kegg:C00354 = 2 kegg:C00111, ,"D-fructose 1,6-bisphosphate(aq) = 2 glycerone phosphate(aq)",Meyerhof O.; Lohmann K.; Biochem. Z.; 275 430 (1935).,35MEY/LOH_1290, , ,313.15, , , ,calorimetry,phosphate, ,4.1.2.13 & 5.3.1.1, , , , ,64
35,, ,alkaline phosphatase, , ,phospho-L-arginine(aq) + H2O(l) = L-arginine(aq) + orthophosphate(aq),Meyerhof O.; Schulz W.; Biochem. Z.; 281 292 (1935).,35MEY/SCH_797, , ,293.15, , , ,calorimetry,phosphate, ,3.1.3.1, , , , ,-31
36,,235.0,alkaline phosphatase,kegg:C02305 + kegg:C00001 = kegg:C00300 + kegg:C00009, ,phosphocreatine(aq) + H2O(l) = creatine(aq) + orthophosphate(aq),Meyerhof O.; Schulz W.; Biochem. Z.; 281 292 (1935).,35MEY/SCH_798, , ,293.15, , , ,calorimetry,phosphate, ,3.1.3.1, , , , ,-44.8
37,,2717.0,alkaline phosphatase,kegg:C00197 + kegg:C00001 = kegg:C00258 + kegg:C00009, ,(R)-3-phosphoglycerate(aq) + H2O(l) = (R)-glycerate(aq) + orthophosphate(aq),Meyerhof O.; Schulz W.; Biochem. Z.; 281 292 (1935).,35MEY/SCH_802, , ,293.15, , , ,calorimetry,phosphate, ,3.1.3.1, , , , ,-34.5
38,,385.0,alkaline phosphatase,kegg:C00074 + kegg:C00001 = kegg:C00022 + kegg:C00009, ,phosphoenolpyruvate(aq) + H2O(l) = pyruvate(aq) + orthophosphate(aq),Meyerhof O.; Schulz W.; Biochem. Z.; 281 292 (1935).,35MEY/SCH_805, , ,293.15, , , ,calorimetry,phosphate, ,3.1.3.1, , , , ,-35.4
39,165.0,113.0,fructose-biphosphate aldolase and triose-phosphate isomerase,kegg:C00354 = 2 kegg:C00111,CHB_40595 = 2 CHB_16108,"D-fructose 1,6-bisphosphate(aq) = 2 glycerone phosphate(aq)",Meyerhof O.; Biochem. Z.; 277 77 (1935).,35MEY_1101, , ,273.15,7.0,0.00014, ,spectrophotometry, ,MgCl2 _ mol/L;(Mg)1(Cl)2=0.006 _ MgCl2 (0.006 mol/L) _ ,4.1.2.13 & 4.1.2.13 & 5.3.1.1 & 5.3.1.1, ,0.006 salt, , , 
40,177.0,122.0,fructose-biphosphate aldolase and triose-phosphate isomerase,kegg:C00354 = 2 kegg:C00111,CHB_40595 = 2 CHB_16108,"D-fructose 1,6-bisphosphate(aq) = 2 glycerone phosphate(aq)",Meyerhof O.; Biochem. Z.; 277 77 (1935).,35MEY_1101, , ,273.15,7.0,7.10E-05, ,spectrophotometry, ,MgCl2 _ mol/L;(Mg)1(Cl)2=0.12 _ MgCl2 (0.12 mol/L) _ ,4.1.2.13 & 4.1.2.13 & 5.3.1.1 & 5.3.1.1, ,0.12 salt, , , 
41,186.0,93.0,fructose-biphosphate aldolase and triose-phosphate isomerase,kegg:C00354 = 2 kegg:C00111,CHB_40595 = 2 CHB_16108,"D-fructose 1,6-bisphosphate(aq) = 2 glycerone phosphate(aq)",Meyerhof O.; Biochem. Z.; 277 77 (1935).,35MEY_1101, , ,273.15,7.0,0.00032, ,spectrophotometry, ,  _ none _ ,4.1.2.13 & 4.1.2.13 & 5.3.1.1 & 5.3.1.1, , , , , 
42,161.0,107.0,fructose-biphosphate aldolase and triose-phosphate isomerase,kegg:C00354 = 2 kegg:C00111,CHB_40595 = 2 CHB_16108,"D-fructose 1,6-bisphosphate(aq) = 2 glycerone phosphate(aq)",Meyerhof O.; Biochem. Z.; 277 77 (1935).,35MEY_1101, , ,293.15,7.0,0.0014, ,spectrophotometry, ,MgCl2 _ mol/L;(Mg)1(Cl)2=0.0012 _ MgCl2 (0.0012 mol/L) _ ,4.1.2.13 & 4.1.2.13 & 5.3.1.1 & 5.3.1.1, ,0.0012 salt, , , 
43,164.0,96.0,fructose-biphosphate aldolase and triose-phosphate isomerase,kegg:C00354 = 2 kegg:C00111,CHB_40595 = 2 CHB_16108,"D-fructose 1,6-bisphosphate(aq) = 2 glycerone phosphate(aq)",Meyerhof O.; Biochem. Z.; 277 77 (1935).,35MEY_1101, , ,293.15,7.0,0.0011, ,spectrophotometry, ,MgCl2 _ mol/L;(Mg)1(Cl)2=0.0025 _ MgCl2 (0.0025 mol/L) _ ,4.1.2.13 & 4.1.2.13 & 5.3.1.1 & 5.3.1.1, ,0.0025 salt, , , 
44,166.0,120.0,fructose-biphosphate aldolase and triose-phosphate isomerase,kegg:C00354 = 2 kegg:C00111,CHB_40595 = 2 CHB_16108,"D-fructose 1,6-bisphosphate(aq) = 2 glycerone phosphate(aq)",Meyerhof O.; Biochem. Z.; 277 77 (1935).,35MEY_1101, , ,293.15,7.0,0.00064, ,spectrophotometry, ,MgCl2 _ mol/L;(Mg)1(Cl)2=0.006 _ MgCl2 (0.006 mol/L) _ ,4.1.2.13 & 4.1.2.13 & 5.3.1.1 & 5.3.1.1, ,0.006 salt, , , 
45,169.0,105.0,fructose-biphosphate aldolase and triose-phosphate isomerase,kegg:C00354 = 2 kegg:C00111,CHB_40595 = 2 CHB_16108,"D-fructose 1,6-bisphosphate(aq) = 2 glycerone phosphate(aq)",Meyerhof O.; Biochem. Z.; 277 77 (1935).,35MEY_1101, , ,293.15,7.0,0.00051, ,spectrophotometry, ,MgCl2 _ mol/L;(Mg)1(Cl)2=0.012 _ MgCl2 (0.012 mol/L) _ ,4.1.2.13 & 4.1.2.13 & 5.3.1.1 & 5.3.1.1, ,0.012 salt, , , 
46,172.0,121.0,fructose-biphosphate aldolase and triose-phosphate isomerase,kegg:C00354 = 2 kegg:C00111,CHB_40595 = 2 CHB_16108,"D-fructose 1,6-bisphosphate(aq) = 2 glycerone phosphate(aq)",Meyerhof O.; Biochem. Z.; 277 77 (1935).,35MEY_1101, , ,293.15,7.0,0.00031, ,spectrophotometry, ,MgCl2 _ mol/L;(Mg)1(Cl)2=0.031 _ MgCl2 (0.031 mol/L) _ ,4.1.2.13 & 4.1.2.13 & 5.3.1.1 & 5.3.1.1, ,0.031 salt, , , 
47,175.0,100.0,fructose-biphosphate aldolase and triose-phosphate isomerase,kegg:C00354 = 2 kegg:C00111,CHB_40595 = 2 CHB_16108,"D-fructose 1,6-bisphosphate(aq) = 2 glycerone phosphate(aq)",Meyerhof O.; Biochem. Z.; 277 77 (1935).,35MEY_1101, , ,293.15,7.0,0.00035, ,spectrophotometry, ,MgCl2 _ mol/L;(Mg)1(Cl)2=0.06 _ MgCl2 (0.06 mol/L) _ ,4.1.2.13 & 4.1.2.13 & 5.3.1.1 & 5.3.1.1, ,0.06 salt, , , 
48,176.0,104.0,fructose-biphosphate aldolase and triose-phosphate isomerase,kegg:C00354 = 2 kegg:C00111,CHB_40595 = 2 CHB_16108,"D-fructose 1,6-bisphosphate(aq) = 2 glycerone phosphate(aq)",Meyerhof O.; Biochem. Z.; 277 77 (1935).,35MEY_1101, , ,293.15,7.0,0.00037, ,spectrophotometry, ,MgCl2 _ mol/L;(Mg)1(Cl)2=0.06 _ MgCl2 (0.06 mol/L) _ ,4.1.2.13 & 4.1.2.13 & 5.3.1.1 & 5.3.1.1, ,0.06 salt, , , 
49,178.0,102.0,fructose-biphosphate aldolase and triose-phosphate isomerase,kegg:C00354 = 2 kegg:C00111,CHB_40595 = 2 CHB_16108,"D-fructose 1,6-bisphosphate(aq) = 2 glycerone phosphate(aq)",Meyerhof O.; Biochem. Z.; 277 77 (1935).,35MEY_1101, , ,293.15,7.0,0.00029, ,spectrophotometry, ,MgCl2 _ mol/L;(Mg)1(Cl)2=0.12 _ MgCl2 (0.12 mol/L) _ ,4.1.2.13 & 4.1.2.13 & 5.3.1.1 & 5.3.1.1, ,0.12 salt, , , 
50,179.0,101.0,fructose-biphosphate aldolase and triose-phosphate isomerase,kegg:C00354 = 2 kegg:C00111,CHB_40595 = 2 CHB_16108,"D-fructose 1,6-bisphosphate(aq) = 2 glycerone phosphate(aq)",Meyerhof O.; Biochem. Z.; 277 77 (1935).,35MEY_1101, , ,293.15,7.0,0.00035, ,spectrophotometry, ,MgCl2 _ mol/L;(Mg)1(Cl)2=0.12 _ MgCl2 (0.12 mol/L) _ ,4.1.2.13 & 4.1.2.13 & 5.3.1.1 & 5.3.1.1, ,0.12 salt, , , 
51,181.0,118.0,fructose-biphosphate aldolase and triose-phosphate isomerase,kegg:C00354 = 2 kegg:C00111,CHB_40595 = 2 CHB_16108,"D-fructose 1,6-bisphosphate(aq) = 2 glycerone phosphate(aq)",Meyerhof O.; Biochem. Z.; 277 77 (1935).,35MEY_1101, , ,293.15,7.0,0.00035, ,spectrophotometry, ,MgCl2 _ mol/L;(Mg)1(Cl)2=0.24 _ MgCl2 (0.24 mol/L) _ ,4.1.2.13 & 4.1.2.13 & 5.3.1.1 & 5.3.1.1, ,0.24 salt, , , 
52,182.0,99.0,fructose-biphosphate aldolase and triose-phosphate isomerase,kegg:C00354 = 2 kegg:C00111,CHB_40595 = 2 CHB_16108,"D-fructose 1,6-bisphosphate(aq) = 2 glycerone phosphate(aq)",Meyerhof O.; Biochem. Z.; 277 77 (1935).,35MEY_1101, , ,293.15,7.0,0.00055, ,spectrophotometry, ,Na2SO4 _ mol/L;(Na)2(SO4)1=0.2 _ Na2SO4 (0.2 mol/L) _ ,4.1.2.13 & 4.1.2.13 & 5.3.1.1 & 5.3.1.1, ,0.2 salt, , , 
53,183.0,106.0,fructose-biphosphate aldolase and triose-phosphate isomerase,kegg:C00354 = 2 kegg:C00111,CHB_40595 = 2 CHB_16108,"D-fructose 1,6-bisphosphate(aq) = 2 glycerone phosphate(aq)",Meyerhof O.; Biochem. Z.; 277 77 (1935).,35MEY_1101, , ,293.15,7.0,0.0011, ,spectrophotometry, ,NaCl _ mol/L;(Na)1(Cl)1=0.043 _ NaCl (0.043 mol/L) _ ,4.1.2.13 & 4.1.2.13 & 5.3.1.1 & 5.3.1.1, ,0.043 salt, , , 
54,184.0,97.0,fructose-biphosphate aldolase and triose-phosphate isomerase,kegg:C00354 = 2 kegg:C00111,CHB_40595 = 2 CHB_16108,"D-fructose 1,6-bisphosphate(aq) = 2 glycerone phosphate(aq)",Meyerhof O.; Biochem. Z.; 277 77 (1935).,35MEY_1101, , ,293.15,7.0,0.00075, ,spectrophotometry, ,NaCl _ mol/L;(Na)1(Cl)1=0.21 _ NaCl (0.21 mol/L) _ ,4.1.2.13 & 4.1.2.13 & 5.3.1.1 & 5.3.1.1, ,0.21 salt, , , 
55,185.0,98.0,fructose-biphosphate aldolase and triose-phosphate isomerase,kegg:C00354 = 2 kegg:C00111,CHB_40595 = 2 CHB_16108,"D-fructose 1,6-bisphosphate(aq) = 2 glycerone phosphate(aq)",Meyerhof O.; Biochem. Z.; 277 77 (1935).,35MEY_1101, , ,293.15,7.0,0.00047, ,spectrophotometry, ,NaCl _ mol/L;(Na)1(Cl)1=0.9 _ NaCl (0.9 mol/L) _ ,4.1.2.13 & 4.1.2.13 & 5.3.1.1 & 5.3.1.1, ,0.90 salt, , , 
56,187.0,117.0,fructose-biphosphate aldolase and triose-phosphate isomerase,kegg:C00354 = 2 kegg:C00111,CHB_40595 = 2 CHB_16108,"D-fructose 1,6-bisphosphate(aq) = 2 glycerone phosphate(aq)",Meyerhof O.; Biochem. Z.; 277 77 (1935).,35MEY_1101, , ,293.15,7.0,0.0015, ,spectrophotometry, ,  _ none _ ,4.1.2.13 & 4.1.2.13 & 5.3.1.1 & 5.3.1.1, , , , , 
57,162.0,116.0,fructose-biphosphate aldolase and triose-phosphate isomerase,kegg:C00354 = 2 kegg:C00111,CHB_40595 = 2 CHB_16108,"D-fructose 1,6-bisphosphate(aq) = 2 glycerone phosphate(aq)",Meyerhof O.; Biochem. Z.; 277 77 (1935).,35MEY_1101, , ,313.15,7.0,0.0056, ,spectrophotometry, ,MgCl2 _ mol/L;(Mg)1(Cl)2=0.0012 _ MgCl2 (0.0012 mol/L) _ ,4.1.2.13 & 4.1.2.13 & 5.3.1.1 & 5.3.1.1, ,0.0012 salt, , , 
58,167.0,109.0,fructose-biphosphate aldolase and triose-phosphate isomerase,kegg:C00354 = 2 kegg:C00111,CHB_40595 = 2 CHB_16108,"D-fructose 1,6-bisphosphate(aq) = 2 glycerone phosphate(aq)",Meyerhof O.; Biochem. Z.; 277 77 (1935).,35MEY_1101, , ,313.15,7.0,0.0025, ,spectrophotometry, ,MgCl2 _ mol/L;(Mg)1(Cl)2=0.006 _ MgCl2 (0.006 mol/L) _ ,4.1.2.13 & 4.1.2.13 & 5.3.1.1 & 5.3.1.1, ,0.006 salt, , , 
59,170.0,108.0,fructose-biphosphate aldolase and triose-phosphate isomerase,kegg:C00354 = 2 kegg:C00111,CHB_40595 = 2 CHB_16108,"D-fructose 1,6-bisphosphate(aq) = 2 glycerone phosphate(aq)",Meyerhof O.; Biochem. Z.; 277 77 (1935).,35MEY_1101, , ,313.15,7.0,0.002, ,spectrophotometry, ,MgCl2 _ mol/L;(Mg)1(Cl)2=0.012 _ MgCl2 (0.012 mol/L) _ ,4.1.2.13 & 4.1.2.13 & 5.3.1.1 & 5.3.1.1, ,0.012 salt, , , 
60,173.0,112.0,fructose-biphosphate aldolase and triose-phosphate isomerase,kegg:C00354 = 2 kegg:C00111,CHB_40595 = 2 CHB_16108,"D-fructose 1,6-bisphosphate(aq) = 2 glycerone phosphate(aq)",Meyerhof O.; Biochem. Z.; 277 77 (1935).,35MEY_1101, , ,313.15,7.0,0.0014, ,spectrophotometry, ,MgCl2 _ mol/L;(Mg)1(Cl)2=0.031 _ MgCl2 (0.031 mol/L) _ ,4.1.2.13 & 4.1.2.13 & 5.3.1.1 & 5.3.1.1, ,0.031 salt, , , 
61,188.0,94.0,fructose-biphosphate aldolase and triose-phosphate isomerase,kegg:C00354 = 2 kegg:C00111,CHB_40595 = 2 CHB_16108,"D-fructose 1,6-bisphosphate(aq) = 2 glycerone phosphate(aq)",Meyerhof O.; Biochem. Z.; 277 77 (1935).,35MEY_1101, , ,313.15,7.0,0.0064, ,spectrophotometry, ,  _ none _ ,4.1.2.13 & 4.1.2.13 & 5.3.1.1 & 5.3.1.1, , , , , 
62,163.0,115.0,fructose-biphosphate aldolase and triose-phosphate isomerase,kegg:C00354 = 2 kegg:C00111,CHB_40595 = 2 CHB_16108,"D-fructose 1,6-bisphosphate(aq) = 2 glycerone phosphate(aq)",Meyerhof O.; Biochem. Z.; 277 77 (1935).,35MEY_1101, , ,333.15,7.0,0.015, ,spectrophotometry, ,MgCl2 _ mol/L;(Mg)1(Cl)2=0.0012 _ MgCl2 (0.0012 mol/L) _ ,4.1.2.13 & 4.1.2.13 & 5.3.1.1 & 5.3.1.1, ,0.0012 salt, , , 
63,168.0,111.0,fructose-biphosphate aldolase and triose-phosphate isomerase,kegg:C00354 = 2 kegg:C00111,CHB_40595 = 2 CHB_16108,"D-fructose 1,6-bisphosphate(aq) = 2 glycerone phosphate(aq)",Meyerhof O.; Biochem. Z.; 277 77 (1935).,35MEY_1101, , ,333.15,7.0,0.0082, ,spectrophotometry, ,MgCl2 _ mol/L;(Mg)1(Cl)2=0.006 _ MgCl2 (0.006 mol/L) _ ,4.1.2.13 & 4.1.2.13 & 5.3.1.1 & 5.3.1.1, ,0.006 salt, , , 
64,171.0,110.0,fructose-biphosphate aldolase and triose-phosphate isomerase,kegg:C00354 = 2 kegg:C00111,CHB_40595 = 2 CHB_16108,"D-fructose 1,6-bisphosphate(aq) = 2 glycerone phosphate(aq)",Meyerhof O.; Biochem. Z.; 277 77 (1935).,35MEY_1101, , ,333.15,7.0,0.0056, ,spectrophotometry, ,MgCl2 _ mol/L;(Mg)1(Cl)2=0.012 _ MgCl2 (0.012 mol/L) _ ,4.1.2.13 & 4.1.2.13 & 5.3.1.1 & 5.3.1.1, ,0.012 salt, , , 
65,174.0,119.0,fructose-biphosphate aldolase and triose-phosphate isomerase,kegg:C00354 = 2 kegg:C00111,CHB_40595 = 2 CHB_16108,"D-fructose 1,6-bisphosphate(aq) = 2 glycerone phosphate(aq)",Meyerhof O.; Biochem. Z.; 277 77 (1935).,35MEY_1101, , ,333.15,7.0,0.0046, ,spectrophotometry, ,MgCl2 _ mol/L;(Mg)1(Cl)2=0.031 _ MgCl2 (0.031 mol/L) _ ,4.1.2.13 & 4.1.2.13 & 5.3.1.1 & 5.3.1.1, ,0.031 salt, , , 
66,180.0,103.0,fructose-biphosphate aldolase and triose-phosphate isomerase,kegg:C00354 = 2 kegg:C00111,CHB_40595 = 2 CHB_16108,"D-fructose 1,6-bisphosphate(aq) = 2 glycerone phosphate(aq)",Meyerhof O.; Biochem. Z.; 277 77 (1935).,35MEY_1101, , ,333.15,7.0,0.0012, ,spectrophotometry, ,MgCl2 _ mol/L;(Mg)1(Cl)2=0.12 _ MgCl2 (0.12 mol/L) _ ,4.1.2.13 & 4.1.2.13 & 5.3.1.1 & 5.3.1.1, ,0.12 salt, , , 
67,189.0,95.0,fructose-biphosphate aldolase and triose-phosphate isomerase,kegg:C00354 = 2 kegg:C00111,CHB_40595 = 2 CHB_16108,"D-fructose 1,6-bisphosphate(aq) = 2 glycerone phosphate(aq)",Meyerhof O.; Biochem. Z.; 277 77 (1935).,35MEY_1101, , ,333.15,7.0,0.019, ,spectrophotometry, ,  _ none _ ,4.1.2.13 & 4.1.2.13 & 5.3.1.1 & 5.3.1.1, , , , , 
68,,1380.0,triose-phosphate isomerase and fructose-bisphosphate aldolase,kegg:C00354 = 2 kegg:C00111, ,"D-fructose 1,6-bisphosphate(aq) = 2 glycerone phosphate(aq)",Meyerhof O.; Biochem. Z.; 277 77 (1935).,35MEY_1289, , ,273.15,7.0,0.00014, ,spectrophotometry, ,MgCl2,4.1.2.13 & 5.3.1.1, ,0.006 salt, , , 
69,,1382.0,triose-phosphate isomerase and fructose-bisphosphate aldolase,kegg:C00354 = 2 kegg:C00111, ,"D-fructose 1,6-bisphosphate(aq) = 2 glycerone phosphate(aq)",Meyerhof O.; Biochem. Z.; 277 77 (1935).,35MEY_1289, , ,273.15,7.0,7.10E-05, ,spectrophotometry, ,MgCl2,4.1.2.13 & 5.3.1.1, ,0.12 salt, , , 
70,,1358.0,triose-phosphate isomerase and fructose-bisphosphate aldolase,kegg:C00354 = 2 kegg:C00111, ,"D-fructose 1,6-bisphosphate(aq) = 2 glycerone phosphate(aq)",Meyerhof O.; Biochem. Z.; 277 77 (1935).,35MEY_1289, , ,273.15,7.0,0.00032, ,spectrophotometry, , ,4.1.2.13 & 5.3.1.1, , , , , 
71,,1373.0,triose-phosphate isomerase and fructose-bisphosphate aldolase,kegg:C00354 = 2 kegg:C00111, ,"D-fructose 1,6-bisphosphate(aq) = 2 glycerone phosphate(aq)",Meyerhof O.; Biochem. Z.; 277 77 (1935).,35MEY_1289, , ,293.15,7.0,0.0014, ,spectrophotometry, ,MgCl2,4.1.2.13 & 5.3.1.1, ,0.0012 salt, , , 
72,,1362.0,triose-phosphate isomerase and fructose-bisphosphate aldolase,kegg:C00354 = 2 kegg:C00111, ,"D-fructose 1,6-bisphosphate(aq) = 2 glycerone phosphate(aq)",Meyerhof O.; Biochem. Z.; 277 77 (1935).,35MEY_1289, , ,293.15,7.0,0.0011, ,spectrophotometry, ,MgCl2,4.1.2.13 & 5.3.1.1, ,0.0025 salt, , , 
73,,1387.0,triose-phosphate isomerase and fructose-bisphosphate aldolase,kegg:C00354 = 2 kegg:C00111, ,"D-fructose 1,6-bisphosphate(aq) = 2 glycerone phosphate(aq)",Meyerhof O.; Biochem. Z.; 277 77 (1935).,35MEY_1289, , ,293.15,7.0,0.00064, ,spectrophotometry, ,MgCl2,4.1.2.13 & 5.3.1.1, ,0.006 salt, , , 
74,,1371.0,triose-phosphate isomerase and fructose-bisphosphate aldolase,kegg:C00354 = 2 kegg:C00111, ,"D-fructose 1,6-bisphosphate(aq) = 2 glycerone phosphate(aq)",Meyerhof O.; Biochem. Z.; 277 77 (1935).,35MEY_1289, , ,293.15,7.0,0.00051, ,spectrophotometry, ,MgCl2,4.1.2.13 & 5.3.1.1, ,0.012 salt, , , 
75,,1370.0,triose-phosphate isomerase and fructose-bisphosphate aldolase,kegg:C00354 = 2 kegg:C00111, ,"D-fructose 1,6-bisphosphate(aq) = 2 glycerone phosphate(aq)",Meyerhof O.; Biochem. Z.; 277 77 (1935).,35MEY_1289, , ,293.15,7.0,0.00031, ,spectrophotometry, ,MgCl2,4.1.2.13 & 5.3.1.1, ,0.031 salt, , , 
76,,1366.0,triose-phosphate isomerase and fructose-bisphosphate aldolase,kegg:C00354 = 2 kegg:C00111, ,"D-fructose 1,6-bisphosphate(aq) = 2 glycerone phosphate(aq)",Meyerhof O.; Biochem. Z.; 277 77 (1935).,35MEY_1289, , ,293.15,7.0,0.00035, ,spectrophotometry, ,MgCl2,4.1.2.13 & 5.3.1.1, ,0.06 salt, , , 
77,,1386.0,triose-phosphate isomerase and fructose-bisphosphate aldolase,kegg:C00354 = 2 kegg:C00111, ,"D-fructose 1,6-bisphosphate(aq) = 2 glycerone phosphate(aq)",Meyerhof O.; Biochem. Z.; 277 77 (1935).,35MEY_1289, , ,293.15,7.0,0.00037, ,spectrophotometry, ,MgCl2,4.1.2.13 & 5.3.1.1, ,0.06 salt, , , 
78,,1368.0,triose-phosphate isomerase and fructose-bisphosphate aldolase,kegg:C00354 = 2 kegg:C00111, ,"D-fructose 1,6-bisphosphate(aq) = 2 glycerone phosphate(aq)",Meyerhof O.; Biochem. Z.; 277 77 (1935).,35MEY_1289, , ,293.15,7.0,0.00029, ,spectrophotometry, ,MgCl2,4.1.2.13 & 5.3.1.1, ,0.12 salt, , , 
79,,1367.0,triose-phosphate isomerase and fructose-bisphosphate aldolase,kegg:C00354 = 2 kegg:C00111, ,"D-fructose 1,6-bisphosphate(aq) = 2 glycerone phosphate(aq)",Meyerhof O.; Biochem. Z.; 277 77 (1935).,35MEY_1289, , ,293.15,7.0,0.00035, ,spectrophotometry, ,MgCl2,4.1.2.13 & 5.3.1.1, ,0.12 salt, , , 
80,,1384.0,triose-phosphate isomerase and fructose-bisphosphate aldolase,kegg:C00354 = 2 kegg:C00111, ,"D-fructose 1,6-bisphosphate(aq) = 2 glycerone phosphate(aq)",Meyerhof O.; Biochem. Z.; 277 77 (1935).,35MEY_1289, , ,293.15,7.0,0.00035, ,spectrophotometry, ,MgCl2,4.1.2.13 & 5.3.1.1, ,0.24 salt, , , 
81,,1365.0,triose-phosphate isomerase and fructose-bisphosphate aldolase,kegg:C00354 = 2 kegg:C00111, ,"D-fructose 1,6-bisphosphate(aq) = 2 glycerone phosphate(aq)",Meyerhof O.; Biochem. Z.; 277 77 (1935).,35MEY_1289, , ,293.15,7.0,0.00055, ,spectrophotometry, ,Na2SO4,4.1.2.13 & 5.3.1.1, ,0.2 salt, , , 
82,,1372.0,triose-phosphate isomerase and fructose-bisphosphate aldolase,kegg:C00354 = 2 kegg:C00111, ,"D-fructose 1,6-bisphosphate(aq) = 2 glycerone phosphate(aq)",Meyerhof O.; Biochem. Z.; 277 77 (1935).,35MEY_1289, , ,293.15,7.0,0.0011, ,spectrophotometry, ,NaCl,4.1.2.13 & 5.3.1.1, ,0.043 salt, , , 
83,,1363.0,triose-phosphate isomerase and fructose-bisphosphate aldolase,kegg:C00354 = 2 kegg:C00111, ,"D-fructose 1,6-bisphosphate(aq) = 2 glycerone phosphate(aq)",Meyerhof O.; Biochem. Z.; 277 77 (1935).,35MEY_1289, , ,293.15,7.0,0.00075, ,spectrophotometry, ,NaCl,4.1.2.13 & 5.3.1.1, ,0.21 salt, , , 
84,,1364.0,triose-phosphate isomerase and fructose-bisphosphate aldolase,kegg:C00354 = 2 kegg:C00111, ,"D-fructose 1,6-bisphosphate(aq) = 2 glycerone phosphate(aq)",Meyerhof O.; Biochem. Z.; 277 77 (1935).,35MEY_1289, , ,293.15,7.0,0.00047, ,spectrophotometry, ,NaCl,4.1.2.13 & 5.3.1.1, ,0.90 salt, , , 
85,,1359.0,triose-phosphate isomerase and fructose-bisphosphate aldolase,kegg:C00354 = 2 kegg:C00111, ,"D-fructose 1,6-bisphosphate(aq) = 2 glycerone phosphate(aq)",Meyerhof O.; Biochem. Z.; 277 77 (1935).,35MEY_1289, , ,293.15,7.0,0.0015, ,spectrophotometry, , ,4.1.2.13 & 5.3.1.1, , , , , 
86,,1385.0,triose-phosphate isomerase and fructose-bisphosphate aldolase,kegg:C00354 = 2 kegg:C00111, ,"D-fructose 1,6-bisphosphate(aq) = 2 glycerone phosphate(aq)",Meyerhof O.; Biochem. Z.; 277 77 (1935).,35MEY_1289, , ,313.15,7.0,0.0056, ,spectrophotometry, ,MgCl2,4.1.2.13 & 5.3.1.1, ,0.0012 salt, , , 
87,,1378.0,triose-phosphate isomerase and fructose-bisphosphate aldolase,kegg:C00354 = 2 kegg:C00111, ,"D-fructose 1,6-bisphosphate(aq) = 2 glycerone phosphate(aq)",Meyerhof O.; Biochem. Z.; 277 77 (1935).,35MEY_1289, , ,313.15,7.0,0.0025, ,spectrophotometry, ,MgCl2,4.1.2.13 & 5.3.1.1, ,0.006 salt, , , 
88,,1383.0,triose-phosphate isomerase and fructose-bisphosphate aldolase,kegg:C00354 = 2 kegg:C00111, ,"D-fructose 1,6-bisphosphate(aq) = 2 glycerone phosphate(aq)",Meyerhof O.; Biochem. Z.; 277 77 (1935).,35MEY_1289, , ,313.15,7.0,0.002, ,spectrophotometry, ,MgCl2,4.1.2.13 & 5.3.1.1, ,0.012 salt, , , 
89,,1374.0,triose-phosphate isomerase and fructose-bisphosphate aldolase,kegg:C00354 = 2 kegg:C00111, ,"D-fructose 1,6-bisphosphate(aq) = 2 glycerone phosphate(aq)",Meyerhof O.; Biochem. Z.; 277 77 (1935).,35MEY_1289, , ,313.15,7.0,0.0014, ,spectrophotometry, ,MgCl2,4.1.2.13 & 5.3.1.1, ,0.031 salt, , , 
90,,1360.0,triose-phosphate isomerase and fructose-bisphosphate aldolase,kegg:C00354 = 2 kegg:C00111, ,"D-fructose 1,6-bisphosphate(aq) = 2 glycerone phosphate(aq)",Meyerhof O.; Biochem. Z.; 277 77 (1935).,35MEY_1289, , ,313.15,7.0,0.0064, ,spectrophotometry, , ,4.1.2.13 & 5.3.1.1, , , , , 
91,,1377.0,triose-phosphate isomerase and fructose-bisphosphate aldolase,kegg:C00354 = 2 kegg:C00111, ,"D-fructose 1,6-bisphosphate(aq) = 2 glycerone phosphate(aq)",Meyerhof O.; Biochem. Z.; 277 77 (1935).,35MEY_1289, , ,333.15,7.0,0.015, ,spectrophotometry, ,MgCl2,4.1.2.13 & 5.3.1.1, ,0.0012 salt, , , 
92,,1381.0,triose-phosphate isomerase and fructose-bisphosphate aldolase,kegg:C00354 = 2 kegg:C00111, ,"D-fructose 1,6-bisphosphate(aq) = 2 glycerone phosphate(aq)",Meyerhof O.; Biochem. Z.; 277 77 (1935).,35MEY_1289, , ,333.15,7.0,0.0082, ,spectrophotometry, ,MgCl2,4.1.2.13 & 5.3.1.1, ,0.006 salt, , , 
93,,1376.0,triose-phosphate isomerase and fructose-bisphosphate aldolase,kegg:C00354 = 2 kegg:C00111, ,"D-fructose 1,6-bisphosphate(aq) = 2 glycerone phosphate(aq)",Meyerhof O.; Biochem. Z.; 277 77 (1935).,35MEY_1289, , ,333.15,7.0,0.0056, ,spectrophotometry, ,MgCl2,4.1.2.13 & 5.3.1.1, ,0.012 salt, , , 
94,,1375.0,triose-phosphate isomerase and fructose-bisphosphate aldolase,kegg:C00354 = 2 kegg:C00111, ,"D-fructose 1,6-bisphosphate(aq) = 2 glycerone phosphate(aq)",Meyerhof O.; Biochem. Z.; 277 77 (1935).,35MEY_1289, , ,333.15,7.0,0.0046, ,spectrophotometry, ,MgCl2,4.1.2.13 & 5.3.1.1, ,0.031 salt, , , 
95,,1369.0,triose-phosphate isomerase and fructose-bisphosphate aldolase,kegg:C00354 = 2 kegg:C00111, ,"D-fructose 1,6-bisphosphate(aq) = 2 glycerone phosphate(aq)",Meyerhof O.; Biochem. Z.; 277 77 (1935).,35MEY_1289, , ,333.15,7.0,0.0012, ,spectrophotometry, ,MgCl2,4.1.2.13 & 5.3.1.1, ,0.12 salt, , , 
96,,1361.0,triose-phosphate isomerase and fructose-bisphosphate aldolase,kegg:C00354 = 2 kegg:C00111, ,"D-fructose 1,6-bisphosphate(aq) = 2 glycerone phosphate(aq)",Meyerhof O.; Biochem. Z.; 277 77 (1935).,35MEY_1289, , ,333.15,7.0,0.019, ,spectrophotometry, , ,4.1.2.13 & 5.3.1.1, , , , , 
97,195.0,1295.0,alcohol dehydrogenase,kegg:C00469 + kegg:C00003 = kegg:C00084 + kegg:C00004,CHB_15846 + CHB_16236 = CHB_15343 + CHB_16908,ethanol(aq) + NAD(aq) = acetaldehyde(aq) + NADH(aq),von Euler H.; Adler E.; Hellstrvm H.; Hoppe-Seyler's Z. Physiol. Chem.; 241 239 (1936).,36EUL/ADL_7, , ,298.15,6.4,1.30E-05, ,spectrophotometry,phosphate,   ,1.1.1.1, , , , , 
98,196.0,1296.0,alcohol dehydrogenase,kegg:C00469 + kegg:C00003 = kegg:C00084 + kegg:C00004,CHB_15846 + CHB_16236 = CHB_15343 + CHB_16908,ethanol(aq) + NAD(aq) = acetaldehyde(aq) + NADH(aq),von Euler H.; Adler E.; Hellstrvm H.; Hoppe-Seyler's Z. Physiol. Chem.; 241 239 (1936).,36EUL/ADL_7, , ,298.15,7.0,5.30E-05, ,spectrophotometry,phosphate,   ,1.1.1.1, , , , , 
99,197.0,1297.0,alcohol dehydrogenase,kegg:C00469 + kegg:C00003 = kegg:C00084 + kegg:C00004,CHB_15846 + CHB_16236 = CHB_15343 + CHB_16908,ethanol(aq) + NAD(aq) = acetaldehyde(aq) + NADH(aq),von Euler H.; Adler E.; Hellstrvm H.; Hoppe-Seyler's Z. Physiol. Chem.; 241 239 (1936).,36EUL/ADL_7, , ,298.15,7.7,0.00013, ,spectrophotometry,phosphate,   ,1.1.1.1, , , , , 
100,198.0,2523.0,creatine kinase,kegg:C00002 + kegg:C00300 = kegg:C00008 + kegg:C02305,CHB_15422 + CHB_16919 = CHB_16761 + CHB_17287,ATP(aq) + creatine(aq) = ADP(aq) + phosphocreatine(aq),Lehman H.; Biochem. Z.; 286 336 (1936).,36LEH_589, , ,293.15,7.7,0.13, ,chemical analysis,carbonate + bicarbonate,   ,2.7.3.2, , , , , 
101,199.0,2524.0,creatine kinase,kegg:C00002 + kegg:C00300 = kegg:C00008 + kegg:C02305,CHB_15422 + CHB_16919 = CHB_16761 + CHB_17287,ATP(aq) + creatine(aq) = ADP(aq) + phosphocreatine(aq),Lehman H.; Biochem. Z.; 286 336 (1936).,36LEH_589, , ,293.15,8.8,0.48, ,chemical analysis,carbonate + bicarbonate,   ,2.7.3.2, , , , , 
102,200.0,3773.0,arginine kinase,kegg:C00002 + kegg:C00062 = kegg:C00008 + kegg:C05945,CHB_15422 + CHB_16467 = CHB_16761 + CHB_18412,ATP(aq) + L-arginine(aq) = ADP(aq) + NÏ‰-phospho-L-arginine(aq),Lehman H.; Biochem. Z.; 286 336 (1936).,36LEH_614, , ,293.15,7.7,0.323, ,chemical analysis,carbonate + bicarbonate,   ,2.7.3.3, , , , , 
103,201.0, ,fructose-biphosphate aldolase, ,MAN_10010 = CHB_15343 + CHB_16108,methylerythrulose 1-phosphate(aq) = acetaldehyde(aq) + glycerone phosphate(aq),Meyerhof O.; Lohmann K.; Schuster Ph.; Biochem. Z.; 286 301 (1936).,36MEY/LOH_1099, , ,273.15, ,0.0021, ,chemical analysis,phosphate,   ,4.1.2.13, , , , , 
104,202.0, ,fructose-biphosphate aldolase, ,MAN_10010 = CHB_15343 + CHB_16108,methylerythrulose 1-phosphate(aq) = acetaldehyde(aq) + glycerone phosphate(aq),Meyerhof O.; Lohmann K.; Schuster Ph.; Biochem. Z.; 286 301 (1936).,36MEY/LOH_1099, , ,293.15, ,0.0029, ,chemical analysis,phosphate,   ,4.1.2.13, , , , , 
105,203.0, ,fructose-biphosphate aldolase, ,MAN_10010 = CHB_15343 + CHB_16108,methylerythrulose 1-phosphate(aq) = acetaldehyde(aq) + glycerone phosphate(aq),Meyerhof O.; Lohmann K.; Schuster Ph.; Biochem. Z.; 286 301 (1936).,36MEY/LOH_1099, , ,313.15, ,0.0067, ,chemical analysis,phosphate,   ,4.1.2.13, , , , , 
106,,1533.0,fructose-biphosphate aldolase,kegg:C01094 = kegg:C00577 + kegg:C00111, ,D-fructose 1-phosphate(aq) = D-glyceraldehyde(aq) + glycerone phosphate(aq),Meyerhof O.; Schulz W.; Biochem. Z. 289 87 (1936).,36MEY/SCH_1096, , ,298.15, , , ,calorimetry,phosphate, ,4.1.2.13, , , , ,-60.2
107,204.0, ,_-glucosidase, ,CHB_15377 + PBC_11096585 = CHB_28885 + CHB_4167,1-butyl Î²-D-glucopyranoside(aq) + H2O(l) = 1-butanol(aq) + D-glucose(aq),Veibel S.; Enzymologia; 1 124 (1936).,36VEI_914, , ,277.15, ,8.63, ,polarimetry, ,   ,3.2.1.21, , , , , 
108,205.0, ,_-glucosidase, ,CHB_15377 + PBC_11096585 = CHB_28885 + CHB_4167,1-butyl Î²-D-glucopyranoside(aq) + H2O(l) = 1-butanol(aq) + D-glucose(aq),Veibel S.; Enzymologia; 1 124 (1936).,36VEI_914, , ,303.15, ,9.48, ,polarimetry, ,   ,3.2.1.21, , , , , 
109,208.0, ,_-glucosidase, ,CHB_15377 + MAN_10030 = CHB_35687 + CHB_4167,2-butyl Î²-D-glucopyranoside(aq) + H2O(l) = (1)-2-butanol(aq) + D-glucose(aq),Veibel S.; Enzymologia; 1 124 (1936).,36VEI_915, , ,277.15, ,18.5, ,polarimetry, ,   ,3.2.1.21, , , , , 
110,209.0, ,_-glucosidase, ,CHB_15377 + MAN_10030 = CHB_35687 + CHB_4167,2-butyl Î²-D-glucopyranoside(aq) + H2O(l) = (1)-2-butanol(aq) + D-glucose(aq),Veibel S.; Enzymologia; 1 124 (1936).,36VEI_915, , ,303.15, ,21.1, ,polarimetry, ,   ,3.2.1.21, , , , , 
111,216.0, ,_-glucosidase, ,CHB_15377 + PBC_11127487 = CHB_16236 + CHB_4167,ethyl Î²-D-glucopyranoside(aq) + H2O(l) = ethanol(aq) + D-glucose(aq),Veibel S.; Enzymologia; 1 124 (1936).,36VEI_917, , ,277.15, ,7.08, ,polarimetry, ,   ,3.2.1.21, , , , , 
112,217.0, ,_-glucosidase, ,CHB_15377 + PBC_11127487 = CHB_16236 + CHB_4167,ethyl Î²-D-glucopyranoside(aq) + H2O(l) = ethanol(aq) + D-glucose(aq),Veibel S.; Enzymologia; 1 124 (1936).,36VEI_917, , ,303.15, ,7.88, ,polarimetry, ,   ,3.2.1.21, , , , , 
113,218.0, ,_-glucosidase, ,CHB_15377 + CHB_320061 = CHB_17790 + CHB_4167,methyl Î²-D-glucopyranoside(aq) + H2O(l) = methanol(aq) + D-glucose(aq),Veibel S.; Enzymologia; 1 124 (1936).,36VEI_922, , ,277.15, ,4.5, ,polarimetry, ,   ,3.2.1.21, , , , , 
114,219.0, ,_-glucosidase, ,CHB_15377 + CHB_320061 = CHB_17790 + CHB_4167,methyl Î²-D-glucopyranoside(aq) + H2O(l) = methanol(aq) + D-glucose(aq),Veibel S.; Enzymologia; 1 124 (1936).,36VEI_922, , ,303.15, ,4.73, ,polarimetry, ,   ,3.2.1.21, , , , , 
115,210.0, ,_-glucosidase, ,CHB_15377 + MAN_10100 = CHB_4167 + CHB_46645,2-methyl-1-propyl Î²-D-glucopyranoside(aq) + H2O(l) = 2-methyl-1-propanol(aq) + D-glucose(aq),Veibel S.; Enzymologia; 1 124 (1936).,36VEI_923, , ,277.15, ,11.2, ,polarimetry, ,   ,3.2.1.21, , , , , 
116,211.0, ,_-glucosidase, ,CHB_15377 + MAN_10100 = CHB_4167 + CHB_46645,2-methyl-1-propyl Î²-D-glucopyranoside(aq) + H2O(l) = 2-methyl-1-propanol(aq) + D-glucose(aq),Veibel S.; Enzymologia; 1 124 (1936).,36VEI_923, , ,303.15, ,11.9, ,polarimetry, ,   ,3.2.1.21, , , , , 
117,212.0, ,_-glucosidase, ,CHB_15377 + MAN_10025 = CHB_4167 + CHB_45895,2-methyl-2-propyl Î²-D-glucopyranoside(aq) + H2O(l) = 2-methyl-2-propanol(aq) + D-glucose(aq),Veibel S.; Enzymologia; 1 124 (1936).,36VEI_924, , ,277.15, ,45, ,polarimetry, ,   ,3.2.1.21, , , , , 
118,213.0, ,_-glucosidase, ,CHB_15377 + MAN_10025 = CHB_4167 + CHB_45895,2-methyl-2-propyl Î²-D-glucopyranoside(aq) + H2O(l) = 2-methyl-2-propanol(aq) + D-glucose(aq),Veibel S.; Enzymologia; 1 124 (1936).,36VEI_924, , ,303.15, ,57, ,polarimetry, ,   ,3.2.1.21, , , , , 
119,206.0, ,_-glucosidase, ,CHB_15377 + PBC_14393376 = CHB_28831 + CHB_4167,1-propyl Î²-D-glucopyranoside(aq) + H2O(l) = 1-propanol(aq) + D-glucose(aq),Veibel S.; Enzymologia; 1 124 (1936).,36VEI_925, , ,277.15, ,8.92, ,polarimetry, ,   ,3.2.1.21, , , , , 
120,207.0, ,_-glucosidase, ,CHB_15377 + PBC_14393376 = CHB_28831 + CHB_4167,1-propyl Î²-D-glucopyranoside(aq) + H2O(l) = 1-propanol(aq) + D-glucose(aq),Veibel S.; Enzymologia; 1 124 (1936).,36VEI_925, , ,303.15, ,9.98, ,polarimetry, ,   ,3.2.1.21, , , , , 
121,214.0, ,_-glucosidase, ,CHB_15377 + MAN_10066 = CHB_17824 + CHB_4167,2-propyl Î²-D-glucopyranoside(aq) + H2O(l) = 2-propanol(aq) + D-glucose(aq),Veibel S.; Enzymologia; 1 124 (1936).,36VEI_926, , ,277.15, ,19, ,polarimetry, ,   ,3.2.1.21, , , , , 
122,215.0, ,_-glucosidase, ,CHB_15377 + MAN_10066 = CHB_17824 + CHB_4167,2-propyl Î²-D-glucopyranoside(aq) + H2O(l) = 2-propanol(aq) + D-glucose(aq),Veibel S.; Enzymologia; 1 124 (1936).,36VEI_926, , ,303.15, ,22.7, ,polarimetry, ,   ,3.2.1.21, , , , , 
123,220.0,1309.0,alcohol dehydrogenase,kegg:C00469 + kegg:C00003 = kegg:C00084 + kegg:C00004,CHB_15846 + CHB_16236 = CHB_15343 + CHB_16908,ethanol(aq) + NAD(aq) = acetaldehyde(aq) + NADH(aq),Adler E.; Sreenivasaya M.; Hoppe-Seyler's Z. Physiol. Chem.; 249 24 (1937).,37ADL/SRE_8, , ,298.15,6.05,6.00E-06, ,spectrophotometry, ,   ,1.1.1.1, , , , , 
124,222.0,1310.0,alcohol dehydrogenase,kegg:C00469 + kegg:C00003 = kegg:C00084 + kegg:C00004,CHB_15846 + CHB_16236 = CHB_15343 + CHB_16908,ethanol(aq) + NAD(aq) = acetaldehyde(aq) + NADH(aq),Adler E.; Sreenivasaya M.; Hoppe-Seyler's Z. Physiol. Chem.; 249 24 (1937).,37ADL/SRE_8, , ,298.15,7.25,7.70E-05, ,spectrophotometry, ,   ,1.1.1.1, , , , , 
125,221.0,1311.0,alcohol dehydrogenase,kegg:C00469 + kegg:C00003 = kegg:C00084 + kegg:C00004,CHB_15846 + CHB_16236 = CHB_15343 + CHB_16908,ethanol(aq) + NAD(aq) = acetaldehyde(aq) + NADH(aq),Adler E.; Sreenivasaya M.; Hoppe-Seyler's Z. Physiol. Chem.; 249 24 (1937).,37ADL/SRE_8, , ,298.15,8.0,1.20E-05, ,spectrophotometry, ,   ,1.1.1.1, , , , , 
126,236.0,3073.0,glycerol-3-phosphate dehydrogenase (NAD+),kegg:C00093 + kegg:C00003 = kegg:C00111 + kegg:C00004,CHB_15846 + CHB_15978 = CHB_16108 + CHB_16908,sn-glycerol 3-phosphate(aq) + NAD(aq) = dihydroxyacetone phosphate(aq) + NADH(aq),von Euler H.; Adler E.; G|nther G.; Hoppe-Seyler's Z. Physiol. Chem.; 249 1 (1937).,37EUL/ADL2_42, , ,298.15,6.9,1.60E-05, ,spectrophotometry,phosphate,   ,1.1.1.8, , , , , 
127,237.0,3075.0,glycerol-3-phosphate dehydrogenase (NAD+),kegg:C00093 + kegg:C00003 = kegg:C00111 + kegg:C00004,CHB_15846 + CHB_15978 = CHB_16108 + CHB_16908,sn-glycerol 3-phosphate(aq) + NAD(aq) = dihydroxyacetone phosphate(aq) + NADH(aq),von Euler H.; Adler E.; G|nther G.; Hoppe-Seyler's Z. Physiol. Chem.; 249 1 (1937).,37EUL/ADL2_42, , ,298.15,7.6,0.0003, ,spectrophotometry,phosphate,   ,1.1.1.8, , , , , 
128,238.0,3074.0,glycerol-3-phosphate dehydrogenase (NAD+),kegg:C00093 + kegg:C00003 = kegg:C00111 + kegg:C00004,CHB_15846 + CHB_15978 = CHB_16108 + CHB_16908,sn-glycerol 3-phosphate(aq) + NAD(aq) = dihydroxyacetone phosphate(aq) + NADH(aq),von Euler H.; Adler E.; G|nther G.; Hoppe-Seyler's Z. Physiol. Chem.; 249 1 (1937).,37EUL/ADL2_42, , ,298.15,8.1,0.00059, ,spectrophotometry,phosphate,   ,1.1.1.8, , , , , 
129,,3512.0,L-lactate dehydrogenase,kegg:C00186 + kegg:C00003 = kegg:C00022 + kegg:C00004, ,(S)-lactate(aq) + NAD(aq) = pyruvate(aq) + NADH(aq),von Euler H.; Adler E.; G|nther G.; Hellstrvm H.; Hoppe-Seyler's Z. Physiol. Chem.; 245 217 (1937).,37EUL/ADL3_96, , ,298.15,7.4,7.10E-06, ,spectrophotometry,phosphate, ,1.1.1.27, , , , , 
130,,3519.0,L-lactate dehydrogenase,kegg:C00186 + kegg:C00003 = kegg:C00022 + kegg:C00004, ,(S)-lactate(aq) + NAD(aq) = pyruvate(aq) + NADH(aq),von Euler H.; Adler E.; G|nther G.; Hellstrvm H.; Hoppe-Seyler's Z. Physiol. Chem.; 245 217 (1937).,37EUL/ADL3_96, , ,298.15,7.4,9.60E-06, ,spectrophotometry,phosphate, ,1.1.1.27, , , , , 
131,240.0,3518.0,L-lactate dehydrogenase,kegg:C00186 + kegg:C00003 = kegg:C00022 + kegg:C00004,CHB_15846 + CHB_16651 = CHB_15361 + CHB_16908,(S)-lactate(aq) + NAD(aq) = pyruvate(aq) + NADH(aq),von Euler H.; Adler E.; G|nther G.; Hellstrvm H.; Hoppe-Seyler's Z. Physiol. Chem.; 245 217 (1937).,37EUL/ADL3_96, , ,298.15,7.9,3.10E-05, ,spectrophotometry,phosphate,   ,1.1.1.27, , , , , 
132,241.0,3515.0,L-lactate dehydrogenase,kegg:C00186 + kegg:C00003 = kegg:C00022 + kegg:C00004,CHB_15846 + CHB_16651 = CHB_15361 + CHB_16908,(S)-lactate(aq) + NAD(aq) = pyruvate(aq) + NADH(aq),von Euler H.; Adler E.; G|nther G.; Hellstrvm H.; Hoppe-Seyler's Z. Physiol. Chem.; 245 217 (1937).,37EUL/ADL3_96, , ,298.15,8.1,5.00E-05, ,spectrophotometry,phosphate,   ,1.1.1.27, , , , , 
133,243.0,3517.0,L-lactate dehydrogenase,kegg:C00186 + kegg:C00003 = kegg:C00022 + kegg:C00004,CHB_15846 + CHB_16651 = CHB_15361 + CHB_16908,(S)-lactate(aq) + NAD(aq) = pyruvate(aq) + NADH(aq),von Euler H.; Adler E.; G|nther G.; Hellstrvm H.; Hoppe-Seyler's Z. Physiol. Chem.; 245 217 (1937).,37EUL/ADL3_96, , ,298.15,8.2,0.0002, ,spectrophotometry,phosphate,   ,1.1.1.27, , , , , 
134,245.0,3520.0,L-lactate dehydrogenase,kegg:C00186 + kegg:C00003 = kegg:C00022 + kegg:C00004,CHB_15846 + CHB_16651 = CHB_15361 + CHB_16908,(S)-lactate(aq) + NAD(aq) = pyruvate(aq) + NADH(aq),von Euler H.; Adler E.; G|nther G.; Hellstrvm H.; Hoppe-Seyler's Z. Physiol. Chem.; 245 217 (1937).,37EUL/ADL3_96, , ,298.15,8.3,0.00029, ,spectrophotometry,phosphate,   ,1.1.1.27, , , , , 
135,244.0,3513.0,L-lactate dehydrogenase,kegg:C00186 + kegg:C00003 = kegg:C00022 + kegg:C00004,CHB_15846 + CHB_16651 = CHB_15361 + CHB_16908,(S)-lactate(aq) + NAD(aq) = pyruvate(aq) + NADH(aq),von Euler H.; Adler E.; G|nther G.; Hellstrvm H.; Hoppe-Seyler's Z. Physiol. Chem.; 245 217 (1937).,37EUL/ADL3_96, , ,298.15,8.35,0.00029, ,spectrophotometry,phosphate,   ,1.1.1.27, , , , , 
136,242.0,3514.0,L-lactate dehydrogenase,kegg:C00186 + kegg:C00003 = kegg:C00022 + kegg:C00004,CHB_15846 + CHB_16651 = CHB_15361 + CHB_16908,(S)-lactate(aq) + NAD(aq) = pyruvate(aq) + NADH(aq),von Euler H.; Adler E.; G|nther G.; Hellstrvm H.; Hoppe-Seyler's Z. Physiol. Chem.; 245 217 (1937).,37EUL/ADL3_96, , ,298.15,8.7,0.00015, ,spectrophotometry,phosphate,   ,1.1.1.27, , , , , 
137,246.0,3516.0,L-lactate dehydrogenase,kegg:C00186 + kegg:C00003 = kegg:C00022 + kegg:C00004,CHB_15846 + CHB_16651 = CHB_15361 + CHB_16908,(S)-lactate(aq) + NAD(aq) = pyruvate(aq) + NADH(aq),von Euler H.; Adler E.; G|nther G.; Hellstrvm H.; Hoppe-Seyler's Z. Physiol. Chem.; 245 217 (1937).,37EUL/ADL3_96, , ,298.15,8.9,0.00033, ,spectrophotometry,phosphate,   ,1.1.1.27, , , , , 
138,229.0,2280.0,malate dehydrogenase,kegg:C00149 + kegg:C00003 = kegg:C00036 + kegg:C00004,CHB_15589 + CHB_15846 = CHB_16452 + CHB_16908,(S)-malate(aq) + NAD(aq) = oxaloacetate(aq) + NADH(aq),von Euler H.; Adler E.; G|nther G.; Hoppe-Seyler's Z. Physiol. Chem.; 247 65 (1937).,37EUL/ADL_127, , ,298.15,7.46,2.30E-05, ,spectrophotometry,phosphate,   ,1.1.1.37, , , , , 
139,230.0,2281.0,malate dehydrogenase,kegg:C00149 + kegg:C00003 = kegg:C00036 + kegg:C00004,CHB_15589 + CHB_15846 = CHB_16452 + CHB_16908,(S)-malate(aq) + NAD(aq) = oxaloacetate(aq) + NADH(aq),von Euler H.; Adler E.; G|nther G.; Hoppe-Seyler's Z. Physiol. Chem.; 247 65 (1937).,37EUL/ADL_127, , ,298.15,7.54,3.50E-05, ,spectrophotometry,phosphate,   ,1.1.1.37, , , , , 
140,231.0,2286.0,malate dehydrogenase,kegg:C00149 + kegg:C00003 = kegg:C00036 + kegg:C00004,CHB_15589 + CHB_15846 = CHB_16452 + CHB_16908,(S)-malate(aq) + NAD(aq) = oxaloacetate(aq) + NADH(aq),von Euler H.; Adler E.; G|nther G.; Hoppe-Seyler's Z. Physiol. Chem.; 247 65 (1937).,37EUL/ADL_127, , ,298.15,7.71,5.00E-05, ,spectrophotometry,phosphate,   ,1.1.1.37, , , , , 
141,232.0,2282.0,malate dehydrogenase,kegg:C00149 + kegg:C00003 = kegg:C00036 + kegg:C00004,CHB_15589 + CHB_15846 = CHB_16452 + CHB_16908,(S)-malate(aq) + NAD(aq) = oxaloacetate(aq) + NADH(aq),von Euler H.; Adler E.; G|nther G.; Hoppe-Seyler's Z. Physiol. Chem.; 247 65 (1937).,37EUL/ADL_127, , ,298.15,7.85,0.00011, ,spectrophotometry,phosphate,   ,1.1.1.37, , , , , 
142,233.0,2283.0,malate dehydrogenase,kegg:C00149 + kegg:C00003 = kegg:C00036 + kegg:C00004,CHB_15589 + CHB_15846 = CHB_16452 + CHB_16908,(S)-malate(aq) + NAD(aq) = oxaloacetate(aq) + NADH(aq),von Euler H.; Adler E.; G|nther G.; Hoppe-Seyler's Z. Physiol. Chem.; 247 65 (1937).,37EUL/ADL_127, , ,298.15,8.33,0.0002, ,spectrophotometry,phosphate,   ,1.1.1.37, , , , , 
143,234.0,2284.0,malate dehydrogenase,kegg:C00149 + kegg:C00003 = kegg:C00036 + kegg:C00004,CHB_15589 + CHB_15846 = CHB_16452 + CHB_16908,(S)-malate(aq) + NAD(aq) = oxaloacetate(aq) + NADH(aq),von Euler H.; Adler E.; G|nther G.; Hoppe-Seyler's Z. Physiol. Chem.; 247 65 (1937).,37EUL/ADL_127, , ,298.15,8.44,0.0005, ,spectrophotometry,phosphate,   ,1.1.1.37, , , , , 
144,235.0,2285.0,malate dehydrogenase,kegg:C00149 + kegg:C00003 = kegg:C00036 + kegg:C00004,CHB_15589 + CHB_15846 = CHB_16452 + CHB_16908,(S)-malate(aq) + NAD(aq) = oxaloacetate(aq) + NADH(aq),von Euler H.; Adler E.; G|nther G.; Hoppe-Seyler's Z. Physiol. Chem.; 247 65 (1937).,37EUL/ADL_127, , ,298.15,8.49,0.00063, ,spectrophotometry,phosphate,   ,1.1.1.37, , , , , 
145,223.0,4454.0,L-lactate dehydrogenase,kegg:C00186 + kegg:C00003 = kegg:C00022 + kegg:C00004,CHB_15846 + CHB_16651 = CHB_15361 + CHB_16908,(S)-lactate(aq) + NAD(aq) = pyruvate(aq) + NADH(aq),von Euler H.; Adler E.; G|nther G.; Hoppe-Seyler's Z. Physiol. Chem.; 247 65 (1937).,37EUL/ADL_95, , ,298.15,7.58,7.70E-05, ,spectrophotometry,phosphate,   ,1.1.1.27, , , , , 
146,224.0,4451.0,L-lactate dehydrogenase,kegg:C00186 + kegg:C00003 = kegg:C00022 + kegg:C00004,CHB_15846 + CHB_16651 = CHB_15361 + CHB_16908,(S)-lactate(aq) + NAD(aq) = pyruvate(aq) + NADH(aq),von Euler H.; Adler E.; G|nther G.; Hoppe-Seyler's Z. Physiol. Chem.; 247 65 (1937).,37EUL/ADL_95, , ,298.15,7.61,8.30E-05, ,spectrophotometry,phosphate,   ,1.1.1.27, , , , , 
147,225.0,4455.0,L-lactate dehydrogenase,kegg:C00186 + kegg:C00003 = kegg:C00022 + kegg:C00004,CHB_15846 + CHB_16651 = CHB_15361 + CHB_16908,(S)-lactate(aq) + NAD(aq) = pyruvate(aq) + NADH(aq),von Euler H.; Adler E.; G|nther G.; Hoppe-Seyler's Z. Physiol. Chem.; 247 65 (1937).,37EUL/ADL_95, , ,298.15,8.38,0.0011, ,spectrophotometry,phosphate,   ,1.1.1.27, , , , , 
148,226.0,4452.0,L-lactate dehydrogenase,kegg:C00186 + kegg:C00003 = kegg:C00022 + kegg:C00004,CHB_15846 + CHB_16651 = CHB_15361 + CHB_16908,(S)-lactate(aq) + NAD(aq) = pyruvate(aq) + NADH(aq),von Euler H.; Adler E.; G|nther G.; Hoppe-Seyler's Z. Physiol. Chem.; 247 65 (1937).,37EUL/ADL_95, , ,298.15,8.51,0.0014, ,spectrophotometry,phosphate,   ,1.1.1.27, , , , , 
149,227.0,4456.0,L-lactate dehydrogenase,kegg:C00186 + kegg:C00003 = kegg:C00022 + kegg:C00004,CHB_15846 + CHB_16651 = CHB_15361 + CHB_16908,(S)-lactate(aq) + NAD(aq) = pyruvate(aq) + NADH(aq),von Euler H.; Adler E.; G|nther G.; Hoppe-Seyler's Z. Physiol. Chem.; 247 65 (1937).,37EUL/ADL_95, , ,298.15,8.82,0.002, ,spectrophotometry,phosphate,   ,1.1.1.27, , , , , 
150,228.0,4453.0,L-lactate dehydrogenase,kegg:C00186 + kegg:C00003 = kegg:C00022 + kegg:C00004,CHB_15846 + CHB_16651 = CHB_15361 + CHB_16908,(S)-lactate(aq) + NAD(aq) = pyruvate(aq) + NADH(aq),von Euler H.; Adler E.; G|nther G.; Hoppe-Seyler's Z. Physiol. Chem.; 247 65 (1937).,37EUL/ADL_95, , ,298.15,8.83,0.0025, ,spectrophotometry,phosphate,   ,1.1.1.27, , , , , 
151,247.0,545.0,alcohol dehydrogenase,kegg:C00469 + kegg:C00003 = kegg:C00084 + kegg:C00004,CHB_15846 + CHB_16236 = CHB_15343 + CHB_16908,ethanol(aq) + NAD(aq) = acetaldehyde(aq) + NADH(aq),Negelein E.; Wulff H.-J.; Biochem. Z.; 293 351 (1937).,37NEG/WUL_9, , ,293.15,7.9,0.000741, ,spectrophotometry,phosphate,   ,1.1.1.1, , , , , 
152,248.0,1518.0,glutamate dehydrogenase,kegg:C00025 + kegg:C00003 + kegg:C00001 = kegg:C00026 + kegg:C00004 + kegg:C00014,CHB_15377 + CHB_15846 + CHB_29985 = CHB_16134 + CHB_16810 + CHB_16908,L-glutamate(aq) + NAD(aq) + H2O(l) = 2-oxoglutarate(aq) + NADH(aq) + ammonia(aq),von Euler H.; Adler E.; G|nther G.; Das N.B.; Hoppe-Seyler's Z. Physiol. Chem.; 254 61 (1938).,38EUL/ADL_273, , ,298.15,6.05,3.90E-11, ,spectrophotometry,phosphate,   ,1.4.1.2, , , , , 
153,250.0,1529.0,glutamate dehydrogenase,kegg:C00025 + kegg:C00003 + kegg:C00001 = kegg:C00026 + kegg:C00004 + kegg:C00014,CHB_15377 + CHB_15846 + CHB_29985 = CHB_16134 + CHB_16810 + CHB_16908,L-glutamate(aq) + NAD(aq) + H2O(l) = 2-oxoglutarate(aq) + NADH(aq) + ammonia(aq),von Euler H.; Adler E.; G|nther G.; Das N.B.; Hoppe-Seyler's Z. Physiol. Chem.; 254 61 (1938).,38EUL/ADL_273, , ,298.15,6.63,1.30E-09, ,spectrophotometry,phosphate,   ,1.4.1.2, , , , , 
154,249.0,1519.0,glutamate dehydrogenase,kegg:C00025 + kegg:C00003 + kegg:C00001 = kegg:C00026 + kegg:C00004 + kegg:C00014,CHB_15377 + CHB_15846 + CHB_29985 = CHB_16134 + CHB_16810 + CHB_16908,L-glutamate(aq) + NAD(aq) + H2O(l) = 2-oxoglutarate(aq) + NADH(aq) + ammonia(aq),von Euler H.; Adler E.; G|nther G.; Das N.B.; Hoppe-Seyler's Z. Physiol. Chem.; 254 61 (1938).,38EUL/ADL_273, , ,298.15,7.01,1.30E-09, ,spectrophotometry,phosphate,   ,1.4.1.2, , , , , 
155,252.0,1520.0,glutamate dehydrogenase,kegg:C00025 + kegg:C00003 + kegg:C00001 = kegg:C00026 + kegg:C00004 + kegg:C00014,CHB_15377 + CHB_15846 + CHB_29985 = CHB_16134 + CHB_16810 + CHB_16908,L-glutamate(aq) + NAD(aq) + H2O(l) = 2-oxoglutarate(aq) + NADH(aq) + ammonia(aq),von Euler H.; Adler E.; G|nther G.; Das N.B.; Hoppe-Seyler's Z. Physiol. Chem.; 254 61 (1938).,38EUL/ADL_273, , ,298.15,7.26,7.60E-09, ,spectrophotometry,phosphate,   ,1.4.1.2, , , , , 
156,251.0,1532.0,glutamate dehydrogenase,kegg:C00025 + kegg:C00003 + kegg:C00001 = kegg:C00026 + kegg:C00004 + kegg:C00014,CHB_15377 + CHB_15846 + CHB_29985 = CHB_16134 + CHB_16810 + CHB_16908,L-glutamate(aq) + NAD(aq) + H2O(l) = 2-oxoglutarate(aq) + NADH(aq) + ammonia(aq),von Euler H.; Adler E.; G|nther G.; Das N.B.; Hoppe-Seyler's Z. Physiol. Chem.; 254 61 (1938).,38EUL/ADL_273, , ,298.15,7.36,6.50E-09, ,spectrophotometry,phosphate,   ,1.4.1.2, , , , , 
157,255.0,1531.0,glutamate dehydrogenase,kegg:C00025 + kegg:C00003 + kegg:C00001 = kegg:C00026 + kegg:C00004 + kegg:C00014,CHB_15377 + CHB_15846 + CHB_29985 = CHB_16134 + CHB_16810 + CHB_16908,L-glutamate(aq) + NAD(aq) + H2O(l) = 2-oxoglutarate(aq) + NADH(aq) + ammonia(aq),von Euler H.; Adler E.; G|nther G.; Das N.B.; Hoppe-Seyler's Z. Physiol. Chem.; 254 61 (1938).,38EUL/ADL_273, , ,298.15,7.39,9.40E-09, ,spectrophotometry,phosphate,   ,1.4.1.2, , , , , 
158,254.0,1527.0,glutamate dehydrogenase,kegg:C00025 + kegg:C00003 + kegg:C00001 = kegg:C00026 + kegg:C00004 + kegg:C00014,CHB_15377 + CHB_15846 + CHB_29985 = CHB_16134 + CHB_16810 + CHB_16908,L-glutamate(aq) + NAD(aq) + H2O(l) = 2-oxoglutarate(aq) + NADH(aq) + ammonia(aq),von Euler H.; Adler E.; G|nther G.; Das N.B.; Hoppe-Seyler's Z. Physiol. Chem.; 254 61 (1938).,38EUL/ADL_273, , ,298.15,7.4,7.90E-09, ,spectrophotometry,phosphate,   ,1.4.1.2, , , , , 
159,257.0,1521.0,glutamate dehydrogenase,kegg:C00025 + kegg:C00003 + kegg:C00001 = kegg:C00026 + kegg:C00004 + kegg:C00014,CHB_15377 + CHB_15846 + CHB_29985 = CHB_16134 + CHB_16810 + CHB_16908,L-glutamate(aq) + NAD(aq) + H2O(l) = 2-oxoglutarate(aq) + NADH(aq) + ammonia(aq),von Euler H.; Adler E.; G|nther G.; Das N.B.; Hoppe-Seyler's Z. Physiol. Chem.; 254 61 (1938).,38EUL/ADL_273, , ,298.15,7.43,1.50E-08, ,spectrophotometry,phosphate,   ,1.4.1.2, , , , , 
160,258.0,1525.0,glutamate dehydrogenase,kegg:C00025 + kegg:C00003 + kegg:C00001 = kegg:C00026 + kegg:C00004 + kegg:C00014,CHB_15377 + CHB_15846 + CHB_29985 = CHB_16134 + CHB_16810 + CHB_16908,L-glutamate(aq) + NAD(aq) + H2O(l) = 2-oxoglutarate(aq) + NADH(aq) + ammonia(aq),von Euler H.; Adler E.; G|nther G.; Das N.B.; Hoppe-Seyler's Z. Physiol. Chem.; 254 61 (1938).,38EUL/ADL_273, , ,298.15,7.45,1.70E-08, ,spectrophotometry,phosphate,   ,1.4.1.2, , , , , 
161,253.0,1522.0,glutamate dehydrogenase,kegg:C00025 + kegg:C00003 + kegg:C00001 = kegg:C00026 + kegg:C00004 + kegg:C00014,CHB_15377 + CHB_15846 + CHB_29985 = CHB_16134 + CHB_16810 + CHB_16908,L-glutamate(aq) + NAD(aq) + H2O(l) = 2-oxoglutarate(aq) + NADH(aq) + ammonia(aq),von Euler H.; Adler E.; G|nther G.; Das N.B.; Hoppe-Seyler's Z. Physiol. Chem.; 254 61 (1938).,38EUL/ADL_273, , ,298.15,7.57,7.70E-09, ,spectrophotometry,phosphate,   ,1.4.1.2, , , , , 
162,259.0,1528.0,glutamate dehydrogenase,kegg:C00025 + kegg:C00003 + kegg:C00001 = kegg:C00026 + kegg:C00004 + kegg:C00014,CHB_15377 + CHB_15846 + CHB_29985 = CHB_16134 + CHB_16810 + CHB_16908,L-glutamate(aq) + NAD(aq) + H2O(l) = 2-oxoglutarate(aq) + NADH(aq) + ammonia(aq),von Euler H.; Adler E.; G|nther G.; Das N.B.; Hoppe-Seyler's Z. Physiol. Chem.; 254 61 (1938).,38EUL/ADL_273, , ,298.15,7.6,2.00E-08, ,spectrophotometry,phosphate,   ,1.4.1.2, , , , , 
163,256.0,1526.0,glutamate dehydrogenase,kegg:C00025 + kegg:C00003 + kegg:C00001 = kegg:C00026 + kegg:C00004 + kegg:C00014,CHB_15377 + CHB_15846 + CHB_29985 = CHB_16134 + CHB_16810 + CHB_16908,L-glutamate(aq) + NAD(aq) + H2O(l) = 2-oxoglutarate(aq) + NADH(aq) + ammonia(aq),von Euler H.; Adler E.; G|nther G.; Das N.B.; Hoppe-Seyler's Z. Physiol. Chem.; 254 61 (1938).,38EUL/ADL_273, , ,298.15,7.66,1.10E-08, ,spectrophotometry,phosphate,   ,1.4.1.2, , , , , 
164,260.0,1530.0,glutamate dehydrogenase,kegg:C00025 + kegg:C00003 + kegg:C00001 = kegg:C00026 + kegg:C00004 + kegg:C00014,CHB_15377 + CHB_15846 + CHB_29985 = CHB_16134 + CHB_16810 + CHB_16908,L-glutamate(aq) + NAD(aq) + H2O(l) = 2-oxoglutarate(aq) + NADH(aq) + ammonia(aq),von Euler H.; Adler E.; G|nther G.; Das N.B.; Hoppe-Seyler's Z. Physiol. Chem.; 254 61 (1938).,38EUL/ADL_273, , ,298.15,7.82,2.40E-08, ,spectrophotometry,phosphate,   ,1.4.1.2, , , , , 
165,261.0,1523.0,glutamate dehydrogenase,kegg:C00025 + kegg:C00003 + kegg:C00001 = kegg:C00026 + kegg:C00004 + kegg:C00014,CHB_15377 + CHB_15846 + CHB_29985 = CHB_16134 + CHB_16810 + CHB_16908,L-glutamate(aq) + NAD(aq) + H2O(l) = 2-oxoglutarate(aq) + NADH(aq) + ammonia(aq),von Euler H.; Adler E.; G|nther G.; Das N.B.; Hoppe-Seyler's Z. Physiol. Chem.; 254 61 (1938).,38EUL/ADL_273, , ,298.15,8.01,3.60E-08, ,spectrophotometry,phosphate,   ,1.4.1.2, , , , , 
166,262.0,1524.0,glutamate dehydrogenase,kegg:C00025 + kegg:C00003 + kegg:C00001 = kegg:C00026 + kegg:C00004 + kegg:C00014,CHB_15377 + CHB_15846 + CHB_29985 = CHB_16134 + CHB_16810 + CHB_16908,L-glutamate(aq) + NAD(aq) + H2O(l) = 2-oxoglutarate(aq) + NADH(aq) + ammonia(aq),von Euler H.; Adler E.; G|nther G.; Das N.B.; Hoppe-Seyler's Z. Physiol. Chem.; 254 61 (1938).,38EUL/ADL_273, , ,298.15,8.05,7.00E-08, ,spectrophotometry,phosphate,   ,1.4.1.2, , , , , 
167,266.0,162.0,phosphoglycerate mutase,kegg:C00631 = kegg:C00197,CHB_17835 = CHB_17794,2-phospho-D-glycerate(aq) = 3-phospho-D-glycerate(aq),Meyerhof O.; Schulz W.; Biochem. Z.; 297 60 (1938).,38MEY/SCH_1387, , ,273.15, ,10.8, ,polarimetry, ,   ,5.4.2.1, , , , , 
168,265.0,163.0,phosphoglycerate mutase,kegg:C00631 = kegg:C00197,CHB_17835 = CHB_17794,2-phospho-D-glycerate(aq) = 3-phospho-D-glycerate(aq),Meyerhof O.; Schulz W.; Biochem. Z.; 297 60 (1938).,38MEY/SCH_1387, , ,293.15, ,9.5, ,polarimetry, ,   ,5.4.2.1, , , , , 
169,264.0,164.0,phosphoglycerate mutase,kegg:C00631 = kegg:C00197,CHB_17835 = CHB_17794,2-phospho-D-glycerate(aq) = 3-phospho-D-glycerate(aq),Meyerhof O.; Schulz W.; Biochem. Z.; 297 60 (1938).,38MEY/SCH_1387, , ,310.15, ,7.9, ,polarimetry, ,   ,5.4.2.1, , , , , 
170,263.0,165.0,phosphoglycerate mutase,kegg:C00631 = kegg:C00197,CHB_17835 = CHB_17794,2-phospho-D-glycerate(aq) = 3-phospho-D-glycerate(aq),Meyerhof O.; Schulz W.; Biochem. Z.; 297 60 (1938).,38MEY/SCH_1387, , ,333.15, ,7.6, ,polarimetry, ,   ,5.4.2.1, , , , , 
171,274.0,1240.0,alcohol dehydrogenase,kegg:C00469 + kegg:C00003 = kegg:C00084 + kegg:C00004,CHB_15846 + CHB_16236 = CHB_15343 + CHB_16908,ethanol(aq) + NAD(aq) = acetaldehyde(aq) + NADH(aq),Schlenk F.; Hellstrvm H.; von Euler H.; Ber. Dtsch. Chem. Ges.; 71 1471 (1938).,38SCH/HEL_10, , ,298.15,6.3,2.60E-05, ,spectrophotometry, ,   ,1.1.1.1, , , , , 
172,275.0,1234.0,alcohol dehydrogenase,kegg:C00469 + kegg:C00003 = kegg:C00084 + kegg:C00004,CHB_15846 + CHB_16236 = CHB_15343 + CHB_16908,ethanol(aq) + NAD(aq) = acetaldehyde(aq) + NADH(aq),Schlenk F.; Hellstrvm H.; von Euler H.; Ber. Dtsch. Chem. Ges.; 71 1471 (1938).,38SCH/HEL_10, , ,298.15,6.85,8.80E-05, ,spectrophotometry, ,   ,1.1.1.1, , , , , 
173,276.0,1235.0,alcohol dehydrogenase,kegg:C00469 + kegg:C00003 = kegg:C00084 + kegg:C00004,CHB_15846 + CHB_16236 = CHB_15343 + CHB_16908,ethanol(aq) + NAD(aq) = acetaldehyde(aq) + NADH(aq),Schlenk F.; Hellstrvm H.; von Euler H.; Ber. Dtsch. Chem. Ges.; 71 1471 (1938).,38SCH/HEL_10, , ,298.15,7.15,0.00019, ,spectrophotometry, ,   ,1.1.1.1, , , , , 
174,277.0,1236.0,alcohol dehydrogenase,kegg:C00469 + kegg:C00003 = kegg:C00084 + kegg:C00004,CHB_15846 + CHB_16236 = CHB_15343 + CHB_16908,ethanol(aq) + NAD(aq) = acetaldehyde(aq) + NADH(aq),Schlenk F.; Hellstrvm H.; von Euler H.; Ber. Dtsch. Chem. Ges.; 71 1471 (1938).,38SCH/HEL_10, , ,298.15,7.34,0.0003, ,spectrophotometry, ,   ,1.1.1.1, , , , , 
175,278.0,1237.0,alcohol dehydrogenase,kegg:C00469 + kegg:C00003 = kegg:C00084 + kegg:C00004,CHB_15846 + CHB_16236 = CHB_15343 + CHB_16908,ethanol(aq) + NAD(aq) = acetaldehyde(aq) + NADH(aq),Schlenk F.; Hellstrvm H.; von Euler H.; Ber. Dtsch. Chem. Ges.; 71 1471 (1938).,38SCH/HEL_10, , ,298.15,7.61,0.00051, ,spectrophotometry, ,   ,1.1.1.1, , , , , 
176,279.0,1239.0,alcohol dehydrogenase,kegg:C00469 + kegg:C00003 = kegg:C00084 + kegg:C00004,CHB_15846 + CHB_16236 = CHB_15343 + CHB_16908,ethanol(aq) + NAD(aq) = acetaldehyde(aq) + NADH(aq),Schlenk F.; Hellstrvm H.; von Euler H.; Ber. Dtsch. Chem. Ges.; 71 1471 (1938).,38SCH/HEL_10, , ,298.15,7.77,0.0008, ,spectrophotometry, ,   ,1.1.1.1, , , , , 
177,280.0,1238.0,alcohol dehydrogenase,kegg:C00469 + kegg:C00003 = kegg:C00084 + kegg:C00004,CHB_15846 + CHB_16236 = CHB_15343 + CHB_16908,ethanol(aq) + NAD(aq) = acetaldehyde(aq) + NADH(aq),Schlenk F.; Hellstrvm H.; von Euler H.; Ber. Dtsch. Chem. Ges.; 71 1471 (1938).,38SCH/HEL_10, , ,298.15,8.17,0.0022, ,spectrophotometry, ,   ,1.1.1.1, , , , , 
178,267.0, ,alcohol dehydrogenase, ,CHB_16236 + PBC_4481 = CHB_15343 + PBC_4066204,ethanol(aq) + desamino NAD(aq) = acetaldehyde(aq) + desamino NADH(aq),Schlenk F.; Hellstrvm H.; von Euler H.; Ber. Dtsch. Chem. Ges.; 71 1471 (1938).,38SCH/HEL_23, , ,298.15,6.39,9.10E-06, ,spectrophotometry, ,   ,1.1.1.1, , , , , 
179,268.0, ,alcohol dehydrogenase, ,CHB_16236 + PBC_4481 = CHB_15343 + PBC_4066204,ethanol(aq) + desamino NAD(aq) = acetaldehyde(aq) + desamino NADH(aq),Schlenk F.; Hellstrvm H.; von Euler H.; Ber. Dtsch. Chem. Ges.; 71 1471 (1938).,38SCH/HEL_23, , ,298.15,6.6,3.00E-05, ,spectrophotometry, ,   ,1.1.1.1, , , , , 
180,269.0, ,alcohol dehydrogenase, ,CHB_16236 + PBC_4481 = CHB_15343 + PBC_4066204,ethanol(aq) + desamino NAD(aq) = acetaldehyde(aq) + desamino NADH(aq),Schlenk F.; Hellstrvm H.; von Euler H.; Ber. Dtsch. Chem. Ges.; 71 1471 (1938).,38SCH/HEL_23, , ,298.15,6.85,5.10E-05, ,spectrophotometry, ,   ,1.1.1.1, , , , , 
181,270.0, ,alcohol dehydrogenase, ,CHB_16236 + PBC_4481 = CHB_15343 + PBC_4066204,ethanol(aq) + desamino NAD(aq) = acetaldehyde(aq) + desamino NADH(aq),Schlenk F.; Hellstrvm H.; von Euler H.; Ber. Dtsch. Chem. Ges.; 71 1471 (1938).,38SCH/HEL_23, , ,298.15,7.18,0.00015, ,spectrophotometry, ,   ,1.1.1.1, , , , , 
182,271.0, ,alcohol dehydrogenase, ,CHB_16236 + PBC_4481 = CHB_15343 + PBC_4066204,ethanol(aq) + desamino NAD(aq) = acetaldehyde(aq) + desamino NADH(aq),Schlenk F.; Hellstrvm H.; von Euler H.; Ber. Dtsch. Chem. Ges.; 71 1471 (1938).,38SCH/HEL_23, , ,298.15,7.31,0.00023, ,spectrophotometry, ,   ,1.1.1.1, , , , , 
183,272.0, ,alcohol dehydrogenase, ,CHB_16236 + PBC_4481 = CHB_15343 + PBC_4066204,ethanol(aq) + desamino NAD(aq) = acetaldehyde(aq) + desamino NADH(aq),Schlenk F.; Hellstrvm H.; von Euler H.; Ber. Dtsch. Chem. Ges.; 71 1471 (1938).,38SCH/HEL_23, , ,298.15,7.69,0.00056, ,spectrophotometry, ,   ,1.1.1.1, , , , , 
184,273.0, ,alcohol dehydrogenase, ,CHB_16236 + PBC_4481 = CHB_15343 + PBC_4066204,ethanol(aq) + desamino NAD(aq) = acetaldehyde(aq) + desamino NADH(aq),Schlenk F.; Hellstrvm H.; von Euler H.; Ber. Dtsch. Chem. Ges.; 71 1471 (1938).,38SCH/HEL_23, , ,298.15,8.06,0.0011, ,spectrophotometry, ,   ,1.1.1.1, , , , , 
185,,4395.0,alanine transaminase,kegg:C00041 + kegg:C00026 = kegg:C00022 + kegg:C00025, ,L-alanine(aq) + 2-oxoglutarate(aq) = pyruvate(aq) + L-glutamate(aq),Cohen P.P.; Biochem. J.; 33 1478 (1939).,39COH_504,16747057.0,10.1042/bj0331478,313.15,7.4,1, , ,phosphate (0.1 mol dm-3), ,2.6.1.2, , , , , 
186,,542.0,aspartate transaminase,kegg:C00049 + kegg:C00026 = kegg:C00036 + kegg:C00025, ,L-aspartate(aq) + 2-oxoglutarate(aq) = oxaloacetate(aq) + L-glutamate(aq),Cohen P.P.; J. Biol. Chem.; 136 585 (1940).,40COH_495, , ,311.15,7.4,0.25, , ,phosphate, ,2.6.1.1, , , , , 
187,284.0,2526.0,fructose-biphosphate aldolase,kegg:C00354 = kegg:C00111 + kegg:C00118,CHB_40595 = CHB_16108 + CHB_29052,"D-fructose 1,6-bisphosphate(aq) = glycerone phosphate(aq) + D-glyceraldehyde 3-phosphate(aq)",Herbert D.; Gordon H.; Subrahmanyan V.; Green D.E.; Biochem. J.; 34 1108 (1940).,40HER/GOR_1090,16747255.0,10.1042/bj0341108,301.15,7.2,6.00E-05, , ,borate (0.8 mol dm-3),"mol/L;borate buffer=0.04;(H)1(CN)1=0.05;D-glyceraldehyde 3-phosphate=0.001;glycerone phosphate=0.001;D-fructose 1,6-bisphosphate=0.0089  ",4.1.2.13, , , , , 
188,285.0,2525.0,fructose-biphosphate aldolase,kegg:C00354 = kegg:C00111 + kegg:C00118,CHB_40595 = CHB_16108 + CHB_29052,"D-fructose 1,6-bisphosphate(aq) = glycerone phosphate(aq) + D-glyceraldehyde 3-phosphate(aq)",Herbert D.; Gordon H.; Subrahmanyan V.; Green D.E.; Biochem. J.; 34 1108 (1940).,40HER/GOR_1090,16747255.0,10.1042/bj0341108,311.15,7.2,0.000119, , ,borate (0.8 mol dm-3),"mol/L;borate buffer=0.04;(H)1(CN)1=0.05;D-glyceraldehyde 3-phosphate=0.001;glycerone phosphate=0.001;D-fructose 1,6-bisphosphate=0.0089  ",4.1.2.13, , , , , 
189,287.0,2528.0,fructose-biphosphate aldolase,kegg:C00354 = kegg:C00111 + kegg:C00118,CHB_40595 = CHB_16108 + CHB_29052,"D-fructose 1,6-bisphosphate(aq) = glycerone phosphate(aq) + D-glyceraldehyde 3-phosphate(aq)",Herbert D.; Gordon H.; Subrahmanyan V.; Green D.E.; Biochem. J.; 34 1108 (1940).,40HER/GOR_1090,16747255.0,10.1042/bj0341108,311.15,7.33,0.000122, , ,borate (0.8 mol dm-3),"mol/L;borate buffer=0.04;(H)1(CN)1=0.05;D-glyceraldehyde 3-phosphate=0.001;glycerone phosphate=0.001;D-fructose 1,6-bisphosphate=0.0089  ",4.1.2.13, , , , , 
190,290.0,2527.0,fructose-biphosphate aldolase,kegg:C00354 = kegg:C00111 + kegg:C00118,CHB_40595 = CHB_16108 + CHB_29052,"D-fructose 1,6-bisphosphate(aq) = glycerone phosphate(aq) + D-glyceraldehyde 3-phosphate(aq)",Herbert D.; Gordon H.; Subrahmanyan V.; Green D.E.; Biochem. J.; 34 1108 (1940).,40HER/GOR_1090,16747255.0,10.1042/bj0341108,321.15,7.2,0.000234, , ,borate (0.8 mol dm-3),"mol/L;borate buffer=0.04;(H)1(CN)1=0.05;D-glyceraldehyde 3-phosphate=0.001;glycerone phosphate=0.001;D-fructose 1,6-bisphosphate=0.0089  ",4.1.2.13, , , , , 
191,294.0,1272.0,fumarate hydratase,kegg:C00122 + kegg:C00001 = kegg:C00149,CHB_15377 + CHB_29806 = CHB_15589,fumarate(aq) + H2O(l) = (S)-malate(aq),Krebs H.A.; Smyth D.H.; Evans E.A. Jr.; Biochem. J.; 34 1041 (1940).,40KRE/SMY_1143,16747248.0,10.1042/bj0341041,293.15,7.4,4.57, ,manometry,phosphate (0.1 mol dm-3),mol/L;(Na)2(HPO4)1=0.05  ,4.2.1.2, , , , , 
192,293.0,1273.0,fumarate hydratase,kegg:C00122 + kegg:C00001 = kegg:C00149,CHB_15377 + CHB_29806 = CHB_15589,fumarate(aq) + H2O(l) = (S)-malate(aq),Krebs H.A.; Smyth D.H.; Evans E.A. Jr.; Biochem. J.; 34 1041 (1940).,40KRE/SMY_1143,16747248.0,10.1042/bj0341041,303.15,7.4,3.54, ,manometry,phosphate (0.1 mol dm-3),mol/L;(Na)2(HPO4)1=0.05  ,4.2.1.2, , , , , 
193,292.0,1274.0,fumarate hydratase,kegg:C00122 + kegg:C00001 = kegg:C00149,CHB_15377 + CHB_29806 = CHB_15589,fumarate(aq) + H2O(l) = (S)-malate(aq),Krebs H.A.; Smyth D.H.; Evans E.A. Jr.; Biochem. J.; 34 1041 (1940).,40KRE/SMY_1143,16747248.0,10.1042/bj0341041,313.15,7.4,3.17, ,manometry,phosphate (0.1 mol dm-3),mol/L;(Na)2(HPO4)1=0.05  ,4.2.1.2, , , , , 
194,291.0,1275.0,fumarate hydratase,kegg:C00122 + kegg:C00001 = kegg:C00149,CHB_15377 + CHB_29806 = CHB_15589,fumarate(aq) + H2O(l) = (S)-malate(aq),Krebs H.A.; Smyth D.H.; Evans E.A. Jr.; Biochem. J.; 34 1041 (1940).,40KRE/SMY_1143,16747248.0,10.1042/bj0341041,323.15,7.4,2.65, ,manometry,phosphate (0.1 mol dm-3),mol/L;(Na)2(HPO4)1=0.05  ,4.2.1.2, , , , , 
195,296,274.0,fructose-biphosphate aldolase and triose-phosphate isomerase,kegg:C00354 = 2 kegg:C00111,CHB_40595 = 2 CHB_16108,"D-fructose 1,6-bisphosphate(aq) = 2 glycerone phosphate(aq)",Utter M.F.; Werkman C.H.; J. Bacteriol.; 42 665 (1941).,41UTT/WER_1103, , ,278.15,9.0,0.000435, ,chemical analysis,glycine + NaOH,"mol/L;glycine buffer=0.16;(Na)1(OH)1=0.03;D-fructose 1,6-bisphosphate=0.002643;glycerone phosphate=0.001096 _ nan _ ",4.1.2.13 & 5.3.1.1, , ,, , 
196,300.0,276.0,fructose-biphosphate aldolase and triose-phosphate isomerase,kegg:C00354 = 2 kegg:C00111,CHB_40595 = 2 CHB_16108,"D-fructose 1,6-bisphosphate(aq) = 2 glycerone phosphate(aq)",Utter M.F.; Werkman C.H.; J. Bacteriol.; 42 665 (1941).,41UTT/WER_1103, , ,298.15,9.0,0.00182, ,chemical analysis,glycine + NaOH,"mol/L;glycine buffer=0.16;(Na)1(OH)1=0.03;D-fructose 1,6-bisphosphate=0.007699;glycerone phosphate=0.003747  ",4.1.2.13 & 5.3.1.1, , , , , 
197,301.0,275.0,fructose-biphosphate aldolase and triose-phosphate isomerase,kegg:C00354 = 2 kegg:C00111,CHB_40595 = 2 CHB_16108,"D-fructose 1,6-bisphosphate(aq) = 2 glycerone phosphate(aq)",Utter M.F.; Werkman C.H.; J. Bacteriol.; 42 665 (1941).,41UTT/WER_1103, , ,313.15,9.0,0.00637, ,chemical analysis,glycine + NaOH,"mol/L;glycine buffer=0.16;(Na)1(OH)1=0.03;D-fructose 1,6-bisphosphate=0.0001498;glycerone phosphate=0.0009763  ",4.1.2.13 & 4.1.2.13 & 5.3.1.1 & 5.3.1.1, , , , , 
198,,166.0,triose-phosphate isomerase and fructose-bisphosphate aldolase,kegg:C00354 = 2 kegg:C00111, ,"D-fructose 1,6-bisphosphate(aq) = 2 glycerone phosphate(aq)",Utter M.F.; Werkman C.H.; J. Bacteriol.; 42 665 (1941).,41UTT/WER_1291,16560478.0, ,278.15,9.0,0.000435, ,chemical analysis,glycine + NaOH, ,4.1.2.13 & 5.3.1.1, , , , , 
199,,168.0,triose-phosphate isomerase and fructose-bisphosphate aldolase,kegg:C00354 = 2 kegg:C00111, ,"D-fructose 1,6-bisphosphate(aq) = 2 glycerone phosphate(aq)",Utter M.F.; Werkman C.H.; J. Bacteriol.; 42 665 (1941).,41UTT/WER_1291,16560478.0, ,298.15,9.0,0.00182, ,chemical analysis,glycine + NaOH, ,4.1.2.13 & 5.3.1.1, , , , , 
200,,167.0,triose-phosphate isomerase and fructose-bisphosphate aldolase,kegg:C00354 = 2 kegg:C00111, ,"D-fructose 1,6-bisphosphate(aq) = 2 glycerone phosphate(aq)",Utter M.F.; Werkman C.H.; J. Bacteriol.; 42 665 (1941).,41UTT/WER_1291,16560478.0, ,313.15,9.0,0.00637, ,chemical analysis,glycine + NaOH, ,4.1.2.13 & 5.3.1.1, , , , , 
201,304.0,2346.0,phosphopyruvate hydratase,kegg:C00631 = kegg:C00074 + kegg:C00001,CHB_17835 = CHB_15377 + CHB_18021,2-phospho-D-glycerate(aq) = phosphoenolpyruvate(aq) + H2O(l),Warburg O.; Christian W.; Biochem. Z.; 310 384 (1941).,41WAR/CHR_1171, , ,293.15,7.34,1.43, ,spectrophotometry,bicarbonate and phosphate,   ,4.2.1.11, , , , , 
202,307.0,2807.0,phosphoglucomutase,kegg:C00103 = kegg:C00092,CHB_16077 = CHB_4170,Î±-D-glucose 1-phosphate(aq) =Î±-D-glucose 6-phosphate(aq),Colowick S.P.; Sutherland E.W.; J. Biol. Chem.; 144 423 (1942).,42COL/SUT_1401, , ,293.15,7.5,19.8, , ,barbital (0.025 mol dm-3),mol/L;barbital buffer=0.025;(K)1=0.1;(Mn)1=0.036;D-glucose 1-phosphate=0.05;D-glucose 6-phosphate=0  ,5.4.2.2, , , , , 
203,306.0,2809.0,phosphoglucomutase,kegg:C00103 = kegg:C00092,CHB_16077 = CHB_4170,Î±-D-glucose 1-phosphate(aq) =Î±-D-glucose 6-phosphate(aq),Colowick S.P.; Sutherland E.W.; J. Biol. Chem.; 144 423 (1942).,42COL/SUT_1401, , ,303.15,7.5,17.2, , ,barbital (0.025 mol dm-3),mol/L;barbital buffer=0.025;(K)1=0.1;(Mn)1=0.036;D-glucose 1-phosphate=0.05;D-glucose 6-phosphate=0  ,5.4.2.2, , , , , 
204,305.0,2808.0,phosphoglucomutase,kegg:C00103 = kegg:C00092,CHB_16077 = CHB_4170,Î±-D-glucose 1-phosphate(aq) =Î±-D-glucose 6-phosphate(aq),Colowick S.P.; Sutherland E.W.; J. Biol. Chem.; 144 423 (1942).,42COL/SUT_1401, , ,313.15,7.5,16.2, , ,barbital (0.025 mol dm-3),mol/L;barbital buffer=0.025;(K)1=0.1;(Mn)1=0.036;D-glucose 1-phosphate=0.05;D-glucose 6-phosphate=0  ,5.4.2.2, , , , , 
205,308.0,889.0,alanine transaminase,kegg:C00041 + kegg:C00026 = kegg:C00022 + kegg:C00025,CHB_16810 + CHB_16977 = CHB_15361 + CHB_29985,L-alanine(aq) + 2-oxoglutarate(aq) = pyruvate(aq) + L-glutamate(aq),Lenard P.; Straub F.B.; Stud. Inst. Med. Chem. Univ. Szeged; 2 59 (1942).,42LEN/STR_505, , ,310.15,7.3,0.7, ,chemical analysis,phosphate (0.1 mol dm-3),mol/L;phosphate buffer=0.1  ,2.6.1.2, , , , , 
206,309.0,3643.0,creatine kinase,kegg:C00002 + kegg:C00300 = kegg:C00008 + kegg:C02305,CHB_15422 + CHB_16919 = CHB_16761 + CHB_17287,ATP(aq) + creatine(aq) = ADP(aq) + phosphocreatine(aq),Banga I.; Stud. Inst. Med. Chem. Univ. Szeged; 3 59 (1943).,43BAN_590, , ,311.15,7.5,0.0023, ,chemical analysis,borate and barbital acetate,   ,2.7.3.2, , , , , 
207,310.0,3649.0,creatine kinase,kegg:C00002 + kegg:C00300 = kegg:C00008 + kegg:C02305,CHB_15422 + CHB_16919 = CHB_16761 + CHB_17287,ATP(aq) + creatine(aq) = ADP(aq) + phosphocreatine(aq),Banga I.; Stud. Inst. Med. Chem. Univ. Szeged; 3 59 (1943).,43BAN_590, , ,311.15,7.6,0.0049, ,chemical analysis,borate and barbital acetate,   ,2.7.3.2, , , , , 
208,312.0,3650.0,creatine kinase,kegg:C00002 + kegg:C00300 = kegg:C00008 + kegg:C02305,CHB_15422 + CHB_16919 = CHB_16761 + CHB_17287,ATP(aq) + creatine(aq) = ADP(aq) + phosphocreatine(aq),Banga I.; Stud. Inst. Med. Chem. Univ. Szeged; 3 59 (1943).,43BAN_590, , ,311.15,7.8,0.0239, ,chemical analysis,borate and barbital acetate,   ,2.7.3.2, , , , , 
209,313.0,3644.0,creatine kinase,kegg:C00002 + kegg:C00300 = kegg:C00008 + kegg:C02305,CHB_15422 + CHB_16919 = CHB_16761 + CHB_17287,ATP(aq) + creatine(aq) = ADP(aq) + phosphocreatine(aq),Banga I.; Stud. Inst. Med. Chem. Univ. Szeged; 3 59 (1943).,43BAN_590, , ,311.15,8.2,0.0925, ,chemical analysis,borate and barbital acetate,   ,2.7.3.2, , , , , 
210,315.0,3645.0,creatine kinase,kegg:C00002 + kegg:C00300 = kegg:C00008 + kegg:C02305,CHB_15422 + CHB_16919 = CHB_16761 + CHB_17287,ATP(aq) + creatine(aq) = ADP(aq) + phosphocreatine(aq),Banga I.; Stud. Inst. Med. Chem. Univ. Szeged; 3 59 (1943).,43BAN_590, , ,311.15,8.5,0.191, ,chemical analysis,borate and barbital acetate,   ,2.7.3.2, , , , , 
211,317.0,3651.0,creatine kinase,kegg:C00002 + kegg:C00300 = kegg:C00008 + kegg:C02305,CHB_15422 + CHB_16919 = CHB_16761 + CHB_17287,ATP(aq) + creatine(aq) = ADP(aq) + phosphocreatine(aq),Banga I.; Stud. Inst. Med. Chem. Univ. Szeged; 3 59 (1943).,43BAN_590, , ,311.15,8.55,0.039, ,chemical analysis,borate and barbital acetate,   ,2.7.3.2, , , , , 
212,316.0,3647.0,creatine kinase,kegg:C00002 + kegg:C00300 = kegg:C00008 + kegg:C02305,CHB_15422 + CHB_16919 = CHB_16761 + CHB_17287,ATP(aq) + creatine(aq) = ADP(aq) + phosphocreatine(aq),Banga I.; Stud. Inst. Med. Chem. Univ. Szeged; 3 59 (1943).,43BAN_590, , ,311.15,9.05,0.365, ,chemical analysis,borate and barbital acetate,   ,2.7.3.2, , , , , 
213,314.0,3646.0,creatine kinase,kegg:C00002 + kegg:C00300 = kegg:C00008 + kegg:C02305,CHB_15422 + CHB_16919 = CHB_16761 + CHB_17287,ATP(aq) + creatine(aq) = ADP(aq) + phosphocreatine(aq),Banga I.; Stud. Inst. Med. Chem. Univ. Szeged; 3 59 (1943).,43BAN_590, , ,311.15,9.5,0.138, ,chemical analysis,borate and barbital acetate,   ,2.7.3.2, , , , , 
214,311.0,3648.0,creatine kinase,kegg:C00002 + kegg:C00300 = kegg:C00008 + kegg:C02305,CHB_15422 + CHB_16919 = CHB_16761 + CHB_17287,ATP(aq) + creatine(aq) = ADP(aq) + phosphocreatine(aq),Banga I.; Stud. Inst. Med. Chem. Univ. Szeged; 3 59 (1943).,43BAN_590, , ,311.15,9.7,0.0061, ,chemical analysis,borate and barbital acetate,   ,2.7.3.2, , , , , 
215,318.0,180.0,sucrose phosphorylase,kegg:C00089 + kegg:C00009 = kegg:C00103 + kegg:C00095,CHB_17992 + CHB_26078 = CHB_16077 + CHB_37721,sucrose(aq) + orthophosphate(aq) = Î±-D-glucose 1-phosphate(aq) + D-fructose(aq),Doudoroff M.; J. Biol. Chem.; 151 351 (1943).,43DOU_415, , ,303.15,5.8,11, , ,phosphate and (carbonate + bicarbonate),   ,2.4.1.7, , , , , 
216,319.0,181.0,sucrose phosphorylase,kegg:C00089 + kegg:C00009 = kegg:C00103 + kegg:C00095,CHB_17992 + CHB_26078 = CHB_16077 + CHB_37721,sucrose(aq) + orthophosphate(aq) = Î±-D-glucose 1-phosphate(aq) + D-fructose(aq),Doudoroff M.; J. Biol. Chem.; 151 351 (1943).,43DOU_415, , ,303.15,6.6,20, , ,phosphate and (carbonate + bicarbonate),   ,2.4.1.7, , , , , 
217,320.0,130.0,adenylate kinase,2 kegg:C00008 = kegg:C00020 + kegg:C00002,2 CHB_16761 = CHB_15422 + CHB_16027,2 ADP(aq) = AMP(aq) + ATP(aq),Kalckar H.M.; J. Biol. Chem.; 148 127 (1943).,43KAL_633, , ,303.15,7.5,0.3, ,spectrophotometry, ,   ,2.7.4.3, , , , , 
218,,4006.0,aconitate hydratase,kegg:C00158 = kegg:C00417 + kegg:C00001, ,citrate(aq) = cis-aconitate(aq) + H2O(l),Krebs H.A.; Eggleston L.V.; Biochim. J.; 37 334 (1943).,43KRE/EGG_1156, , ,298.15,6.8,0.048, ,polarimetry and manometry,phosphate, ,4.2.1.3, , , , , 
219,, ,aconitate hydratase, , ,isocitrate(aq) = cis-aconitate(aq) + H2O(l),Krebs H.A.; Eggleston L.V.; Biochim. J.; 37 334 (1943).,43KRE/EGG_1159, , ,311.15,1.4,0.69, ,polarimetry,phosphate, ,4.2.1.3, , , , , 
220,,2340.0,aconitate hydratase,kegg:C00311 = kegg:C00158, ,isocitrate(aq) = citrate(aq),Krebs H.A.; Eggleston L.V.; Biochim. J.; 37 334 (1943).,43KRE/EGG_1162, , ,298.15,6.8,14.4, ,polarimetry and manometry,phosphate, ,4.2.1.3, , , , , 
221,327.0,797.0,L-lactate dehydrogenase,kegg:C00186 + kegg:C00003 = kegg:C00022 + kegg:C00004,CHB_15846 + CHB_16651 = CHB_15361 + CHB_16908,(S)-lactate(aq) + NAD(aq) = pyruvate(aq) + NADH(aq),Kubowitz F.; Ott P.; Biochem. Z.; 314 94 (1943).,43KUB/OTT_97, , ,295.15,7.4,6.00E-05, ,spectrophotometry,phosphate,   ,1.1.1.27, , , , , 
222,335.0,4468.0,fructose-biphosphate aldolase,kegg:C00354 = kegg:C00111 + kegg:C00118,CHB_40595 = CHB_16108 + CHB_29052,"D-fructose 1,6-bisphosphate(aq) = glycerone phosphate(aq) + D-glyceraldehyde 3-phosphate(aq)",Meyerhof O.; Junowicz-Kocholaty R.; J. Biol. Chem.; 149 71 (1943).,43MEY/JUN_1091, , ,303.15,7.0,8.00E-05, ,chemical analysis and polarimetry, ,"mol/L;D-fructose 1,6-bisphosphate=0.0052675;D-glyceraldehyde 3-phosphate=0.0001355;glycerone phosphate=0.0030625;trichloroacetic acid=0.0245749569208685  ",4.1.2.13, , , , , 
223,334.0,4471.0,fructose-biphosphate aldolase,kegg:C00354 = kegg:C00111 + kegg:C00118,CHB_40595 = CHB_16108 + CHB_29052,"D-fructose 1,6-bisphosphate(aq) = glycerone phosphate(aq) + D-glyceraldehyde 3-phosphate(aq)",Meyerhof O.; Junowicz-Kocholaty R.; J. Biol. Chem.; 149 71 (1943).,43MEY/JUN_1091, , ,311.15,7.0,0.00015, ,chemical analysis and polarimetry, ,"mol/L;D-fructose 1,6-bisphosphate=0.00187;D-glyceraldehyde 3-phosphate=0.0001194;glycerone phosphate=0.002342;trichloroacetic acid=0.0161071058107995  ",4.1.2.13, , , , , 
224,333.0,4469.0,fructose-biphosphate aldolase,kegg:C00354 = kegg:C00111 + kegg:C00118,CHB_40595 = CHB_16108 + CHB_29052,"D-fructose 1,6-bisphosphate(aq) = glycerone phosphate(aq) + D-glyceraldehyde 3-phosphate(aq)",Meyerhof O.; Junowicz-Kocholaty R.; J. Biol. Chem.; 149 71 (1943).,43MEY/JUN_1091, , ,313.15,7.0,0.00011, ,chemical analysis and polarimetry, ,"mol/L;D-fructose 1,6-bisphosphate=0.0043725;D-glyceraldehyde 3-phosphate=0.000156;glycerone phosphate=0.00317;trichloroacetic acid=0.0182537191667588  ",4.1.2.13, , , , , 
225,332.0,4470.0,fructose-biphosphate aldolase,kegg:C00354 = kegg:C00111 + kegg:C00118,CHB_40595 = CHB_16108 + CHB_29052,"D-fructose 1,6-bisphosphate(aq) = glycerone phosphate(aq) + D-glyceraldehyde 3-phosphate(aq)",Meyerhof O.; Junowicz-Kocholaty R.; J. Biol. Chem.; 149 71 (1943).,43MEY/JUN_1091, , ,333.15,7.0,0.00045, ,chemical analysis and polarimetry, ,"mol/L;D-fructose 1,6-bisphosphate=0.002785;D-glyceraldehyde 3-phosphate=0.00020825;glycerone phosphate=0.00512333333333333;trichloroacetic acid=0.0158657275544206  ",4.1.2.13, , , , , 
226,,3107.0,fructose-biphosphate aldolase and triose-phosphate isomerase,kegg:C00354 = 2 kegg:C00111, ,"D-fructose 1,6-bisphosphate(aq) = 2 glycerone phosphate(aq)",Meyerhof O.; Junowicz-Kocholaty R.; J. Biol. Chem.; 149 71 (1943).,43MEY/JUN_1104, , ,303.15,7.0,0.002, ,chemical analysis and polarimetry, , ,4.1.2.13 & 5.3.1.1, , , , , 
227,,3110.0,fructose-biphosphate aldolase and triose-phosphate isomerase,kegg:C00354 = 2 kegg:C00111, ,"D-fructose 1,6-bisphosphate(aq) = 2 glycerone phosphate(aq)",Meyerhof O.; Junowicz-Kocholaty R.; J. Biol. Chem.; 149 71 (1943).,43MEY/JUN_1104, , ,311.15,7.0,0.0024, ,chemical analysis and polarimetry, , ,4.1.2.13 & 5.3.1.1, , , , , 
228,,3108.0,fructose-biphosphate aldolase and triose-phosphate isomerase,kegg:C00354 = 2 kegg:C00111, ,"D-fructose 1,6-bisphosphate(aq) = 2 glycerone phosphate(aq)",Meyerhof O.; Junowicz-Kocholaty R.; J. Biol. Chem.; 149 71 (1943).,43MEY/JUN_1104, , ,313.15,7.0,0.003, ,chemical analysis and polarimetry, , ,4.1.2.13 & 5.3.1.1, , , , , 
229,,3109.0,fructose-biphosphate aldolase and triose-phosphate isomerase,kegg:C00354 = 2 kegg:C00111, ,"D-fructose 1,6-bisphosphate(aq) = 2 glycerone phosphate(aq)",Meyerhof O.; Junowicz-Kocholaty R.; J. Biol. Chem.; 149 71 (1943).,43MEY/JUN_1104, , ,333.15,7.0,0.011, ,chemical analysis and polarimetry, , ,4.1.2.13 & 5.3.1.1, , , , , 
230,339.0,3550.0,triose-phosphate isomerase,kegg:C00118 = kegg:C00111,CHB_29052 = CHB_16108,D-glyceraldehyde 3-phosphate(aq) = glycerone phosphate(aq),Meyerhof O.; Junowicz-Kocholaty R.; J. Biol. Chem.; 149 71 (1943).,43MEY/JUN_1281, , ,303.15,7.0,24, ,chemical analysis and polarimetry, ,"mol/L;D-fructose 1,6-bisphosphate=0.0052675;D-glyceraldehyde 3-phosphate=0.0001355;glycerone phosphate=0.0030625;trichloroacetic acid=0.0245749569208685  ",5.3.1.1, , , , , 
231,338.0,3552.0,triose-phosphate isomerase,kegg:C00118 = kegg:C00111,CHB_29052 = CHB_16108,D-glyceraldehyde 3-phosphate(aq) = glycerone phosphate(aq),Meyerhof O.; Junowicz-Kocholaty R.; J. Biol. Chem.; 149 71 (1943).,43MEY/JUN_1281, , ,312.15,7.0,21, ,chemical analysis and polarimetry, ,"mol/L;D-fructose 1,6-bisphosphate=0.00187;D-glyceraldehyde 3-phosphate=0.0001194;glycerone phosphate=0.002342;trichloroacetic acid=0.0161071058107995  ",5.3.1.1, , , , , 
232,336.0,3551.0,triose-phosphate isomerase,kegg:C00118 = kegg:C00111,CHB_29052 = CHB_16108,D-glyceraldehyde 3-phosphate(aq) = glycerone phosphate(aq),Meyerhof O.; Junowicz-Kocholaty R.; J. Biol. Chem.; 149 71 (1943).,43MEY/JUN_1281, , ,333.15,7.0,25, ,chemical analysis and polarimetry, ,"mol/L;D-fructose 1,6-bisphosphate=0.002785;D-glyceraldehyde 3-phosphate=0.00020825;glycerone phosphate=0.00512333333333333;trichloroacetic acid=0.0158657275544206  ",5.3.1.1, , , , , 
233,331.0,825.0,triose-phosphate isomerase and fructose-bisphosphate aldolase,kegg:C00354 = 2 kegg:C00111,CHB_40595 = 2 CHB_16108,"D-fructose 1,6-bisphosphate(aq) = 2 glycerone phosphate(aq)",Meyerhof O.; Junowicz-Kocholaty R.; J. Biol. Chem.; 149 71 (1943).,43MEY/JUN_1292, , ,303.15,7.0,0.002, ,chemical analysis and polarimetry, ,"mol/L;D-fructose 1,6-bisphosphate=0.0052675;D-glyceraldehyde 3-phosphate=0.0001355;glycerone phosphate=0.0030625;trichloroacetic acid=0.0245749569208685  ",4.1.2.13 & 4.1.2.13 & 5.3.1.1 & 5.3.1.1, , , , , 
234,329.0,824.0,triose-phosphate isomerase and fructose-bisphosphate aldolase,kegg:C00354 = 2 kegg:C00111,CHB_40595 = 2 CHB_16108,"D-fructose 1,6-bisphosphate(aq) = 2 glycerone phosphate(aq)",Meyerhof O.; Junowicz-Kocholaty R.; J. Biol. Chem.; 149 71 (1943).,43MEY/JUN_1292, , ,311.15,7.0,0.0024, ,chemical analysis and polarimetry, ,"mol/L;D-fructose 1,6-bisphosphate=0.0043725;D-glyceraldehyde 3-phosphate=0.000156;glycerone phosphate=0.00317;trichloroacetic acid=0.0182537191667588  ",4.1.2.13 & 4.1.2.13 & 5.3.1.1 & 5.3.1.1, , , , , 
235,330.0,826.0,triose-phosphate isomerase and fructose-bisphosphate aldolase,kegg:C00354 = 2 kegg:C00111,CHB_40595 = 2 CHB_16108,"D-fructose 1,6-bisphosphate(aq) = 2 glycerone phosphate(aq)",Meyerhof O.; Junowicz-Kocholaty R.; J. Biol. Chem.; 149 71 (1943).,43MEY/JUN_1292, , ,313.15,7.0,0.003, ,chemical analysis and polarimetry, ,"mol/L;D-fructose 1,6-bisphosphate=0.00187;D-glyceraldehyde 3-phosphate=0.0001194;glycerone phosphate=0.002342;trichloroacetic acid=0.0161071058107995  ",4.1.2.13 & 4.1.2.13 & 5.3.1.1 & 5.3.1.1, , , , , 
236,328.0,827.0,triose-phosphate isomerase and fructose-bisphosphate aldolase,kegg:C00354 = 2 kegg:C00111,CHB_40595 = 2 CHB_16108,"D-fructose 1,6-bisphosphate(aq) = 2 glycerone phosphate(aq)",Meyerhof O.; Junowicz-Kocholaty R.; J. Biol. Chem.; 149 71 (1943).,43MEY/JUN_1292, , ,333.15,7.0,0.011, ,chemical analysis and polarimetry, ,"mol/L;D-fructose 1,6-bisphosphate=0.002785;D-glyceraldehyde 3-phosphate=0.00020825;glycerone phosphate=0.00512333333333333;trichloroacetic acid=0.0158657275544206  ",4.1.2.13 & 4.1.2.13 & 5.3.1.1 & 5.3.1.1, , , , , 
237,,3873.0,acetate kinase,kegg:C00002 + kegg:C00033 = kegg:C00008 + kegg:C00227, ,ATP(aq) + acetate(aq) = ADP(aq) + acetyl phosphate(aq),Lipmann F.; J. Biol. Chem.; 155 55 (1944).,44LIP_572, , ,310.15,6.5,0.0056, ,chemical analysis,phosphate (0.1 mol dm-3), ,2.7.2.1, , , , , 
238,343.0,4129.0,aspartate transaminase,kegg:C00049 + kegg:C00026 = kegg:C00036 + kegg:C00025,CHB_16810 + CHB_29991 = CHB_16452 + CHB_29985,L-aspartate(aq) + 2-oxoglutarate(aq) = oxaloacetate(aq) + L-glutamate(aq),Darling S.; Acta Physiol. Scand.; 10 150 (1945).,45DAR_496, , ,298.15,7.15,0.18, ,spectrophotometry,phosphate (0.2 mol dm-3),mol/L;phosphate buffer=0.067;L-aspartate=0.05;2-oxoglutarate=0.05;oxaloacetate=0;L-glutamate=0  ,2.6.1.1, , , , , 
239,341.0,1591.0,alanine transaminase,kegg:C00041 + kegg:C00026 = kegg:C00022 + kegg:C00025,CHB_16810 + CHB_16977 = CHB_15361 + CHB_29985,L-alanine(aq) + 2-oxoglutarate(aq) = pyruvate(aq) + L-glutamate(aq),Darling S.; Acta Physiol. Scand.; 10 150 (1945).,45DAR_506, , ,298.15,7.15,0.48, ,spectrophotometry,phosphate (0.2 mol dm-3),mol/L;phosphate buffer=0.067;L-alanine=0.05;2-oxoglutarate=0.05;pyruvate=0;L-glutamate=0  ,2.6.1.2, , , , , 
240,342.0,1592.0,alanine transaminase,kegg:C00041 + kegg:C00026 = kegg:C00022 + kegg:C00025,CHB_16810 + CHB_16977 = CHB_15361 + CHB_29985,L-alanine(aq) + 2-oxoglutarate(aq) = pyruvate(aq) + L-glutamate(aq),Darling S.; Acta Physiol. Scand.; 10 150 (1945).,45DAR_506, , ,308.15,7.15,0.48, ,spectrophotometry,phosphate (0.2 mol dm-3),mol/L;phosphate buffer=0.067;L-alanine=0.05;2-oxoglutarate=0.05;pyruvate=0;L-glutamate=0  ,2.6.1.2, , , , , 
241,344.0,3348.0,glyceraldehyde-3-phosphate dehydrogenase,kegg:C00118 + kegg:C00009 + kegg:C00003 = kegg:C00236 + kegg:C00004,CHB_15846 + CHB_26078 + CHB_29052 = CHB_16001 + CHB_16908,D-glyceraldehyde 3-phosphate(aq) + orthophosphate(aq) + NAD(aq) = 3-phospho-D-glyceroyl phosphate(aq) + NADH(aq),Drabkin D.L.; Meyerhof O.; J. Biol. Chem.; 157 571 (1945).,45DRA/MEY_250, , ,296.15,7.2,0.36, ,spectrophotometry, ,mol/L;D-glyceraldehyde 3-phosphate=0.0029;phosphate=0.0245266666666667;arsenate=0.000175;glutathione=0.0028  ,1.2.1.12, , , , , 
242,346.0,3346.0,glyceraldehyde-3-phosphate dehydrogenase,kegg:C00118 + kegg:C00009 + kegg:C00003 = kegg:C00236 + kegg:C00004,CHB_15846 + CHB_26078 + CHB_29052 = CHB_16001 + CHB_16908,D-glyceraldehyde 3-phosphate(aq) + orthophosphate(aq) + NAD(aq) = 3-phospho-D-glyceroyl phosphate(aq) + NADH(aq),Drabkin D.L.; Meyerhof O.; J. Biol. Chem.; 157 571 (1945).,45DRA/MEY_250, , ,296.15,8.0,1.3, ,spectrophotometry, ,mol/L;D-glyceraldehyde 3-phosphate=0.00197333333333333;phosphate=0.0446;arsenate=0.000175;glutathione=0.0028  ,1.2.1.12, , , , , 
243,345.0,3347.0,glyceraldehyde-3-phosphate dehydrogenase,kegg:C00118 + kegg:C00009 + kegg:C00003 = kegg:C00236 + kegg:C00004,CHB_15846 + CHB_26078 + CHB_29052 = CHB_16001 + CHB_16908,D-glyceraldehyde 3-phosphate(aq) + orthophosphate(aq) + NAD(aq) = 3-phospho-D-glyceroyl phosphate(aq) + NADH(aq),Drabkin D.L.; Meyerhof O.; J. Biol. Chem.; 157 571 (1945).,45DRA/MEY_250, , ,296.15,8.3,0.92, ,spectrophotometry, ,mol/L;D-glyceraldehyde 3-phosphate=0.00287;phosphate=0.0306833333333333;arsenate=0.000175;glutathione=0.0028  ,1.2.1.12, , , , , 
244,348.0,2295.0,aspartate transaminase,kegg:C00049 + kegg:C00026 = kegg:C00036 + kegg:C00025,CHB_16810 + CHB_29991 = CHB_16452 + CHB_29985,L-aspartate(aq) + 2-oxoglutarate(aq) = oxaloacetate(aq) + L-glutamate(aq),Green D.E.; Leloir L.F.; Nocito V.; J. Biol. Chem.; 161 559 (1945).,45GRE/LEL_497, , ,311.15,7.3,0.3, ,spectrophotometry,phosphate (0.05 mol dm-3),mol/L;phosphate buffer=0.05;L-aspartate=0.1;2-oxoglutarate=0.05;oxaloacetate=0;L-glutamate=0  ,2.6.1.1, , , , , 
245,347.0,2617.0,alanine transaminase,kegg:C00041 + kegg:C00026 = kegg:C00022 + kegg:C00025,CHB_16810 + CHB_16977 = CHB_15361 + CHB_29985,L-alanine(aq) + 2-oxoglutarate(aq) = pyruvate(aq) + L-glutamate(aq),Green D.E.; Leloir L.F.; Nocito V.; J. Biol. Chem.; 161 559 (1945).,45GRE/LEL_507,21006939.0, ,311.15,7.3,1, ,spectrophotometry,phosphate (0.091 mol dm-3),mol/L;phosphate buffer=0.1;L-alanine=0.2;2-oxoglutarate=0.04;pyruvate=0;L-glutamate=0  ,2.6.1.2, , , , , 
246,,2279.0,fumarate hydratase,kegg:C00122 + kegg:C00001 = kegg:C00149, ,fumarate(aq) + H2O(l) = (S)-malate(aq),Ohlmeyer P.; Hoppe-Seyler's Z. Physiol. Chem.; 282 37 (1945).,45OHL_1144, , ,297.45,6.8, , ,calorimetry,barbital, ,4.2.1.2, , , , ,-16
247,,743.0,acid phosphatase,kegg:C00020 + kegg:C00001 = kegg:C00212 + kegg:C00009, ,AMP(aq) + H2O(l) = adenosine(aq) + orthophosphate(aq),Ohlmeyer P.; Hoppe-Seyler's Z. Physiol. Chem.; 282 37 (1945).,45OHL_816, , ,297.45,3.7, , ,calorimetry,citrate (0.015 mol dm-3), ,3.1.3.2, , , , ,-6.49
248,,742.0,acid phosphatase,kegg:C00002 + 3 kegg:C00001 = kegg:C00212 + 3 kegg:C00009, ,ATP(aq) + 3 H2O(l) = adenosine(aq) + 3 orthophosphate(aq),Ohlmeyer P.; Hoppe-Seyler's Z. Physiol. Chem.; 282 37 (1945).,45OHL_817, , ,297.45,3.7, , ,calorimetry,citrate (0.015 mol dm-3), ,3.1.3.2, , , , ,-107.9
249,, ,acid phosphatase, , ,L-Î±-glycerophosphate(aq) + H2O(l) = glycerol(aq) + orthophosphate(aq),Ohlmeyer P.; Hoppe-Seyler's Z. Physiol. Chem.; 282 37 (1945).,45OHL_822, , ,297.45,4.5, , ,calorimetry,citrate (0.015 mol dm-3), ,3.1.3.2, , , , ,-5.2
250,351.0, ,acid phosphatase, ,CHB_15377 + CHB_15978 = CHB_17754 + CHB_26078,L-Î±-glycerophosphate(aq) + H2O(l) = glycerol(aq) + orthophosphate(aq),Ohlmeyer P.; Z. Naturforsch.; 1 30 (1946).,46OHL_823, , ,274,5.8,22, ,chemical analysis,phosphate,   ,3.1.3.2, ,10.86, , , 
251,352.0, ,acid phosphatase, ,CHB_15377 + CHB_15978 = CHB_17754 + CHB_26078,L-Î±-glycerophosphate(aq) + H2O(l) = glycerol(aq) + orthophosphate(aq),Ohlmeyer P.; Z. Naturforsch.; 1 30 (1946).,46OHL_823, , ,293,5.8,21, ,chemical analysis,phosphate,   ,3.1.3.2, ,11.1, , , 
252,349.0, ,acid phosphatase, ,CHB_15377 + CHB_15978 = CHB_17754 + CHB_26078,L-Î±-glycerophosphate(aq) + H2O(l) = glycerol(aq) + orthophosphate(aq),Ohlmeyer P.; Z. Naturforsch.; 1 30 (1946).,46OHL_823, , ,293,5.8,75, ,chemical analysis,phosphate,   ,3.1.3.2, ,2.72, , , 
253,350.0, ,acid phosphatase, ,CHB_15377 + CHB_15978 = CHB_17754 + CHB_26078,L-Î±-glycerophosphate(aq) + H2O(l) = glycerol(aq) + orthophosphate(aq),Ohlmeyer P.; Z. Naturforsch.; 1 30 (1946).,46OHL_823, , ,310,5.8,19, ,chemical analysis,phosphate,   ,3.1.3.2, ,10.86, , , 
254,353.0,155.0,phosphoglycerate kinase,kegg:C00002 + kegg:C00197 = kegg:C00008 + kegg:C00236,CHB_15422 + CHB_17794 = CHB_16001 + CHB_16761,ATP(aq) + 3-phospho-D-glycerate(aq) = ADP(aq) + 3-phospho-D-glyceroyl phosphate(aq),B|cher T.; Biochim. Biophys. Acta; 1 292 (1947),47BUC_578, , ,298.15,6.9,0.00031, ,spectrophotometry, ,mol/L;ADP=0.000028;ATP=0.000854;3-phospho-D-glyceroyl phosphate=0.0000021;3-phospho-D-glycerate=0.000224  ,2.7.2.3, , , , , 
255,360.0,1221.0,triose-phosphate isomerase,kegg:C00118 = kegg:C00111,CHB_29052 = CHB_16108,D-glyceraldehyde 3-phosphate(aq) = glycerone phosphate(aq),Meyerhof O.; Oesper P.; J. Biol. Chem.; 170 1 (1947).,47MEY/OES_1282, , ,298.15,8.0,17, ,chemical analysis and polarimetry,barbital + acetate,mol/L;orthophosphate=0.156;D-glyceraldehyde 3-phosphate=0.002036364  ,5.3.1.1, , , , , 
256,,2623.0,glyceraldehyde-3-phosphate dehydrogenase,kegg:C00118 + kegg:C00009 + kegg:C00003 = kegg:C00236 + kegg:C00004, ,D-glyceraldehyde 3-phosphate(aq) + orthophosphate(aq) + NAD(aq) = 3-phospho-D-glyceroyl phosphate(aq) + NADH(aq),Meyerhof O.; Oesper P.; J. Biol. Chem.; 170 1 (1947).,47MEY/OES_251, , ,298.15,6.0,0.71, ,spectrophotometry,pyrophosphate orthophosphate and veronal-acetate, ,1.2.1.12, , , , , 
257,357.0,2622.0,glyceraldehyde-3-phosphate dehydrogenase,kegg:C00118 + kegg:C00009 + kegg:C00003 = kegg:C00236 + kegg:C00004,CHB_15846 + CHB_26078 + CHB_29052 = CHB_16001 + CHB_16908,D-glyceraldehyde 3-phosphate(aq) + orthophosphate(aq) + NAD(aq) = 3-phospho-D-glyceroyl phosphate(aq) + NADH(aq),Meyerhof O.; Oesper P.; J. Biol. Chem.; 170 1 (1947).,47MEY/OES_251, , ,298.15,6.95,0.69, ,spectrophotometry,pyrophosphate orthophosphate and veronal-acetate,mol/L;NADH=0.00009744;NAD=5.87195359406758E-05;orthophosphate=0.29108;D-glyceraldehyde 3-phosphate=0.001014  ,1.2.1.12, , , , , 
258,358.0,2619.0,glyceraldehyde-3-phosphate dehydrogenase,kegg:C00118 + kegg:C00009 + kegg:C00003 = kegg:C00236 + kegg:C00004,CHB_15846 + CHB_26078 + CHB_29052 = CHB_16001 + CHB_16908,D-glyceraldehyde 3-phosphate(aq) + orthophosphate(aq) + NAD(aq) = 3-phospho-D-glyceroyl phosphate(aq) + NADH(aq),Meyerhof O.; Oesper P.; J. Biol. Chem.; 170 1 (1947).,47MEY/OES_251, , ,298.15,7.0,0.55, ,spectrophotometry,pyrophosphate orthophosphate and veronal-acetate,mol/L;NADH=6.22222222222222E-05;NAD=0.000101336445460964;orthophosphate=0.156;D-glyceraldehyde 3-phosphate=0.000860666666666667;veronal acetate buffer=0.03  ,1.2.1.12, , , , , 
259,,2620.0,glyceraldehyde-3-phosphate dehydrogenase,kegg:C00118 + kegg:C00009 + kegg:C00003 = kegg:C00236 + kegg:C00004, ,D-glyceraldehyde 3-phosphate(aq) + orthophosphate(aq) + NAD(aq) = 3-phospho-D-glyceroyl phosphate(aq) + NADH(aq),Meyerhof O.; Oesper P.; J. Biol. Chem.; 170 1 (1947).,47MEY/OES_251, , ,298.15,7.15,1.4, ,spectrophotometry,pyrophosphate orthophosphate and veronal-acetate, ,1.2.1.12, , , , , 
260,,2621.0,glyceraldehyde-3-phosphate dehydrogenase,kegg:C00118 + kegg:C00009 + kegg:C00003 = kegg:C00236 + kegg:C00004, ,D-glyceraldehyde 3-phosphate(aq) + orthophosphate(aq) + NAD(aq) = 3-phospho-D-glyceroyl phosphate(aq) + NADH(aq),Meyerhof O.; Oesper P.; J. Biol. Chem.; 170 1 (1947).,47MEY/OES_251, , ,298.15,8.2,17., ,spectrophotometry,pyrophosphate orthophosphate and veronal-acetate, ,1.2.1.12, , , , , 
261,,2802.0,nicotinamide-nucleotide adenylyltransferase,kegg:C00002 + kegg:C00455 = kegg:C00003 + kegg:C00013, ,ATP(aq) + Î²-nicotinamide mononucleotide(aq) = NAD(aq) + pyrophosphate(aq),Kornberg A.; J. Biol. Chem.; 176 1475 (1948).,48KOR_676,18098602.0, ,311.15,7.4,0.4, ,spectrophotometry,glycylglycine (0.05 mol dm-3), ,2.7.7.1, , , , , 
262,363.0,1423.0,isocitrate dehydrogenase (NADP+),kegg:C00311 + kegg:C00006 + kegg:C00001 = kegg:C00026 + kegg:C00005 + kegg:C00288,CHB_16087 + CHB_18009 = CHB_16474 + CHB_16526 + CHB_16810,isocitrate(aq) + NADP(aq) + H2O(l) = 2-oxoglutarate(aq) + NADPH(aq) + carbon dioxide(aq),Ochoa S.; J. Biol. Chem.; 174 133 (1948).,48OCH_152,18914071.0, ,295.15,6.95,0.76, ,spectrophotometry,carbonate/bicarbonate,mol/L;(Na)1(HCO3)1=0.02756;isocitrate=0.000021367;NADPH=0.000011321;NADP=0.000012599;2-oxoglutarate=0.006395321;carbon dioxide=0.005120321;(Mn)1(Cl)2=0.0006  ,1.1.1.42, , , , , 
263,371.0,2739.0,fumarate hydratase,kegg:C00122 + kegg:C00001 = kegg:C00149,CHB_15377 + CHB_29806 = CHB_15589,fumarate(aq) + H2O(l) = (S)-malate(aq),Scott E.M.; Powell R.; J. Am. Chem. Soc.; 70 1104 (1948).,48SCO/POW_1145,18909182.0,10.1021/ja01183a070,288.3,7.29,4.86, ,chemical analysis,phosphate,mol/L;IS=0.2;fumarate=0.0170648464163823;(S)-malate=0.0829351535836177;phosphate buffer IS=0.2;(Na)1=0.2  ,4.2.1.2, , ,0.2, , 
264,370.0,2734.0,fumarate hydratase,kegg:C00122 + kegg:C00001 = kegg:C00149,CHB_15377 + CHB_29806 = CHB_15589,fumarate(aq) + H2O(l) = (S)-malate(aq),Scott E.M.; Powell R.; J. Am. Chem. Soc.; 70 1104 (1948).,48SCO/POW_1145,18909182.0,10.1021/ja01183a070,292.8,7.29,4.48, ,chemical analysis,phosphate,mol/L;IS=0.2;fumarate=0.0182481751824818;(S)-malate=0.0817518248175182;phosphate buffer IS=0.2;(Na)1=0.2  ,4.2.1.2, , ,0.2, , 
265,369.0,2738.0,fumarate hydratase,kegg:C00122 + kegg:C00001 = kegg:C00149,CHB_15377 + CHB_29806 = CHB_15589,fumarate(aq) + H2O(l) = (S)-malate(aq),Scott E.M.; Powell R.; J. Am. Chem. Soc.; 70 1104 (1948).,48SCO/POW_1145,18909182.0,10.1021/ja01183a070,298.5,7.29,4.07, ,chemical analysis,phosphate,mol/L;IS=0.2;fumarate=0.019723865877712;(S)-malate=0.080276134122288;phosphate buffer IS=0.2;(Na)1=0.2  ,4.2.1.2, , ,0.2, , 
266,368.0,2740.0,fumarate hydratase,kegg:C00122 + kegg:C00001 = kegg:C00149,CHB_15377 + CHB_29806 = CHB_15589,fumarate(aq) + H2O(l) = (S)-malate(aq),Scott E.M.; Powell R.; J. Am. Chem. Soc.; 70 1104 (1948).,48SCO/POW_1145,18909182.0,10.1021/ja01183a070,303,7.29,3.64, ,chemical analysis,phosphate,mol/L;IS=0.2;fumarate=0.021551724137931;(S)-malate=0.078448275862069;phosphate buffer IS=0.2;(Na)1=0.2  ,4.2.1.2, , ,0.2, , 
267,367.0,2735.0,fumarate hydratase,kegg:C00122 + kegg:C00001 = kegg:C00149,CHB_15377 + CHB_29806 = CHB_15589,fumarate(aq) + H2O(l) = (S)-malate(aq),Scott E.M.; Powell R.; J. Am. Chem. Soc.; 70 1104 (1948).,48SCO/POW_1145,18909182.0,10.1021/ja01183a070,308.1,7.29,3.31, ,chemical analysis,phosphate,mol/L;IS=0.2;fumarate=0.0232018561484919;(S)-malate=0.0767981438515081;phosphate buffer IS=0.2;(Na)1=0.2  ,4.2.1.2, , ,0.2, , 
268,366.0,2736.0,fumarate hydratase,kegg:C00122 + kegg:C00001 = kegg:C00149,CHB_15377 + CHB_29806 = CHB_15589,fumarate(aq) + H2O(l) = (S)-malate(aq),Scott E.M.; Powell R.; J. Am. Chem. Soc.; 70 1104 (1948).,48SCO/POW_1145,18909182.0,10.1021/ja01183a070,313.4,7.29,3.13, ,chemical analysis,phosphate,mol/L;IS=0.2;fumarate=0.0242130750605327;(S)-malate=0.0757869249394673;phosphate buffer IS=0.2;(Na)1=0.2  ,4.2.1.2, , ,0.2, , 
269,365.0,2737.0,fumarate hydratase,kegg:C00122 + kegg:C00001 = kegg:C00149,CHB_15377 + CHB_29806 = CHB_15589,fumarate(aq) + H2O(l) = (S)-malate(aq),Scott E.M.; Powell R.; J. Am. Chem. Soc.; 70 1104 (1948).,48SCO/POW_1145,18909182.0,10.1021/ja01183a070,318.3,7.29,2.79, ,chemical analysis,phosphate,mol/L;IS=0.2;fumarate=0.0263852242744063;(S)-malate=0.0736147757255937;phosphate buffer IS=0.2;(Na)1=0.2  ,4.2.1.2, , ,0.2, , 
270,364.0,2733.0,fumarate hydratase,kegg:C00122 + kegg:C00001 = kegg:C00149,CHB_15377 + CHB_29806 = CHB_15589,fumarate(aq) + H2O(l) = (S)-malate(aq),Scott E.M.; Powell R.; J. Am. Chem. Soc.; 70 1104 (1948).,48SCO/POW_1145,18909182.0,10.1021/ja01183a070,323.3,7.29,2.46, ,chemical analysis,phosphate,mol/L;IS=0.2;fumarate=0.0289017341040462;(S)-malate=0.0710982658959538;phosphate buffer IS=0.2;(Na)1=0.2  ,4.2.1.2, , ,0.2, , 
271,387.0,535.0,creatine kinase,kegg:C00002 + kegg:C00300 = kegg:C00008 + kegg:C02305,CHB_15422 + CHB_16919 = CHB_16761 + CHB_17287,ATP(aq) + creatine(aq) = ADP(aq) + phosphocreatine(aq),Soreni E.T.; Degtyar R.G.; Ukr. Biokhim. Zh.; 20 234 (1948).,48SOR/DEG_591, , ,310.15,5.98,0.15, ,chemical analysis and spectrophotometry,glycocol,mol/L;(Ca)1(Cl)2=0.077 _ CaCl2 (0.077 mol/L) _ ,2.7.3.2, ,0.0 MgCl2 & 0.077 CaCl2, , , 
272,389.0,538.0,creatine kinase,kegg:C00002 + kegg:C00300 = kegg:C00008 + kegg:C02305,CHB_15422 + CHB_16919 = CHB_16761 + CHB_17287,ATP(aq) + creatine(aq) = ADP(aq) + phosphocreatine(aq),Soreni E.T.; Degtyar R.G.; Ukr. Biokhim. Zh.; 20 234 (1948).,48SOR/DEG_591, , ,310.15,6.02,0.37, ,chemical analysis and spectrophotometry,glycocol,   ,2.7.3.2, ,0.0 CaCl2 & 0.0 MgCl2, , , 
273,388.0,531.0,creatine kinase,kegg:C00002 + kegg:C00300 = kegg:C00008 + kegg:C02305,CHB_15422 + CHB_16919 = CHB_16761 + CHB_17287,ATP(aq) + creatine(aq) = ADP(aq) + phosphocreatine(aq),Soreni E.T.; Degtyar R.G.; Ukr. Biokhim. Zh.; 20 234 (1948).,48SOR/DEG_591, , ,310.15,8.72,0.26, ,chemical analysis and spectrophotometry,glycocol,mol/L;(Ca)1(Cl)2=0.077 _ CaCl2 (0.077 mol/L) _ ,2.7.3.2, ,0.0 MgCl2 & 0.077 CaCl2, , , 
274,377.0,525.0,creatine kinase,kegg:C00002 + kegg:C00300 = kegg:C00008 + kegg:C02305,CHB_15422 + CHB_16919 = CHB_16761 + CHB_17287,ATP(aq) + creatine(aq) = ADP(aq) + phosphocreatine(aq),Soreni E.T.; Degtyar R.G.; Ukr. Biokhim. Zh.; 20 234 (1948).,48SOR/DEG_591, , ,310.15,9.1,0.15, ,chemical analysis and spectrophotometry,glycocol,2.28 = -log[Mg+2] _ mol/L;(Mg)1(Cl)2=0.0052 _ MgCl2 (0.0052 mol/L) _ ,2.7.3.2, ,0.0 CaCl2 & 0.0052 MgCl2, , , 
275,378.0,527.0,creatine kinase,kegg:C00002 + kegg:C00300 = kegg:C00008 + kegg:C02305,CHB_15422 + CHB_16919 = CHB_16761 + CHB_17287,ATP(aq) + creatine(aq) = ADP(aq) + phosphocreatine(aq),Soreni E.T.; Degtyar R.G.; Ukr. Biokhim. Zh.; 20 234 (1948).,48SOR/DEG_591, , ,310.15,9.1,0.29, ,chemical analysis and spectrophotometry,glycocol,2.28 = -log[Mg+2] _ mol/L;(Mg)1(Cl)2=0.0052 _ MgCl2 (0.0052 mol/L) _ ,2.7.3.2, ,0.0 CaCl2 & 0.0052 MgCl2, , , 
276,375.0,521.0,creatine kinase,kegg:C00002 + kegg:C00300 = kegg:C00008 + kegg:C02305,CHB_15422 + CHB_16919 = CHB_16761 + CHB_17287,ATP(aq) + creatine(aq) = ADP(aq) + phosphocreatine(aq),Soreni E.T.; Degtyar R.G.; Ukr. Biokhim. Zh.; 20 234 (1948).,48SOR/DEG_591, , ,310.15,9.1,0.1, ,chemical analysis and spectrophotometry,glycocol,mol/L;(Mg)1(Cl)2=0.0105 _ MgCl2 (0.0105 mol/L) _ ,2.7.3.2, ,0.0 CaCl2 & 0.0105 MgCl2, , , 
277,376.0,526.0,creatine kinase,kegg:C00002 + kegg:C00300 = kegg:C00008 + kegg:C02305,CHB_15422 + CHB_16919 = CHB_16761 + CHB_17287,ATP(aq) + creatine(aq) = ADP(aq) + phosphocreatine(aq),Soreni E.T.; Degtyar R.G.; Ukr. Biokhim. Zh.; 20 234 (1948).,48SOR/DEG_591, , ,310.15,9.1,0.12, ,chemical analysis and spectrophotometry,glycocol,1.98 = -log[Mg+2] _ mol/L;(Mg)1(Cl)2=0.0105 _ MgCl2 (0.0105 mol/L) _ ,2.7.3.2, ,0.0 CaCl2 & 0.0105 MgCl2, , , 
278,379.0,524.0,creatine kinase,kegg:C00002 + kegg:C00300 = kegg:C00008 + kegg:C02305,CHB_15422 + CHB_16919 = CHB_16761 + CHB_17287,ATP(aq) + creatine(aq) = ADP(aq) + phosphocreatine(aq),Soreni E.T.; Degtyar R.G.; Ukr. Biokhim. Zh.; 20 234 (1948).,48SOR/DEG_591, , ,310.15,9.1,0.45, ,chemical analysis and spectrophotometry,glycocol,mol/L;(Ca)1(Cl)2=0.0037 _ CaCl2 (0.0037 mol/L) _ ,2.7.3.2, ,0.0 MgCl2 & 0.0037 CaCl2, , , 
279,374.0,534.0,creatine kinase,kegg:C00002 + kegg:C00300 = kegg:C00008 + kegg:C02305,CHB_15422 + CHB_16919 = CHB_16761 + CHB_17287,ATP(aq) + creatine(aq) = ADP(aq) + phosphocreatine(aq),Soreni E.T.; Degtyar R.G.; Ukr. Biokhim. Zh.; 20 234 (1948).,48SOR/DEG_591, , ,310.15,9.1,0.24, ,chemical analysis and spectrophotometry,glycocol,1.43 = -log[Mg+2] _ mol/L;(Mg)1(Cl)2=0.037 _ MgCl2 (0.037 mol/L) _ ,2.7.3.2, ,0.0 CaCl2 & 0.037 MgCl2, , , 
280,373.0,522.0,creatine kinase,kegg:C00002 + kegg:C00300 = kegg:C00008 + kegg:C02305,CHB_15422 + CHB_16919 = CHB_16761 + CHB_17287,ATP(aq) + creatine(aq) = ADP(aq) + phosphocreatine(aq),Soreni E.T.; Degtyar R.G.; Ukr. Biokhim. Zh.; 20 234 (1948).,48SOR/DEG_591, , ,310.15,9.1,0.13, ,chemical analysis and spectrophotometry,glycocol,1.38 = -log[Mg+2] _ mol/L;(Mg)1(Cl)2=0.042 _ MgCl2 (0.042 mol/L) _ ,2.7.3.2, ,0.0 CaCl2 & 0.042 MgCl2, , , 
281,380.0,528.0,creatine kinase,kegg:C00002 + kegg:C00300 = kegg:C00008 + kegg:C02305,CHB_15422 + CHB_16919 = CHB_16761 + CHB_17287,ATP(aq) + creatine(aq) = ADP(aq) + phosphocreatine(aq),Soreni E.T.; Degtyar R.G.; Ukr. Biokhim. Zh.; 20 234 (1948).,48SOR/DEG_591, , ,310.15,9.1,0.15, ,chemical analysis and spectrophotometry,glycocol,mol/L;(Ca)1(Cl)2=0.0052 _ CaCl2 (0.0052 mol/L) _ ,2.7.3.2, ,0.0 MgCl2 & 0.0052 CaCl2, , , 
282,381.0,532.0,creatine kinase,kegg:C00002 + kegg:C00300 = kegg:C00008 + kegg:C02305,CHB_15422 + CHB_16919 = CHB_16761 + CHB_17287,ATP(aq) + creatine(aq) = ADP(aq) + phosphocreatine(aq),Soreni E.T.; Degtyar R.G.; Ukr. Biokhim. Zh.; 20 234 (1948).,48SOR/DEG_591, , ,310.15,9.1,0.23, ,chemical analysis and spectrophotometry,glycocol,mol/L;(Ca)1(Cl)2=0.0052 _ CaCl2 (0.0052 mol/L) _ ,2.7.3.2, ,0.0 MgCl2 & 0.0052 CaCl2, , , 
283,382.0,533.0,creatine kinase,kegg:C00002 + kegg:C00300 = kegg:C00008 + kegg:C02305,CHB_15422 + CHB_16919 = CHB_16761 + CHB_17287,ATP(aq) + creatine(aq) = ADP(aq) + phosphocreatine(aq),Soreni E.T.; Degtyar R.G.; Ukr. Biokhim. Zh.; 20 234 (1948).,48SOR/DEG_591, , ,310.15,9.1,0.17, ,chemical analysis and spectrophotometry,glycocol,mol/L;(Ca)1(Cl)2=0.0074 _ CaCl2 (0.0074 mol/L) _ ,2.7.3.2, ,0.0 MgCl2 & 0.0074 CaCl2, , , 
284,372.0,537.0,creatine kinase,kegg:C00002 + kegg:C00300 = kegg:C00008 + kegg:C02305,CHB_15422 + CHB_16919 = CHB_16761 + CHB_17287,ATP(aq) + creatine(aq) = ADP(aq) + phosphocreatine(aq),Soreni E.T.; Degtyar R.G.; Ukr. Biokhim. Zh.; 20 234 (1948).,48SOR/DEG_591, , ,310.15,9.1,0.0926, ,chemical analysis and spectrophotometry,glycocol,1.13 = -log[Mg+2] _ mol/L;(Mg)1(Cl)2=0.074 _ MgCl2 (0.074 mol/L) _ ,2.7.3.2, ,0.0 CaCl2 & 0.074 MgCl2, , , 
285,383.0,530.0,creatine kinase,kegg:C00002 + kegg:C00300 = kegg:C00008 + kegg:C02305,CHB_15422 + CHB_16919 = CHB_16761 + CHB_17287,ATP(aq) + creatine(aq) = ADP(aq) + phosphocreatine(aq),Soreni E.T.; Degtyar R.G.; Ukr. Biokhim. Zh.; 20 234 (1948).,48SOR/DEG_591, , ,310.15,9.1,0.1, ,chemical analysis and spectrophotometry,glycocol,mol/L;(Ca)1(Cl)2=0.0105 _ CaCl2 (0.0105 mol/L) _ ,2.7.3.2, ,0.0 MgCl2 & 0.0105 CaCl2, , , 
286,384.0,523.0,creatine kinase,kegg:C00002 + kegg:C00300 = kegg:C00008 + kegg:C02305,CHB_15422 + CHB_16919 = CHB_16761 + CHB_17287,ATP(aq) + creatine(aq) = ADP(aq) + phosphocreatine(aq),Soreni E.T.; Degtyar R.G.; Ukr. Biokhim. Zh.; 20 234 (1948).,48SOR/DEG_591, , ,310.15,9.1,0.13, ,chemical analysis and spectrophotometry,glycocol,mol/L;(Ca)1(Cl)2=0.0105 _ CaCl2 (0.0105 mol/L) _ ,2.7.3.2, ,0.0 MgCl2 & 0.0105 CaCl2, , , 
287,385.0,529.0,creatine kinase,kegg:C00002 + kegg:C00300 = kegg:C00008 + kegg:C02305,CHB_15422 + CHB_16919 = CHB_16761 + CHB_17287,ATP(aq) + creatine(aq) = ADP(aq) + phosphocreatine(aq),Soreni E.T.; Degtyar R.G.; Ukr. Biokhim. Zh.; 20 234 (1948).,48SOR/DEG_591, , ,310.15,9.1,0.13, ,chemical analysis and spectrophotometry,glycocol,mol/L;(Ca)1(Cl)2=0.0148 _ CaCl2 (0.0148 mol/L) _ ,2.7.3.2, ,0.0 MgCl2 & 0.0148 CaCl2, , , 
288,386.0,536.0,creatine kinase,kegg:C00002 + kegg:C00300 = kegg:C00008 + kegg:C02305,CHB_15422 + CHB_16919 = CHB_16761 + CHB_17287,ATP(aq) + creatine(aq) = ADP(aq) + phosphocreatine(aq),Soreni E.T.; Degtyar R.G.; Ukr. Biokhim. Zh.; 20 234 (1948).,48SOR/DEG_591, , ,310.15,9.1,0.1, ,chemical analysis and spectrophotometry,glycocol,1.98 = -log[Mg+2] _ mol/L;(Ca)1(Cl)2=0.042 _ CaCl2 (0.042 mol/L) _ ,2.7.3.2, ,0.0 MgCl2 & 0.042 CaCl2, , , 
289,390.0,520.0,creatine kinase,kegg:C00002 + kegg:C00300 = kegg:C00008 + kegg:C02305,CHB_15422 + CHB_16919 = CHB_16761 + CHB_17287,ATP(aq) + creatine(aq) = ADP(aq) + phosphocreatine(aq),Soreni E.T.; Degtyar R.G.; Ukr. Biokhim. Zh.; 20 234 (1948).,48SOR/DEG_591, , ,310.15,9.1,7.94, ,chemical analysis and spectrophotometry,glycocol,   ,2.7.3.2, ,0.0 CaCl2 & 0.0 MgCl2, , , 
290,391.0,3836.0,glycerol-3-phosphate dehydrogenase (NAD+),kegg:C00093 + kegg:C00003 = kegg:C00111 + kegg:C00004,CHB_15846 + CHB_15978 = CHB_16108 + CHB_16908,sn-glycerol 3-phosphate(aq) + NAD(aq) = dihydroxyacetone phosphate(aq) + NADH(aq),Baranowski T.; J. Biol. Chem.; 180 535 (1949).,49BAR_43,18135786.0, ,295.15,7.0,7.10E-05, ,spectrophotometry,phosphate (0.067 mol dm-3),mol/L;phosphate buffer=0.0666667  ,1.1.1.8, , , , , 
291,392.0,1233.0,acetylcholinesterase,kegg:C01996 + kegg:C00001 = kegg:C00033 + kegg:C00114,CHB_15355 + CHB_15377 = CHB_15354 + CHB_30089,acetylcholine(aq) + H2O(l) = acetate(aq) + choline(aq),Hestrin S.; J. Biol. Chem.; 180 879 (1949).,49HES_743,18135821.0, ,296.15,5.1,538, ,spectrophotometry, ,mol/L;acetate=0.0014;choline=0.0014;(Na)1(Cl)1=0.0014;acetylcholine=0.00000365  ,3.1.1.7, , , , , 
292,394.0,3129.0,alkaline phosphatase,kegg:C00354 + kegg:C00001 = kegg:C01094 + kegg:C00009,CHB_15377 + CHB_40595 = CHB_26078 + CHB_37515,"D-fructose 1,6-bisphosphate(aq) + H2O(l) = D-fructose 1-phosphate(aq) + orthophosphate(aq)",Meyerhof O.; Green H.; J. Biol. Chem.; 178 655 (1949).,49MEY/GRE_762, , ,311.15,8.5,14, ,chemical analysis, ,   ,3.1.3.1, , , , , 
293,396.0,3130.0,alkaline phosphatase,kegg:C00354 + kegg:C00001 = kegg:C00085 + kegg:C00009,CHB_15377 + CHB_40595 = CHB_26078 + CHB_61553,"D-fructose 1,6-bisphosphate(aq) + H2O(l) = D-fructose 6-phosphate(aq) + orthophosphate(aq)",Meyerhof O.; Green H.; J. Biol. Chem.; 178 655 (1949).,49MEY/GRE_763, , ,311.15,8.5,6.3, ,chemical analysis, ,   ,3.1.3.1, , , , , 
294,397.0,3127.0,alkaline phosphatase,kegg:C01094 + kegg:C00001 = kegg:C00095 + kegg:C00009,CHB_15377 + CHB_37515 = CHB_26078 + CHB_37721,D-fructose 1-phosphate(aq) + H2O(l) = D-fructose(aq) + orthophosphate(aq),Meyerhof O.; Green H.; J. Biol. Chem.; 178 655 (1949).,49MEY/GRE_764, , ,311.15,8.5,53, ,chemical analysis, ,   ,3.1.3.1, , , , , 
295,399.0,3128.0,alkaline phosphatase,kegg:C00085 + kegg:C00001 = kegg:C00095 + kegg:C00009,CHB_15377 + CHB_61553 = CHB_26078 + CHB_37721,D-fructose 6-phosphate(aq) + H2O(l) = D-fructose(aq) + orthophosphate(aq),Meyerhof O.; Green H.; J. Biol. Chem.; 178 655 (1949).,49MEY/GRE_765, , ,311.15,8.5,124, ,chemical analysis, ,   ,3.1.3.1, , , , , 
296,401.0,3132.0,alkaline phosphatase,kegg:C01113 + kegg:C00001 = kegg:C00124 + kegg:C00009,CHB_15377 + CHB_4141 = CHB_26078 + CHB_4139,D-galactose 6-phosphate(aq) + H2O(l) = D-galactose(aq) + orthophosphate(aq),Meyerhof O.; Green H.; J. Biol. Chem.; 178 655 (1949).,49MEY/GRE_768, , ,311.15,8.5,87, ,chemical analysis, ,   ,3.1.3.1, , , , , 
297,402.0,3549.0,alkaline phosphatase,kegg:C00092 + kegg:C00001 = kegg:C00031 + kegg:C00009,CHB_15377 + CHB_4170 = CHB_26078 + CHB_4167,D-glucose 6-phosphate(aq) + H2O(l) = D-glucose(aq) + orthophosphate(aq),Meyerhof O.; Green H.; J. Biol. Chem.; 178 655 (1949).,49MEY/GRE_770, , ,311.15,8.5,62, ,chemical analysis, ,   ,3.1.3.1, , , , , 
298,405.0, ,alkaline phosphatase, ,CHB_15377 + CHB_15978 = CHB_17754 + CHB_26078,L-Î±-glycerophosphate(aq) + H2O(l) = glycerol(aq) + orthophosphate(aq),Meyerhof O.; Green H.; J. Biol. Chem.; 178 655 (1949).,49MEY/GRE_778, , ,311.15,8.5,16, ,chemical analysis, ,   ,3.1.3.1, , , , , 
299,403.0,1932.0,alkaline phosphatase,kegg:C00275 + kegg:C00001 = kegg:C00159 + kegg:C00009,CHB_15377 + CHB_43896 = CHB_26078 + CHB_4208,D-mannose 6-phosphate(aq) + H2O(l) = D-mannose(aq) + orthophosphate(aq),Meyerhof O.; Green H.; J. Biol. Chem.; 178 655 (1949).,49MEY/GRE_786, , ,311.15,8.5,39, ,chemical analysis, ,   ,3.1.3.1, , , , , 
300,398.0,4449.0,acid phosphatase,kegg:C01094 + kegg:C00001 = kegg:C00095 + kegg:C00009,CHB_15377 + CHB_37515 = CHB_26078 + CHB_37721,D-fructose 1-phosphate(aq) + H2O(l) = D-fructose(aq) + orthophosphate(aq),Meyerhof O.; Green H.; J. Biol. Chem.; 178 655 (1949).,49MEY/GRE_818, , ,311.15,5.8,168, ,chemical analysis, ,   ,3.1.3.2, , , , , 
301,400.0,3991.0,acid phosphatase,kegg:C00085 + kegg:C00001 = kegg:C00095 + kegg:C00009,CHB_15377 + CHB_61553 = CHB_26078 + CHB_37721,D-fructose 6-phosphate(aq) + H2O(l) = D-fructose(aq) + orthophosphate(aq),Meyerhof O.; Green H.; J. Biol. Chem.; 178 655 (1949).,49MEY/GRE_819, , ,311.15,5.8,260, ,chemical analysis, ,   ,3.1.3.2, , , , , 
302,393.0,848.0,acid phosphatase,kegg:C00354 + kegg:C00001 = kegg:C01094 + kegg:C00009,CHB_15377 + CHB_40595 = CHB_26078 + CHB_37515,"D-fructose 1,6-bisphosphate(aq) + H2O(l) = D-fructose 1-phosphate(aq) + orthophosphate(aq)",Meyerhof O.; Green H.; J. Biol. Chem.; 178 655 (1949).,49MEY/GRE_820, , ,311.15,5.8,8, ,chemical analysis, ,   ,3.1.3.2, , , , , 
303,395.0,803.0,acid phosphatase,kegg:C00354 + kegg:C00001 = kegg:C00085 + kegg:C00009,CHB_15377 + CHB_40595 = CHB_26078 + CHB_61553,"D-fructose 1,6-bisphosphate(aq) + H2O(l) = D-fructose 6-phosphate(aq) + orthophosphate(aq)",Meyerhof O.; Green H.; J. Biol. Chem.; 178 655 (1949).,49MEY/GRE_821, , ,311.15,5.8,5.3, ,chemical analysis, ,   ,3.1.3.2, , , , , 
304,404.0, ,acid phosphatase, ,CHB_15377 + CHB_15978 = CHB_17754 + CHB_26078,L-Î±-glycerophosphate(aq) + H2O(l) = glycerol(aq) + orthophosphate(aq),Meyerhof O.; Green H.; J. Biol. Chem.; 178 655 (1949).,49MEY/GRE_824,18116987.0, ,311.15,5.8,40, ,chemical analysis, ,   ,3.1.3.2, , , , , 
305,407.0,1210.0,phosphopyruvate hydratase,kegg:C00631 = kegg:C00074 + kegg:C00001,CHB_17835 = CHB_15377 + CHB_18021,2-phospho-D-glycerate(aq) = phosphoenolpyruvate(aq) + H2O(l),Meyerhof O.; Oesper P.; J. Biol. Chem.; 179 1371 (1949).,49MEY/OES_1172, , ,297.15, ,2.9, ,chemical analysis and radioactivity,bicarbonate,mol/L;(Mg)1=0.00297619047619048;(Na)1(HCO3)1=0.0453514739229025;(K)1(Cl)1=0.314285714285714  ,4.2.1.11, , , , , 
306,406.0,1487.0,phosphoglycerate mutase,kegg:C00631 = kegg:C00197,CHB_17835 = CHB_17794,2-phospho-D-glycerate(aq) = 3-phospho-D-glycerate(aq),Meyerhof O.; Oesper P.; J. Biol. Chem.; 179 1371 (1949).,49MEY/OES_1388, , ,297.15, ,6, ,polarimetry, ,mol/L;(Mg)1=0.00297619047619048;(Na)1(HCO3)1=0.0453514739229025;(K)1(Cl)1=0.314285714285714  ,5.4.2.1, , , , , 
307,408,2138.0,pyruvate kinase,kegg:C00002 + kegg:C00022 = kegg:C00008 + kegg:C00074,CHB_15361 + CHB_15422 = CHB_16761 + CHB_18021,ATP(aq) + pyruvate(aq) = ADP(aq) + phosphoenolpyruvate(aq),Meyerhof O.; Oesper P.; J. Biol. Chem.; 179 1371 (1949).,49MEY/OES_563,18134595.0, ,303.15, ,0.000556, ,"radioactivity and spectrophotometry, chemical analysis, and radioactivity and spectrophotometry, chemical analysis,",bicarbonate,mol/L;(K)1(Cl)1=0.027027027027027;(Na)1(F)1=0.0810810810810811;(Na)1(HCO3)1=0.0128700128700129;(Mg)1=0.00337837837837838 _ nan _ ,2.7.1.40, , ,, , 
308,409.0,1298.0,arginine kinase,kegg:C00002 + kegg:C00062 = kegg:C00008 + kegg:C05945,CHB_15422 + CHB_16467 = CHB_16761 + CHB_18412,ATP(aq) + L-arginine(aq) = ADP(aq) + NÏ‰-phospho-L-arginine(aq),Sorenyi E.T.; Dvornikova P.D.; Degtyar R.G.; Dokl. Akad. Nauk. SSSR; 67 341 (1949).,49SOR/DVO_615, , ,298.15,6.1,0.002, , ,glycocol,   ,2.7.3.3, , , , , 
309,410.0,1299.0,arginine kinase,kegg:C00002 + kegg:C00062 = kegg:C00008 + kegg:C05945,CHB_15422 + CHB_16467 = CHB_16761 + CHB_18412,ATP(aq) + L-arginine(aq) = ADP(aq) + NÏ‰-phospho-L-arginine(aq),Sorenyi E.T.; Dvornikova P.D.; Degtyar R.G.; Dokl. Akad. Nauk. SSSR; 67 341 (1949).,49SOR/DVO_615, , ,298.15,9.1,0.17, , ,glycocol,   ,2.7.3.3, , , , , 
310,412.0,3260.0,glyceraldehyde-3-phosphate dehydrogenase,kegg:C00118 + kegg:C00009 + kegg:C00003 = kegg:C00236 + kegg:C00004,CHB_15846 + CHB_26078 + CHB_29052 = CHB_16001 + CHB_16908,D-glyceraldehyde 3-phosphate(aq) + orthophosphate(aq) + NAD(aq) = 3-phospho-D-glyceroyl phosphate(aq) + NADH(aq),Cori C.F.; Velick S.F.; Cori G.T.; Biochim. Biophys. Acta; 4 160 (1950).,50COR/VEL_252, , ,298.15,7.08,0.156, ,enzymatic assay and spectrophotometry, ,mol/L;NAD=0.0000462;D-glyceraldehyde 3-phosphate=0.00137;orthophosphate=0.0828;NADH=0.0000286;3-phospho-D-glyceroyl phosphate=0.00005;sodium pyrophosphate buffer=0.03;cysteine buffer=0.003  ,1.2.1.12, , , , , 
311,411.0,3257.0,glyceraldehyde-3-phosphate dehydrogenase,kegg:C00118 + kegg:C00009 + kegg:C00003 = kegg:C00236 + kegg:C00004,CHB_15846 + CHB_26078 + CHB_29052 = CHB_16001 + CHB_16908,D-glyceraldehyde 3-phosphate(aq) + orthophosphate(aq) + NAD(aq) = 3-phospho-D-glyceroyl phosphate(aq) + NADH(aq),Cori C.F.; Velick S.F.; Cori G.T.; Biochim. Biophys. Acta; 4 160 (1950).,50COR/VEL_252, , ,298.15,7.09,0.0984, ,enzymatic assay and spectrophotometry, ,mol/L;NAD=0.0000408;D-glyceraldehyde 3-phosphate=0.00139;orthophosphate=0.0828;NADH=0.0000215;3-phospho-D-glyceroyl phosphate=0.00004;sodium pyrophosphate buffer=0.03;cysteine buffer=0.003  ,1.2.1.12, , , , , 
312,413.0,3258.0,glyceraldehyde-3-phosphate dehydrogenase,kegg:C00118 + kegg:C00009 + kegg:C00003 = kegg:C00236 + kegg:C00004,CHB_15846 + CHB_26078 + CHB_29052 = CHB_16001 + CHB_16908,D-glyceraldehyde 3-phosphate(aq) + orthophosphate(aq) + NAD(aq) = 3-phospho-D-glyceroyl phosphate(aq) + NADH(aq),Cori C.F.; Velick S.F.; Cori G.T.; Biochim. Biophys. Acta; 4 160 (1950).,50COR/VEL_252, , ,298.15,7.85,0.193, ,enzymatic assay and spectrophotometry, ,mol/L;NAD=0.0000445;D-glyceraldehyde 3-phosphate=0.00138;orthophosphate=0.00862;NADH=0.0000101;3-phospho-D-glyceroyl phosphate=0.00005;sodium pyrophosphate buffer=0.03;cysteine buffer=0.003  ,1.2.1.12, , , , , 
313,414.0,3259.0,glyceraldehyde-3-phosphate dehydrogenase,kegg:C00118 + kegg:C00009 + kegg:C00003 = kegg:C00236 + kegg:C00004,CHB_15846 + CHB_26078 + CHB_29052 = CHB_16001 + CHB_16908,D-glyceraldehyde 3-phosphate(aq) + orthophosphate(aq) + NAD(aq) = 3-phospho-D-glyceroyl phosphate(aq) + NADH(aq),Cori C.F.; Velick S.F.; Cori G.T.; Biochim. Biophys. Acta; 4 160 (1950).,50COR/VEL_252, , ,298.15,8.1,0.187, ,enzymatic assay and spectrophotometry, ,mol/L;NAD=0.0000635;D-glyceraldehyde 3-phosphate=0.00136;orthophosphate=0.0086;NADH=0.0000118;3-phospho-D-glyceroyl phosphate=0.00007;sodium pyrophosphate buffer=0.03;cysteine buffer=0.003  ,1.2.1.12, , , , , 
314,415.0,2901.0,purine-nucleoside phosphorylase,kegg:C05512 + kegg:C00009 = kegg:C00262 + kegg:C00672,CHB_26078 + CHB_28997 = CHB_11563 + CHB_17368,2'-deoxyinosine(aq) + orthophosphate(aq) = hypoxanthine(aq) + 2-deoxy-Î±-D-ribose 1-phosphate(aq),Friedkin M.; J. Biol. Chem.; 184 449 (1950).,50FRI_456,15428423.0, ,297.15,7.4,0.019, ,spectrophotometry,Tris (0.03 mol dm-3) + HCl,mol/L;Tris-HCl=0.03  ,2.4.2.1, , , , , 
315,416.0,2521.0,acetylcholinesterase,kegg:C01996 + kegg:C00001 = kegg:C00033 + kegg:C00114,CHB_15355 + CHB_15377 = CHB_15354 + CHB_30089,acetylcholine(aq) + H2O(l) = acetate(aq) + choline(aq),Hestrin S.; Biochim. Biophys. Acta; 4 310 (1950).,50HES_744, , ,296.15,5.1,510, ,spectrophotometry,phosphate,mol/L;(K)2(HPO4)1=0.1;(Na)1(Cl)1=0.05;(Mg)1(Cl)2=0.02;acetylcholine=0.0037;acetate=1.4;choline=1.35  ,3.1.1.7, , , , , 
316,417.0,2522.0,acetylcholinesterase,kegg:C01996 + kegg:C00001 = kegg:C00033 + kegg:C00114,CHB_15355 + CHB_15377 = CHB_15354 + CHB_30089,acetylcholine(aq) + H2O(l) = acetate(aq) + choline(aq),Hestrin S.; Biochim. Biophys. Acta; 4 310 (1950).,50HES_744, , ,296.15,5.9,2175, ,spectrophotometry,phosphate,mol/L;(K)2(HPO4)1=0.1;(Na)1(Cl)1=0.05;(Mg)1(Cl)2=0.02;acetylcholine=0.001;acetate=1.5;choline=1.45  ,3.1.1.7, , , , , 
317,, ,acetylcholinesterase, , ,propionylcholine(aq) + H2O(l) = propionate(aq) + choline(aq),Hestrin S.; Biochim. Biophys. Acta; 4 310 (1950).,50HES_748, , ,291.15,5.0,480, ,spectrophotometry,phosphate, ,3.1.1.7, , , , , 
318,419.0, ,acetylcholinesterase, ,CHB_15377 + PBC_75612 = CHB_15354 + CHB_17272,propionylcholine(aq) + H2O(l) = propionate(aq) + choline(aq),Hestrin S.; Biochim. Biophys. Acta; 4 310 (1950).,50HES_748, , ,291.15,5.8,1730, ,spectrophotometry,phosphate,mol/L;(K)2(HPO4)1=0.1;(Na)1(Cl)1=0.05;(Mg)1(Cl)2=0.02;propionate=1.5;choline=1.45;propionylcholine=0.00126  ,3.1.1.7, , , , , 
319,420.0, ,nicotinamide-nucleotide adenylyltransferase, ,CHB_15422 + CHB_16171 = CHB_15846 + CHB_18361,ATP(aq) + Î²-nicotinamide mononucleotide(aq) = NAD(aq) + pyrophosphate(aq),Kornberg A.; J. Biol. Chem.; 182 779 (1950).,50KOR_677, , ,311.15,7.4,0.45, ,spectrophotometry,glycylglycine (0.06 mol dm-3),mol/L;glycylglycine=0.06;(Mg)1(Cl)2=0.003;ATP=0.00103;nicotinamide mononucleotide=0.00119;NAD=0.00081;pyrophosphate=0.000681  ,2.7.7.1, , , , , 
320,421.0,3724.0,triose-phosphate isomerase,kegg:C00118 = kegg:C00111,CHB_29052 = CHB_16108,D-glyceraldehyde 3-phosphate(aq) = glycerone phosphate(aq),Oesper P.; Meyerhof O.; Arch. Biochem. Biophys.; 27 223 (1950).,50OES/MEY_1283,15419792.0, ,311.15,7.3,22, ,spectrophotometry,barbital + acetate,   ,5.3.1.1, , , , , 
321,, ,cyclomaltodextrin glucanotransferase, , ,Gu(aq) = cyclomaltohexaose(aq) + G(u-6)(aq),"Pazur J.H.; ""Mathematical Analysis of Amylase Reaction""; Thesis Iowa State College (1950)",50PAZ_433, , ,311.15,6.5,0.0134, ,HPLC,phosphate, ,2.4.1.19, , , , , 
322,, ,cyclomaltodextrin glucanotransferase, , ,Gv(aq) = cyclomaltoheptaose(aq) + G(v-7)(aq),"Pazur J.H.; ""Mathematical Analysis of Amylase Reaction""; Thesis Iowa State College (1950)",50PAZ_435, , ,311.15,6.5,0.0334, ,HPLC,phosphate, ,2.4.1.19, , , , , 
323,, ,cyclomaltodextrin glucanotransferase, , ,Gw(aq) = cyclomaltooctaose(aq) + G(w-8)(aq),"Pazur J.H.; ""Mathematical Analysis of Amylase Reaction""; Thesis Iowa State College (1950)",50PAZ_437, , ,311.15,6.5,0.0194, ,HPLC,phosphate, ,2.4.1.19, , , , , 
324,426.0,3112.0,alcohol dehydrogenase,kegg:C00469 + kegg:C00003 = kegg:C00084 + kegg:C00004,CHB_15846 + CHB_16236 = CHB_15343 + CHB_16908,ethanol(aq) + NAD(aq) = acetaldehyde(aq) + NADH(aq),Racker E.; J. Biol. Chem.; 184 313 (1950).,50RAC_11, , ,298.15,7.5,0.000364, ,spectrophotometry,pyrophosphate (0.01 mol dm-3),mol/L;sodium pyrophosphate=0.01  ,1.1.1.1, , , , , 
325,427.0,3116.0,alcohol dehydrogenase,kegg:C00469 + kegg:C00003 = kegg:C00084 + kegg:C00004,CHB_15846 + CHB_16236 = CHB_15343 + CHB_16908,ethanol(aq) + NAD(aq) = acetaldehyde(aq) + NADH(aq),Racker E.; J. Biol. Chem.; 184 313 (1950).,50RAC_11, , ,298.15,8.0,0.00115, ,spectrophotometry,pyrophosphate (0.01 mol dm-3),mol/L;sodium pyrophosphate=0.01  ,1.1.1.1, , , , , 
326,428.0,3115.0,alcohol dehydrogenase,kegg:C00469 + kegg:C00003 = kegg:C00084 + kegg:C00004,CHB_15846 + CHB_16236 = CHB_15343 + CHB_16908,ethanol(aq) + NAD(aq) = acetaldehyde(aq) + NADH(aq),Racker E.; J. Biol. Chem.; 184 313 (1950).,50RAC_11, , ,298.15,8.5,0.00364, ,spectrophotometry,pyrophosphate (0.01 mol dm-3),mol/L;sodium pyrophosphate=0.01  ,1.1.1.1, , , , , 
327,429.0,3113.0,alcohol dehydrogenase,kegg:C00469 + kegg:C00003 = kegg:C00084 + kegg:C00004,CHB_15846 + CHB_16236 = CHB_15343 + CHB_16908,ethanol(aq) + NAD(aq) = acetaldehyde(aq) + NADH(aq),Racker E.; J. Biol. Chem.; 184 313 (1950).,50RAC_11, , ,298.15,9.0,0.0115, ,spectrophotometry,pyrophosphate (0.01 mol dm-3),mol/L;sodium pyrophosphate=0.01  ,1.1.1.1, , , , , 
328,430.0,3114.0,alcohol dehydrogenase,kegg:C00469 + kegg:C00003 = kegg:C00084 + kegg:C00004,CHB_15846 + CHB_16236 = CHB_15343 + CHB_16908,ethanol(aq) + NAD(aq) = acetaldehyde(aq) + NADH(aq),Racker E.; J. Biol. Chem.; 184 313 (1950).,50RAC_11, , ,298.15,9.5,0.0364, ,spectrophotometry,pyrophosphate (0.01 mol dm-3),mol/L;sodium pyrophosphate=0.01  ,1.1.1.1, , , , , 
329,422.0,688.0,L-lactate dehydrogenase,kegg:C00186 + kegg:C00003 = kegg:C00022 + kegg:C00004,CHB_15846 + CHB_16651 = CHB_15361 + CHB_16908,(S)-lactate(aq) + NAD(aq) = pyruvate(aq) + NADH(aq),Racker E.; J. Biol. Chem.; 184 313 (1950).,50RAC_98,15443900.0, ,298.15,7.5,0.000139, ,spectrophotometry,sodium pyrophosphate (0.01 mol dm-3),mol/L;sodium pyrophosphate=0.01  ,1.1.1.27, , , , , 
330,423.0,689.0,L-lactate dehydrogenase,kegg:C00186 + kegg:C00003 = kegg:C00022 + kegg:C00004,CHB_15846 + CHB_16651 = CHB_15361 + CHB_16908,(S)-lactate(aq) + NAD(aq) = pyruvate(aq) + NADH(aq),Racker E.; J. Biol. Chem.; 184 313 (1950).,50RAC_98,15443900.0, ,298.15,8.0,0.00044, ,spectrophotometry,sodium pyrophosphate (0.01 mol dm-3),mol/L;sodium pyrophosphate=0.01  ,1.1.1.27, , , , , 
331,424.0,691.0,L-lactate dehydrogenase,kegg:C00186 + kegg:C00003 = kegg:C00022 + kegg:C00004,CHB_15846 + CHB_16651 = CHB_15361 + CHB_16908,(S)-lactate(aq) + NAD(aq) = pyruvate(aq) + NADH(aq),Racker E.; J. Biol. Chem.; 184 313 (1950).,50RAC_98,15443900.0, ,298.15,8.5,0.00139, ,spectrophotometry,sodium pyrophosphate (0.01 mol dm-3),mol/L;sodium pyrophosphate=0.01  ,1.1.1.27, , , , , 
332,425.0,690.0,L-lactate dehydrogenase,kegg:C00186 + kegg:C00003 = kegg:C00022 + kegg:C00004,CHB_15846 + CHB_16651 = CHB_15361 + CHB_16908,(S)-lactate(aq) + NAD(aq) = pyruvate(aq) + NADH(aq),Racker E.; J. Biol. Chem.; 184 313 (1950).,50RAC_98,15443900.0, ,298.15,9.0,0.0044, ,spectrophotometry,sodium pyrophosphate (0.01 mol dm-3),mol/L;sodium pyrophosphate=0.01  ,1.1.1.27, , , , , 
333,432.0,901.0,mannose-6-phosphate isomerase,kegg:C00275 = kegg:C00085,CHB_43896 = CHB_61553,D-mannose 6-phosphate(aq) = D-fructose 6-phosphate(aq),Slein M.W.; J. Biol. Chem.; 186 753 (1950).,50SLE_1345, , ,303.15,7.4,1.5, ,spectrophotometry,barbital (0.05 mol dm-3),mol/L;barbital buffer=0.0167;(Mg)1(Cl)2=0.0067  ,5.3.1.8, , , , , 
334,431.0,1216.0,glucose-6-phosphate isomerase,kegg:C00092 = kegg:C00085,CHB_4170 = CHB_61553,D-glucose 6-phosphate(aq) = D-fructose 6-phosphate(aq),Slein M.W.; J. Biol. Chem.; 186 753 (1950).,50SLE_1350,14794671.0, ,303.15,7.4,0.45, ,spectrophotometry,barbital (0.05 mol dm-3),mol/L;barbital buffer=0.0167;(Mg)1(Cl)2=0.0067  ,5.3.1.9, , , , , 
335,,2603.0,L-iditol dehydrogenase,kegg:C00794 + kegg:C00003 = kegg:C00095 + kegg:C00004, ,D-sorbitol(aq) + NAD(aq) = D-fructose(aq) + NADH(aq),Blakley R.L.; Biochem. J.; 49 257 (1951).,51BLA_65,14858331.0,10.1042/bj0490257,293.15,8.6,0.24, ,spectrophotometry and chemical analysis,potassium phosphate (0.03 mol dm-3), ,1.1.1.14, , , , , 
336,434.0,59.0,alcohol dehydrogenase,kegg:C00473 + kegg:C00003 = kegg:C00376 + kegg:C00004,CHB_15846 + CHB_50211 = CHB_16908 + CHB_17898,vitamin A alcohol(aq) + NAD(aq) = vitamin A aldehyde(aq) + NADH(aq),Bliss A.F.; Arch. Biochem. Biophys.; 31 197 (1951).,51BLI_35,14830226.0,10.1016/0003-9861(51)90206-8,310.15,7.0,0.033, ,spectrophotometry,sodium pyrophosphate (0.015 mol dm-3),   ,1.1.1.1, , , , , 
337,435.0,60.0,alcohol dehydrogenase,kegg:C00473 + kegg:C00003 = kegg:C00376 + kegg:C00004,CHB_15846 + CHB_50211 = CHB_16908 + CHB_17898,vitamin A alcohol(aq) + NAD(aq) = vitamin A aldehyde(aq) + NADH(aq),Bliss A.F.; Arch. Biochem. Biophys.; 31 197 (1951).,51BLI_35,14830226.0,10.1016/0003-9861(51)90206-8,310.15,8.0,0.33, ,spectrophotometry,sodium pyrophosphate (0.015 mol dm-3),mol/L;sodium pyrophosphate=0.015  ,1.1.1.1, , , , , 
338,436.0,61.0,alcohol dehydrogenase,kegg:C00473 + kegg:C00003 = kegg:C00376 + kegg:C00004,CHB_15846 + CHB_50211 = CHB_16908 + CHB_17898,vitamin A alcohol(aq) + NAD(aq) = vitamin A aldehyde(aq) + NADH(aq),Bliss A.F.; Arch. Biochem. Biophys.; 31 197 (1951).,51BLI_35,14830226.0,10.1016/0003-9861(51)90206-8,310.15,9.0,3.3, ,spectrophotometry,sodium pyrophosphate (0.015 mol dm-3),   ,1.1.1.1, , , , , 
339,437.0, ,chymotrypsin, ,CHB_15377 + MAN_10067 = CHB_42843 + PBC_151021,N-benzoyl-L-tyrosylglycinamide(aq) + H2O(l) = N-benzoyl-L-tyrosine(aq) + glycinamide(aq),Fruton J.S.; Johnston R.B.; Fried M.; J. Biol. Chem.; 190 39 (1951).,51FRU/JOH_971,14841149.0, ,298.15,8.0,5, ,radioactivity, ,mol/L;glycinamide=0.05;N-benzoyl-L-tyrosine=0.025;N-benzoyl-L-tyrosylglycinamide=0.00026  ,3.4.21.1, , , , , 
340,,268.0,purine-nucleoside phosphorylase,kegg:C00153 + kegg:C00620 = kegg:C03150 + kegg:C00009, ,nicotinamide(aq) + Î±-D-ribose 1-phosphate(aq) = nicotinamide riboside(aq) + orthophosphate(aq),Rowen J.W.; Kornberg A.; J. Biol. Chem.; 193 497 (1951).,51ROW/KOR_465,14907738.0, ,298.15,7.4,0.00036, ,fluorimetry and spectrophotometry,glycylglycine (0.05 mol dm-3), ,2.4.2.1, , , , , 
341,443.0,91.0,alcohol dehydrogenase,kegg:C00469 + kegg:C00003 = kegg:C00084 + kegg:C00004,CHB_15846 + CHB_16236 = CHB_15343 + CHB_16908,ethanol(aq) + NAD(aq) = acetaldehyde(aq) + NADH(aq),Theorell H.; Bonnichsen R.; Acta Chem. Scand.; 5 1105 (1951).,51THE/BON_12, , ,293.15,10.0,0.09, ,spectrophotometry,phosphate (0.05 mol dm-3) and {glycine (0.10 mol dm-3)+ NaOH},mol/L;glycine-NaOH=0.05  ,1.1.1.1, , , , , 
342,440.0,89.0,alcohol dehydrogenase,kegg:C00469 + kegg:C00003 = kegg:C00084 + kegg:C00004,CHB_15846 + CHB_16236 = CHB_15343 + CHB_16908,ethanol(aq) + NAD(aq) = acetaldehyde(aq) + NADH(aq),Theorell H.; Bonnichsen R.; Acta Chem. Scand.; 5 1105 (1951).,51THE/BON_12, , ,293.15,7.0,0.00011, ,spectrophotometry,phosphate (0.05 mol dm-3) and {glycine (0.10 mol dm-3)+ NaOH},mol/L;phosphate buffer=0.05  ,1.1.1.1, , , , , 
343,441.0,92.0,alcohol dehydrogenase,kegg:C00469 + kegg:C00003 = kegg:C00084 + kegg:C00004,CHB_15846 + CHB_16236 = CHB_15343 + CHB_16908,ethanol(aq) + NAD(aq) = acetaldehyde(aq) + NADH(aq),Theorell H.; Bonnichsen R.; Acta Chem. Scand.; 5 1105 (1951).,51THE/BON_12, , ,293.15,8.0,0.00071, ,spectrophotometry,phosphate (0.05 mol dm-3) and {glycine (0.10 mol dm-3)+ NaOH},mol/L;pyrophosphate buffer=0.05  ,1.1.1.1, , , , , 
344,442.0,90.0,alcohol dehydrogenase,kegg:C00469 + kegg:C00003 = kegg:C00084 + kegg:C00004,CHB_15846 + CHB_16236 = CHB_15343 + CHB_16908,ethanol(aq) + NAD(aq) = acetaldehyde(aq) + NADH(aq),Theorell H.; Bonnichsen R.; Acta Chem. Scand.; 5 1105 (1951).,51THE/BON_12, , ,293.15,9.0,0.0105, ,spectrophotometry,phosphate (0.05 mol dm-3) and {glycine (0.10 mol dm-3)+ NaOH},mol/L;pyrophosphate buffer=0.05  ,1.1.1.1, , , , , 
345,444.0,243.0,alanine racemase,kegg:C00041 = kegg:C00133,CHB_16977 = CHB_15570,L-alanine(aq) = D-alanine(aq),Wood W.A.; Gunslaus I.C.; J. Biol. Chem.; 190 403 (1951).,51WOO/GUN_1233,14841188.0, ,310.15,8.1,1, ,enzymatic assay and manometry,phosphate (0.011 mol dm-3),mol/L;phosphate buffer=0.1  ,5.1.1.1, , , , , 
346,446.0,1936.0,creatine kinase,kegg:C00002 + kegg:C00300 = kegg:C00008 + kegg:C02305,CHB_15422 + CHB_16919 = CHB_16761 + CHB_17287,ATP(aq) + creatine(aq) = ADP(aq) + phosphocreatine(aq),Askonas B.A.; Thesis Cambridge University (1952).,52ASK_592, , ,311.15,8.5,0.04, , ,borate barbital acetate glycine and ethanolamine,   ,2.7.3.2, , , , , 
347,445.0,1937.0,creatine kinase,kegg:C00002 + kegg:C00300 = kegg:C00008 + kegg:C02305,CHB_15422 + CHB_16919 = CHB_16761 + CHB_17287,ATP(aq) + creatine(aq) = ADP(aq) + phosphocreatine(aq),Askonas B.A.; Thesis Cambridge University (1952).,52ASK_592, , ,311.15,8.5,0.2, , ,borate barbital acetate glycine and ethanolamine,   ,2.7.3.2, , , , , 
348,,2296.0,_-fructofuranosidase,kegg:C00089 + kegg:C00001 = kegg:C00031 + kegg:C00095, ,sucrose(aq) + H2O(l) = D-glucose(aq) + D-fructose(aq),Bauer C.R.; Gemmill C.L.; Arch. Biochem. Biophys.; 35 110 (1952).,52BAU/GEM_942, , ,303.15,4.5, , ,calorimetry,acetate (0.03 mol dm-3), ,3.2.1.26, , , , ,-13.9
349,,3076.0,urease,kegg:C00086 + 2 kegg:C00001 = 2 kegg:C00014 + kegg:C00288, ,urea(aq) + 2 H2O(l) = 2 ammonia(aq) + carbon dioxide(aq),Bauer C.R.; Gemmill C.L.; Arch. Biochem. Biophys.; 35 110 (1952).,52BAU/GEM_996,14915545.0,10.1016/s0003-9861(52)80055-4,303.15,7.14, , ,calorimetry,sodium phosphate (0.2 mol dm-3), ,3.5.1.5, , , , ,-56.6
350,,1481.0,alcohol dehydrogenase,kegg:C01845 + kegg:C00003 = kegg:C00207 + kegg:C00004, ,2-propanol(aq) + NAD(aq) = acetone(aq) + NADH(aq),Burton K.; Biochim. Biophys. Acta; 8 114 (1952).,52BUR_29, , ,298.15,7.0,0.073, , , , ,1.1.1.1, , , , , 
351,448.0, ,chymotrypsin, ,CHB_15377 + MAN_10067 = CHB_16134 + MAN_10068,N-benzoyl-L-tyrosylglycinamide(aq) + H2O(l) = N-benzoyl-L-tyrosylglycine(aq) + ammonia(aq),Dobry A.; Fruton J.S.; Sturtevant J.M.; J. Biol. Chem.; 195 149 (1952).,52DOB/FRU_972, , ,298.15,7.9,3.9, ,isotopic tracer method,phosphate (0.5 mol dm-3),mol/L;(Na)1(OH)1=0.0625;phosphate buffer=0.078  ,3.4.21.1, , , , , 
352,, ,chymotrypsin, , ,N-benzoyl-L-tyrosylglycinamide(aq) + H2O(l) = N-benzoyl-L-tyrosylglycine(aq) + ammonia(aq),Dobry A.; Fruton J.S.; Sturtevant J.M.; J. Biol. Chem.; 195 149 (1952).,52DOB/FRU_973,14938363.0, ,298.15,6.3, , ,calorimetry,phosphate (0.05 mol dm-3), ,3.4.21.1, , , , ,-5.19
353,, ,chymotrypsin, , ,N-benzoyl-L-tyrosylglycinamide(aq) + H2O(l) = N-benzoyl-L-tyrosylglycine(aq) + ammonia(aq),Dobry A.; Fruton J.S.; Sturtevant J.M.; J. Biol. Chem.; 195 149 (1952).,52DOB/FRU_973,14938363.0, ,298.15,6.4, , ,calorimetry,phosphate (0.05 mol dm-3), ,3.4.21.1, , , , ,-5.73
354,, ,chymotrypsin, , ,N-benzoyl-L-tyrosylglycinamide(aq) + H2O(l) = N-benzoyl-L-tyrosylglycine(aq) + ammonia(aq),Dobry A.; Fruton J.S.; Sturtevant J.M.; J. Biol. Chem.; 195 149 (1952).,52DOB/FRU_973,14938363.0, ,298.15,6.41, , ,calorimetry,phosphate (0.05 mol dm-3), ,3.4.21.1, , , , ,-5.67
355,, ,chymotrypsin, , ,N-benzoyl-L-tyrosylglycinamide(aq) + H2O(l) = N-benzoyl-L-tyrosylglycine(aq) + ammonia(aq),Dobry A.; Fruton J.S.; Sturtevant J.M.; J. Biol. Chem.; 195 149 (1952).,52DOB/FRU_973,14938363.0, ,298.15,6.61, , ,calorimetry,phosphate (0.05 mol dm-3), ,3.4.21.1, , , , ,-5.16
356,, ,chymotrypsin, , ,N-benzoyl-L-tyrosylglycinamide(aq) + H2O(l) = N-benzoyl-L-tyrosylglycine(aq) + ammonia(aq),Dobry A.; Fruton J.S.; Sturtevant J.M.; J. Biol. Chem.; 195 149 (1952).,52DOB/FRU_973,14938363.0, ,298.15,6.73, , ,calorimetry,phosphate (0.05 mol dm-3), ,3.4.21.1, , , , ,-4
357,, ,chymotrypsin, , ,N-benzoyl-L-tyrosylglycinamide(aq) + H2O(l) = N-benzoyl-L-tyrosylglycine(aq) + ammonia(aq),Dobry A.; Fruton J.S.; Sturtevant J.M.; J. Biol. Chem.; 195 149 (1952).,52DOB/FRU_973,14938363.0, ,298.15,6.86, , ,calorimetry,phosphate (0.05 mol dm-3), ,3.4.21.1, , , , ,-3.54
358,, ,chymotrypsin, , ,N-benzoyl-L-tyrosylglycinamide(aq) + H2O(l) = N-benzoyl-L-tyrosylglycine(aq) + ammonia(aq),Dobry A.; Fruton J.S.; Sturtevant J.M.; J. Biol. Chem.; 195 149 (1952).,52DOB/FRU_973,14938363.0, ,298.15,6.87, , ,calorimetry,phosphate (0.05 mol dm-3), ,3.4.21.1, , , , ,-3.54
359,, ,carboxypeptidase A, , ,benzyloxycarbonylglycyl-L-phenylalanine(aq) + H2O(l) = benzyloxycarbonylglycine(aq) + L-phenylalanine(aq),Dobry A.; Sturtevant J.M.; J. Biol. Chem.; 195 141 (1952).,52DOB/STU_956, , ,298.15,6.67, , ,calorimetry,lithium phosphate, ,3.4.17.1, , , , ,-10.84
360,, ,carboxypeptidase A, , ,benzyloxycarbonylglycyl-L-phenylalanine(aq) + H2O(l) = benzyloxycarbonylglycine(aq) + L-phenylalanine(aq),Dobry A.; Sturtevant J.M.; J. Biol. Chem.; 195 141 (1952).,52DOB/STU_956, , ,298.15,6.71, , ,calorimetry,lithium phosphate, ,3.4.17.1, , , , ,-10.21
361,, ,carboxypeptidase A, , ,benzyloxycarbonylglycyl-L-phenylalanine(aq) + H2O(l) = benzyloxycarbonylglycine(aq) + L-phenylalanine(aq),Dobry A.; Sturtevant J.M.; J. Biol. Chem.; 195 141 (1952).,52DOB/STU_956, , ,298.15,7.0, , ,calorimetry,lithium phosphate, ,3.4.17.1, , , , ,-10.84
362,, ,carboxypeptidase A, , ,benzyloxycarbonylglycyl-L-phenylalanine(aq) + H2O(l) = benzyloxycarbonylglycine(aq) + L-phenylalanine(aq),Dobry A.; Sturtevant J.M.; J. Biol. Chem.; 195 141 (1952).,52DOB/STU_956, , ,298.15,7.03, , ,calorimetry,lithium phosphate, ,3.4.17.1, , , , ,-10.38
363,, ,carboxypeptidase A, , ,benzyloxycarbonylglycyl-L-phenylalanine(aq) + H2O(l) = benzyloxycarbonylglycine(aq) + L-phenylalanine(aq),Dobry A.; Sturtevant J.M.; J. Biol. Chem.; 195 141 (1952).,52DOB/STU_956, , ,298.15,7.28, , ,calorimetry,lithium phosphate, ,3.4.17.1, , , , ,-9.5
364,, ,carboxypeptidase A, , ,benzyloxycarbonylglycyl-L-phenylalanine(aq) + H2O(l) = benzyloxycarbonylglycine(aq) + L-phenylalanine(aq),Dobry A.; Sturtevant J.M.; J. Biol. Chem.; 195 141 (1952).,52DOB/STU_956, , ,298.15,7.29, , ,calorimetry,lithium phosphate, ,3.4.17.1, , , , ,-9.58
365,, ,carboxypeptidase A, , ,benzyloxycarbonylglycyl-L-phenylalanine(aq) + H2O(l) = benzyloxycarbonylglycine(aq) + L-phenylalanine(aq),Dobry A.; Sturtevant J.M.; J. Biol. Chem.; 195 141 (1952).,52DOB/STU_956, , ,298.15,7.31, , ,calorimetry,lithium phosphate, ,3.4.17.1, , , , ,-10.21
366,, ,carboxypeptidase A, , ,benzyloxycarbonylglycyl-L-phenylalanine(aq) + H2O(l) = benzyloxycarbonylglycine(aq) + L-phenylalanine(aq),Dobry A.; Sturtevant J.M.; J. Biol. Chem.; 195 141 (1952).,52DOB/STU_956, , ,298.15,7.85, , ,calorimetry,lithium phosphate, ,3.4.17.1, , , , ,-8.7
367,, ,chymotrypsin, , ,N-benzoyl-L-tyrosinamide(aq) + H2O(l) = N-benzoyl-L-tyrosine(aq) + ammonia(aq),Dobry A.; Sturtevant J.M.; J. Biol. Chem.; 195 141 (1952).,52DOB/STU_969,14938362.0, ,298.15,6.06, , ,calorimetry,lithium phosphate, ,3.4.21.1, , , , ,-23.6
368,, ,chymotrypsin, , ,N-benzoyl-L-tyrosinamide(aq) + H2O(l) = N-benzoyl-L-tyrosine(aq) + ammonia(aq),Dobry A.; Sturtevant J.M.; J. Biol. Chem.; 195 141 (1952).,52DOB/STU_969,14938362.0, ,298.15,6.27, , ,calorimetry,lithium phosphate, ,3.4.21.1, , , , ,-25.02
369,, ,chymotrypsin, , ,N-benzoyl-L-tyrosinamide(aq) + H2O(l) = N-benzoyl-L-tyrosine(aq) + ammonia(aq),Dobry A.; Sturtevant J.M.; J. Biol. Chem.; 195 141 (1952).,52DOB/STU_969,14938362.0, ,298.15,6.49, , ,calorimetry,lithium phosphate, ,3.4.21.1, , , , ,-23.64
370,, ,chymotrypsin, , ,N-benzoyl-L-tyrosinamide(aq) + H2O(l) = N-benzoyl-L-tyrosine(aq) + ammonia(aq),Dobry A.; Sturtevant J.M.; J. Biol. Chem.; 195 141 (1952).,52DOB/STU_969,14938362.0, ,298.15,6.51, , ,calorimetry,lithium phosphate, ,3.4.21.1, , , , ,-22.8
371,, ,chymotrypsin, , ,N-benzoyl-L-tyrosinamide(aq) + H2O(l) = N-benzoyl-L-tyrosine(aq) + ammonia(aq),Dobry A.; Sturtevant J.M.; J. Biol. Chem.; 195 141 (1952).,52DOB/STU_969,14938362.0, ,298.15,6.76, , ,calorimetry,lithium phosphate, ,3.4.21.1, , , , ,-29.25
372,, ,chymotrypsin, , ,N-benzoyl-L-tyrosinamide(aq) + H2O(l) = N-benzoyl-L-tyrosine(aq) + ammonia(aq),Dobry A.; Sturtevant J.M.; J. Biol. Chem.; 195 141 (1952).,52DOB/STU_969,14938362.0, ,298.15,6.83, , ,calorimetry,lithium phosphate, ,3.4.21.1, , , , ,-19.12
373,, ,chymotrypsin, , ,N-benzoyl-L-tyrosinamide(aq) + H2O(l) = N-benzoyl-L-tyrosine(aq) + ammonia(aq),Dobry A.; Sturtevant J.M.; J. Biol. Chem.; 195 141 (1952).,52DOB/STU_969,14938362.0, ,298.15,6.99, , ,calorimetry,lithium phosphate, ,3.4.21.1, , , , ,-25.96
374,, ,chymotrypsin, , ,N-benzoyl-L-tyrosinamide(aq) + H2O(l) = N-benzoyl-L-tyrosine(aq) + ammonia(aq),Dobry A.; Sturtevant J.M.; J. Biol. Chem.; 195 141 (1952).,52DOB/STU_969,14938362.0, ,298.15,7.08, , ,calorimetry,lithium phosphate, ,3.4.21.1, , , , ,-21
375,, ,chymotrypsin, , ,N-benzoyl-L-tyrosinamide(aq) + H2O(l) = N-benzoyl-L-tyrosine(aq) + ammonia(aq),Dobry A.; Sturtevant J.M.; J. Biol. Chem.; 195 141 (1952).,52DOB/STU_969,14938362.0, ,298.15,7.09, , ,calorimetry,lithium phosphate, ,3.4.21.1, , , , ,-24.06
376,, ,chymotrypsin, , ,N-benzoyl-L-tyrosinamide(aq) + H2O(l) = N-benzoyl-L-tyrosine(aq) + ammonia(aq),Dobry A.; Sturtevant J.M.; J. Biol. Chem.; 195 141 (1952).,52DOB/STU_969,14938362.0, ,298.15,7.11, , ,calorimetry,lithium phosphate, ,3.4.21.1, , , , ,-22.84
377,, ,chymotrypsin, , ,N-benzoyl-L-tyrosinamide(aq) + H2O(l) = N-benzoyl-L-tyrosine(aq) + ammonia(aq),Dobry A.; Sturtevant J.M.; J. Biol. Chem.; 195 141 (1952).,52DOB/STU_969,14938362.0, ,298.15,7.14, , ,calorimetry,lithium phosphate, ,3.4.21.1, , , , ,-23.64
378,, ,chymotrypsin, , ,N-benzoyl-L-tyrosinamide(aq) + H2O(l) = N-benzoyl-L-tyrosine(aq) + ammonia(aq),Dobry A.; Sturtevant J.M.; J. Biol. Chem.; 195 141 (1952).,52DOB/STU_969,14938362.0, ,298.15,7.21, , ,calorimetry,lithium phosphate, ,3.4.21.1, , , , ,-24.77
379,, ,chymotrypsin, , ,N-benzoyl-L-tyrosinamide(aq) + H2O(l) = N-benzoyl-L-tyrosine(aq) + ammonia(aq),Dobry A.; Sturtevant J.M.; J. Biol. Chem.; 195 141 (1952).,52DOB/STU_969,14938362.0, ,298.15,7.27, , ,calorimetry,lithium phosphate, ,3.4.21.1, , , , ,-24.89
380,, ,chymotrypsin, , ,N-benzoyl-L-tyrosinamide(aq) + H2O(l) = N-benzoyl-L-tyrosine(aq) + ammonia(aq),Dobry A.; Sturtevant J.M.; J. Biol. Chem.; 195 141 (1952).,52DOB/STU_969,14938362.0, ,298.15,7.28, , ,calorimetry,lithium phosphate, ,3.4.21.1, , , , ,-24.89
381,449.0,2602.0,adenylate kinase,2 kegg:C00008 = kegg:C00020 + kegg:C00002,2 CHB_16761 = CHB_15422 + CHB_16027,2 ADP(aq) = AMP(aq) + ATP(aq),Eggleston L.V.; Hems R.; Biochem. J.; 52 156 (1952).,52EGG/HEM_658,13018181.0,10.1042/bj0520156,298.15,7.4,0.444, ,paper chromatography,triethanolamine (0.02 mol dm-3) + HCl,mol/L;(Mg)1(Cl)2=0.01;triethanolamine buffer=0.02;ATP=0.00155;ADP=0.00322;AMP=0.00331  ,2.7.4.3, , , , , 
382,450.0,4516.0,maltose phosphorylase,kegg:C00208 + kegg:C00009 = kegg:C00031 + kegg:C00103,CHB_17306 + CHB_26078 = CHB_16077 + CHB_4167,maltose(aq) + orthophosphate(aq) = D-glucose(aq) + Î²-D-glucose 1-phosphate(aq),Fitting C.; Doudoroff M.; J. Biol. Chem.; 199 153 (1952).,52FIT/DOU_419,12999827.0, ,310.15,7.0,0.23, ,chromatography,Tris + HCl,mol/L;Tris-HCl=0.02  ,2.4.1.8, , , , , 
383,451.0,4126.0,acetate kinase,kegg:C00002 + kegg:C00033 = kegg:C00008 + kegg:C00227,CHB_15422 + CHB_30089 = CHB_15350 + CHB_16761,ATP(aq) + acetate(aq) = ADP(aq) + acetyl phosphate(aq),Korey S.; personal communication cited in Korkes S.; Brookhaven Symp. Biol.; 5 192 (1952).,52KOR_574, , ,298.15, ,0.013, , , ,   ,2.7.2.1, , , , , 
384,452.0,3769.0,UDPglucose 4-epimerase and UDPglucose-hexose 1-phosphate uridylyltransferase,kegg:C03384 = kegg:C00103,CHB_37480 = CHB_16077,Î±-D-galactose 1-phosphate(aq) = Î±-D-glucose 1-phosphate(aq),Leloir L.F.; Cardini C.E.; Cabib E.; Ann. Asoc. Quim. Argent.; 40 228 (1952).,52LEL/CAR_1260, , ,310.15,7.4,3, ,paper chromatography and chemical analysis, ,   ,2.7.7.12 & 2.7.7.12 & 5.1.3.2 & 5.1.3.2, , , , , 
385,453.0,4535.0,UDPglucose-hexose 1-phosphate uridylyltransferase and UDPglucose 4-epimerase,kegg:C03384 = kegg:C00103,CHB_37480 = CHB_16077,Î±-D-galactose 1-phosphate(aq) = Î±-D-glucose 1-phosphate(aq),Leloir L.F.; Cardini C.E.; Cabib E.; Ann. Asoc. Quim. Argent.; 40 228 (1952).,52LEL/CAR_698, , ,310.15,7.4,3, ,paper chromatography and chemical analysis, ,   ,2.7.7.12 & 2.7.7.12 & 5.1.3.2 & 5.1.3.2, , , , , 
386,,3253.0,acid phosphatase,kegg:C00227 + kegg:C00001 = kegg:C00033 + kegg:C00009, ,acetyl phosphate(aq) + H2O(l) = acetate(aq) + orthophosphate(aq),Meyerhof O.; Shatas R.; Arch. Biochem. Biophys.; 40 253 (1952).,52MEY/SHA_815,12997210.0,10.1016/0003-9861(52)90109-4,306.15,5.6, , ,calorimetry,sodium acetate + acetic acid, ,3.1.3.2, , , , ,-29.9
387,454.0,2626.0,glutamate racemase,kegg:C00025 = kegg:C00217,CHB_29985 = CHB_29989,L-glutamate(aq) = D-glutamate(aq),Narrod S.A.; Wood W.A.; Arch. Biochem. Biophys.; 35 462 (1952).,52NAR/WOO_1237,14924668.0,10.1016/s0003-9861(52)80026-8,310.15,6.8,1, ,enzymatic assay,phosphate (0.1 mol dm-3),mol/L;phosphate buffer=0.025  ,5.1.1.3, , , , , 
388,458.0,396.0,L-lactate dehydrogenase,kegg:C00186 + kegg:C00003 = kegg:C00022 + kegg:C00004,CHB_15846 + CHB_16651 = CHB_15361 + CHB_16908,(S)-lactate(aq) + NAD(aq) = pyruvate(aq) + NADH(aq),Neilands J.B.; J. Biol. Chem.; 199 373 (1952).,52NEI_99,12999850.0, ,298.15,10.0,0.044, , ,phosphate (0.1 mol dm-3) pyrophosphate (0.1 mol dm-3) and {glycine (0.1 mol dm-3) + NaOH},mol/L;glycine-NaOH=0.1  ,1.1.1.27, , , , , 
389,455.0,394.0,L-lactate dehydrogenase,kegg:C00186 + kegg:C00003 = kegg:C00022 + kegg:C00004,CHB_15846 + CHB_16651 = CHB_15361 + CHB_16908,(S)-lactate(aq) + NAD(aq) = pyruvate(aq) + NADH(aq),Neilands J.B.; J. Biol. Chem.; 199 373 (1952).,52NEI_99,12999850.0, ,298.15,7.0,2.30E-05, , ,phosphate (0.1 mol dm-3) pyrophosphate (0.1 mol dm-3) and {glycine (0.1 mol dm-3) + NaOH},mol/L;phosphate buffer=0.1  ,1.1.1.27, , , , , 
390,456.0,395.0,L-lactate dehydrogenase,kegg:C00186 + kegg:C00003 = kegg:C00022 + kegg:C00004,CHB_15846 + CHB_16651 = CHB_15361 + CHB_16908,(S)-lactate(aq) + NAD(aq) = pyruvate(aq) + NADH(aq),Neilands J.B.; J. Biol. Chem.; 199 373 (1952).,52NEI_99,12999850.0, ,298.15,8.0,0.00033, , ,phosphate (0.1 mol dm-3) pyrophosphate (0.1 mol dm-3) and {glycine (0.1 mol dm-3) + NaOH},mol/L;pyrophosphate buffer=0.1  ,1.1.1.27, , , , , 
391,457.0,393.0,L-lactate dehydrogenase,kegg:C00186 + kegg:C00003 = kegg:C00022 + kegg:C00004,CHB_15846 + CHB_16651 = CHB_15361 + CHB_16908,(S)-lactate(aq) + NAD(aq) = pyruvate(aq) + NADH(aq),Neilands J.B.; J. Biol. Chem.; 199 373 (1952).,52NEI_99,12999850.0, ,298.15,9.0,0.003, , ,phosphate (0.1 mol dm-3) pyrophosphate (0.1 mol dm-3) and {glycine (0.1 mol dm-3) + NaOH},mol/L;glycine-NaOH=0.1  ,1.1.1.27, , , , , 
392,,228.0,inorganic pyrophosphatase,kegg:C00013 + kegg:C00001 = 2 kegg:C00009, ,pyrophosphate(aq) + H2O(l) = 2 orthophosphate(aq),Ohlmeyer P.; Shatas R.; Arch. Biochem. Biophys.; 36 411 (1952).,52OHL/SHA_1061, , ,302.15,7.2, , ,calorimetry,barbital + acetate (0.024 mol dm-3), ,3.6.1.1, , , , ,-37.4
393,,551.0,nucleotide pyrophosphatase,kegg:C00003 + kegg:C00001 = kegg:C00455 + kegg:C00020, ,NAD(aq) + H2O(l) = Î²-nicotinamide mononucleotide(aq) + AMP(aq),Ohlmeyer P.; Shatas R.; Arch. Biochem. Biophys.; 36 411 (1952).,52OHL/SHA_1070, , ,306.15,7.0, , ,calorimetry,potassium phosphate (0.097 mol dm-3), ,3.6.1.9, , , , ,-54.6
394,,789.0,alkaline phosphatase,kegg:C03360 + kegg:C00001 = kegg:C00870 + kegg:C00009, ,4-nitrophenyl phosphate(aq) + H2O(l) = 4-nitrophenol(aq) + orthophosphate(aq),Ohlmeyer P.; Shatas R.; Arch. Biochem. Biophys.; 36 411 (1952).,52OHL/SHA_792,14944266.0,10.1016/0003-9861(52)90426-8,302.15,9.6, , ,calorimetry,barbital + acetate (0.02 mol dm-3), ,3.1.3.1, , , , ,-19
395,459.0,58.0,phosphate acetyltransferase,kegg:C00024 + kegg:C00009 = kegg:C00010 + kegg:C00227,CHB_15351 + CHB_26078 = CHB_15346 + CHB_15350,acetyl-CoA(aq) + orthophosphate(aq) = CoA(aq) + acetyl phosphate(aq),Stadtman E.R.; J. Biol. Chem.; 196 535 (1952).,52STA_394,12980996.0, ,301.15,8.1,0.017, ,spectrophotometry,Tris (0.0001 mol dm-3),mol/L;Tris buffer=0.0001;reduced glutathione=0.000075;orthophosphate=0.0000878  ,2.3.1.8, , , , , 
396,460.0,894.0,citrate (si)-synthase and malate dehydrogenase,kegg:C00149 + kegg:C00024 + kegg:C00003 + kegg:C00001 = kegg:C00158 + kegg:C00010 + kegg:C00004,CHB_15351 + CHB_15377 + CHB_15589 + CHB_15846 = CHB_15346 + CHB_16908 + CHB_30769,(S)-malate(aq) + acetyl-CoA(aq) + NAD(aq) + H2O(l) = citrate(aq) + CoA(aq) + NADH(aq),Stern J.R.; Ochoa S.; Lynen F.; J. Biol. Chem.; 198 313 (1952).,52STE/OCH_1129, , ,295.15,6.25,0.48, ,spectrophotometry,potassium phosphate (0.025 mol dm-3),mol/L;potassium phosphate buffer=0.025;(Mg)1(Cl)2=0.003;citrate=0.0167;(S)-malate=0.000167;acetyl-CoA=0.000085;NAD=0.00016;CoA=0;NADH=0  ,1.1.1.37 & 1.1.1.37 & 4.1.3.7 & 4.1.3.7, , , , , 
397,461.0,895.0,citrate (si)-synthase and malate dehydrogenase,kegg:C00149 + kegg:C00024 + kegg:C00003 + kegg:C00001 = kegg:C00158 + kegg:C00010 + kegg:C00004,CHB_15351 + CHB_15377 + CHB_15589 + CHB_15846 = CHB_15346 + CHB_16908 + CHB_30769,(S)-malate(aq) + acetyl-CoA(aq) + NAD(aq) + H2O(l) = citrate(aq) + CoA(aq) + NADH(aq),Stern J.R.; Ochoa S.; Lynen F.; J. Biol. Chem.; 198 313 (1952).,52STE/OCH_1129, , ,295.15,7.2,10.8, ,spectrophotometry,potassium phosphate (0.025 mol dm-3),mol/L;potassium phosphate buffer=0.025;(Mg)1(Cl)2=0.003;citrate=0.0167;(S)-malate=0.000167;acetyl-CoA=0.000085;NAD=0.00016;CoA=0;NADH=0  ,1.1.1.37 & 1.1.1.37 & 4.1.3.7 & 4.1.3.7, , , , , 
398,462.0,898.0,citrate (si)-synthase and malate dehydrogenase,kegg:C00149 + kegg:C00024 + kegg:C00003 + kegg:C00001 = kegg:C00158 + kegg:C00010 + kegg:C00004,CHB_15351 + CHB_15377 + CHB_15589 + CHB_15846 = CHB_15346 + CHB_16908 + CHB_30769,(S)-malate(aq) + acetyl-CoA(aq) + NAD(aq) + H2O(l) = citrate(aq) + CoA(aq) + NADH(aq),Stern J.R.; Ochoa S.; Lynen F.; J. Biol. Chem.; 198 313 (1952).,52STE/OCH_1129, , ,295.15,7.6,101, ,spectrophotometry,potassium phosphate (0.025 mol dm-3),mol/L;potassium phosphate buffer=0.025;(Mg)1(Cl)2=0.003;citrate=0.0167;(S)-malate=0.000167;acetyl-CoA=0.000085;NAD=0.00016;CoA=0;NADH=0  ,1.1.1.37 & 1.1.1.37 & 4.1.3.7 & 4.1.3.7, , , , , 
399,463.0,896.0,citrate (si)-synthase and malate dehydrogenase,kegg:C00149 + kegg:C00024 + kegg:C00003 + kegg:C00001 = kegg:C00158 + kegg:C00010 + kegg:C00004,CHB_15351 + CHB_15377 + CHB_15589 + CHB_15846 = CHB_15346 + CHB_16908 + CHB_30769,(S)-malate(aq) + acetyl-CoA(aq) + NAD(aq) + H2O(l) = citrate(aq) + CoA(aq) + NADH(aq),Stern J.R.; Ochoa S.; Lynen F.; J. Biol. Chem.; 198 313 (1952).,52STE/OCH_1129, , ,295.15,8.2,599, ,spectrophotometry,potassium phosphate (0.025 mol dm-3),mol/L;potassium phosphate buffer=0.025;(Mg)1(Cl)2=0.003;citrate=0.0167;(S)-malate=0.000167;acetyl-CoA=0.000085;NAD=0.00016;CoA=0;NADH=0  ,1.1.1.37 & 1.1.1.37 & 4.1.3.7 & 4.1.3.7, , , , , 
400,464.0,897.0,citrate (si)-synthase and malate dehydrogenase,kegg:C00149 + kegg:C00024 + kegg:C00003 + kegg:C00001 = kegg:C00158 + kegg:C00010 + kegg:C00004,CHB_15351 + CHB_15377 + CHB_15589 + CHB_15846 = CHB_15346 + CHB_16908 + CHB_30769,(S)-malate(aq) + acetyl-CoA(aq) + NAD(aq) + H2O(l) = citrate(aq) + CoA(aq) + NADH(aq),Stern J.R.; Ochoa S.; Lynen F.; J. Biol. Chem.; 198 313 (1952).,52STE/OCH_1129, , ,295.15,8.7,5610, ,spectrophotometry,potassium phosphate (0.025 mol dm-3),mol/L;potassium phosphate buffer=0.025;(Mg)1(Cl)2=0.003;citrate=0.0167;(S)-malate=0.000167;acetyl-CoA=0.000085;NAD=0.00016;CoA=0;NADH=0  ,1.1.1.37 & 1.1.1.37 & 4.1.3.7 & 4.1.3.7, , , , , 
401,465.0,2763.0,malate dehydrogenase,kegg:C00149 + kegg:C00003 = kegg:C00036 + kegg:C00004,CHB_15589 + CHB_15846 = CHB_16452 + CHB_16908,(S)-malate(aq) + NAD(aq) = oxaloacetate(aq) + NADH(aq),Stern J.R.; Ochoa S.; Lynen F.; J. Biol. Chem.; 198 313 (1952).,52STE/OCH_128, , ,295.15,6.05,1.34E-06, ,spectrophotometry,potassium phosphate (0.025 mol dm-3),mol/L;potassium phosphate buffer=0.025;(Mg)1(Cl)2=0.003  ,1.1.1.37, , , , , 
402,466.0,2758.0,malate dehydrogenase,kegg:C00149 + kegg:C00003 = kegg:C00036 + kegg:C00004,CHB_15589 + CHB_15846 = CHB_16452 + CHB_16908,(S)-malate(aq) + NAD(aq) = oxaloacetate(aq) + NADH(aq),Stern J.R.; Ochoa S.; Lynen F.; J. Biol. Chem.; 198 313 (1952).,52STE/OCH_128, , ,295.15,6.55,5.55E-06, ,spectrophotometry,potassium phosphate (0.025 mol dm-3),mol/L;potassium phosphate buffer=0.025;(Mg)1(Cl)2=0.003  ,1.1.1.37, , , , , 
403,467.0,2761.0,malate dehydrogenase,kegg:C00149 + kegg:C00003 = kegg:C00036 + kegg:C00004,CHB_15589 + CHB_15846 = CHB_16452 + CHB_16908,(S)-malate(aq) + NAD(aq) = oxaloacetate(aq) + NADH(aq),Stern J.R.; Ochoa S.; Lynen F.; J. Biol. Chem.; 198 313 (1952).,52STE/OCH_128, , ,295.15,7.2,2.33E-05, ,spectrophotometry,potassium phosphate (0.025 mol dm-3),mol/L;potassium phosphate buffer=0.025;(Mg)1(Cl)2=0.003  ,1.1.1.37, , , , , 
404,468.0,2760.0,malate dehydrogenase,kegg:C00149 + kegg:C00003 = kegg:C00036 + kegg:C00004,CHB_15589 + CHB_15846 = CHB_16452 + CHB_16908,(S)-malate(aq) + NAD(aq) = oxaloacetate(aq) + NADH(aq),Stern J.R.; Ochoa S.; Lynen F.; J. Biol. Chem.; 198 313 (1952).,52STE/OCH_128, , ,295.15,7.75,6.94E-05, ,spectrophotometry,potassium phosphate (0.025 mol dm-3),mol/L;potassium phosphate buffer=0.025;(Mg)1(Cl)2=0.003  ,1.1.1.37, , , , , 
405,469.0,2759.0,malate dehydrogenase,kegg:C00149 + kegg:C00003 = kegg:C00036 + kegg:C00004,CHB_15589 + CHB_15846 = CHB_16452 + CHB_16908,(S)-malate(aq) + NAD(aq) = oxaloacetate(aq) + NADH(aq),Stern J.R.; Ochoa S.; Lynen F.; J. Biol. Chem.; 198 313 (1952).,52STE/OCH_128, , ,295.15,8.3,0.000208, ,spectrophotometry,potassium phosphate (0.025 mol dm-3),mol/L;potassium phosphate buffer=0.025;(Mg)1(Cl)2=0.003  ,1.1.1.37, , , , , 
406,470.0,2762.0,malate dehydrogenase,kegg:C00149 + kegg:C00003 = kegg:C00036 + kegg:C00004,CHB_15589 + CHB_15846 = CHB_16452 + CHB_16908,(S)-malate(aq) + NAD(aq) = oxaloacetate(aq) + NADH(aq),Stern J.R.; Ochoa S.; Lynen F.; J. Biol. Chem.; 198 313 (1952).,52STE/OCH_128, , ,295.15,9.95,0.00676, ,spectrophotometry,potassium phosphate (0.025 mol dm-3),mol/L;potassium phosphate buffer=0.025;(Mg)1(Cl)2=0.003  ,1.1.1.37, , , , , 
407,,138.0,malate dehydrogenase and citrate (si)-synthase,kegg:C00149 + kegg:C00024 + kegg:C00003 + kegg:C00001 = kegg:C00158 + kegg:C00010 + kegg:C00004, ,(S)-malate(aq) + acetyl-CoA(aq) + NAD(aq) + H2O(l) = citrate(aq) + CoA(aq) + NADH(aq),Stern J.R.; Ochoa S.; Lynen F.; J. Biol. Chem.; 198 313 (1952).,52STE/OCH_145,12999746.0, ,295.15,6.25,0.48, ,spectrophotometry,potassium phosphate (0.025 mol dm-3), ,1.1.1.37 & 4.1.3.7, , , , , 
408,,141.0,malate dehydrogenase and citrate (si)-synthase,kegg:C00149 + kegg:C00024 + kegg:C00003 + kegg:C00001 = kegg:C00158 + kegg:C00010 + kegg:C00004, ,(S)-malate(aq) + acetyl-CoA(aq) + NAD(aq) + H2O(l) = citrate(aq) + CoA(aq) + NADH(aq),Stern J.R.; Ochoa S.; Lynen F.; J. Biol. Chem.; 198 313 (1952).,52STE/OCH_145,12999746.0, ,295.15,7.2,10.8, ,spectrophotometry,potassium phosphate (0.025 mol dm-3), ,1.1.1.37 & 4.1.3.7, , , , , 
409,,142.0,malate dehydrogenase and citrate (si)-synthase,kegg:C00149 + kegg:C00024 + kegg:C00003 + kegg:C00001 = kegg:C00158 + kegg:C00010 + kegg:C00004, ,(S)-malate(aq) + acetyl-CoA(aq) + NAD(aq) + H2O(l) = citrate(aq) + CoA(aq) + NADH(aq),Stern J.R.; Ochoa S.; Lynen F.; J. Biol. Chem.; 198 313 (1952).,52STE/OCH_145,12999746.0, ,295.15,7.6,101, ,spectrophotometry,potassium phosphate (0.025 mol dm-3), ,1.1.1.37 & 4.1.3.7, , , , , 
410,,139.0,malate dehydrogenase and citrate (si)-synthase,kegg:C00149 + kegg:C00024 + kegg:C00003 + kegg:C00001 = kegg:C00158 + kegg:C00010 + kegg:C00004, ,(S)-malate(aq) + acetyl-CoA(aq) + NAD(aq) + H2O(l) = citrate(aq) + CoA(aq) + NADH(aq),Stern J.R.; Ochoa S.; Lynen F.; J. Biol. Chem.; 198 313 (1952).,52STE/OCH_145,12999746.0, ,295.15,8.2,599, ,spectrophotometry,potassium phosphate (0.025 mol dm-3), ,1.1.1.37 & 4.1.3.7, , , , , 
411,,140.0,malate dehydrogenase and citrate (si)-synthase,kegg:C00149 + kegg:C00024 + kegg:C00003 + kegg:C00001 = kegg:C00158 + kegg:C00010 + kegg:C00004, ,(S)-malate(aq) + acetyl-CoA(aq) + NAD(aq) + H2O(l) = citrate(aq) + CoA(aq) + NADH(aq),Stern J.R.; Ochoa S.; Lynen F.; J. Biol. Chem.; 198 313 (1952).,52STE/OCH_145,12999746.0, ,295.15,8.7,5610, ,spectrophotometry,potassium phosphate (0.025 mol dm-3), ,1.1.1.37 & 4.1.3.7, , , , , 
412,471.0,4513.0,glucose dehydrogenase,kegg:C00031 + kegg:C00003 = kegg:C00198 + kegg:C00004,CHB_15846 + CHB_4167 = CHB_16217 + CHB_16908,"Î²-D-glucose(aq) + NAD(aq) = D-glucono-1,5-lactone(aq) + NADH(aq)",Strecker H.J.; Korkes S.; J. Biol. Chem.; 196 769 (1952).,52STR/KOR_158,12981017.0, ,303.15,6.7,15, ,spectrophotometry,phosphate (0.05 mol dm-3),mol/L;phosphate buffer=0.05  ,1.1.1.47, , , , , 
413,507.0,1742.0,fumarate hydratase,kegg:C00122 + kegg:C00001 = kegg:C00149,CHB_15377 + CHB_29806 = CHB_15589,fumarate(aq) + H2O(l) = (S)-malate(aq),Bock R.M.; Alberty R.A.; J. Am. Chem. Soc.; 75 1921 (1953).,53BOC/ALB_1146, , ,277.8,7.3,7.22, ,spectrophotometry,phosphate and acetate  +  phosphate (0.05 mol dm-3),mol/L;IS=0.1;phosphate buffer=0.05  ,4.2.1.2, , ,0.1, , 
414,509.0,1744.0,fumarate hydratase,kegg:C00122 + kegg:C00001 = kegg:C00149,CHB_15377 + CHB_29806 = CHB_15589,fumarate(aq) + H2O(l) = (S)-malate(aq),Bock R.M.; Alberty R.A.; J. Am. Chem. Soc.; 75 1921 (1953).,53BOC/ALB_1146, , ,277.8,7.3,7.37, ,spectrophotometry,phosphate and acetate  +  phosphate (0.05 mol dm-3),mol/L;IS=0.1;phosphate buffer=0.05  ,4.2.1.2, , ,0.1, , 
415,521.0,1761.0,fumarate hydratase,kegg:C00122 + kegg:C00001 = kegg:C00149,CHB_15377 + CHB_29806 = CHB_15589,fumarate(aq) + H2O(l) = (S)-malate(aq),Bock R.M.; Alberty R.A.; J. Am. Chem. Soc.; 75 1921 (1953).,53BOC/ALB_1146, , ,277.9,4.91,8.14, ,spectrophotometry,phosphate and acetate  +  phosphate (0.05 mol dm-3),mol/L;IS=0.1;acetate buffer=0.2  ,4.2.1.2, , ,0.1, , 
416,519.0,1756.0,fumarate hydratase,kegg:C00122 + kegg:C00001 = kegg:C00149,CHB_15377 + CHB_29806 = CHB_15589,fumarate(aq) + H2O(l) = (S)-malate(aq),Bock R.M.; Alberty R.A.; J. Am. Chem. Soc.; 75 1921 (1953).,53BOC/ALB_1146, , ,290.6,4.91,7.36, ,spectrophotometry,phosphate and acetate  +  phosphate (0.05 mol dm-3),mol/L;IS=0.1;acetate buffer=0.2  ,4.2.1.2, , ,0.1, , 
417,520.0,1748.0,fumarate hydratase,kegg:C00122 + kegg:C00001 = kegg:C00149,CHB_15377 + CHB_29806 = CHB_15589,fumarate(aq) + H2O(l) = (S)-malate(aq),Bock R.M.; Alberty R.A.; J. Am. Chem. Soc.; 75 1921 (1953).,53BOC/ALB_1146, , ,290.6,4.91,7.51, ,spectrophotometry,phosphate and acetate  +  phosphate (0.05 mol dm-3),mol/L;IS=0.1;acetate buffer=0.2  ,4.2.1.2, , ,0.1, , 
418,516.0,1746.0,fumarate hydratase,kegg:C00122 + kegg:C00001 = kegg:C00149,CHB_15377 + CHB_29806 = CHB_15589,fumarate(aq) + H2O(l) = (S)-malate(aq),Bock R.M.; Alberty R.A.; J. Am. Chem. Soc.; 75 1921 (1953).,53BOC/ALB_1146, , ,290.8,4.91,7.01, ,spectrophotometry,phosphate and acetate  +  phosphate (0.05 mol dm-3),mol/L;IS=0.1;acetate buffer=0.2  ,4.2.1.2, , ,0.1, , 
419,517.0,1749.0,fumarate hydratase,kegg:C00122 + kegg:C00001 = kegg:C00149,CHB_15377 + CHB_29806 = CHB_15589,fumarate(aq) + H2O(l) = (S)-malate(aq),Bock R.M.; Alberty R.A.; J. Am. Chem. Soc.; 75 1921 (1953).,53BOC/ALB_1146, , ,290.8,4.91,7.08, ,spectrophotometry,phosphate and acetate  +  phosphate (0.05 mol dm-3),mol/L;IS=0.1;acetate buffer=0.2  ,4.2.1.2, , ,0.1, , 
420,518.0,1747.0,fumarate hydratase,kegg:C00122 + kegg:C00001 = kegg:C00149,CHB_15377 + CHB_29806 = CHB_15589,fumarate(aq) + H2O(l) = (S)-malate(aq),Bock R.M.; Alberty R.A.; J. Am. Chem. Soc.; 75 1921 (1953).,53BOC/ALB_1146, , ,290.8,4.91,7.2, ,spectrophotometry,phosphate and acetate  +  phosphate (0.05 mol dm-3),mol/L;IS=0.1;acetate buffer=0.2  ,4.2.1.2, , ,0.1, , 
421,504.0,1741.0,fumarate hydratase,kegg:C00122 + kegg:C00001 = kegg:C00149,CHB_15377 + CHB_29806 = CHB_15589,fumarate(aq) + H2O(l) = (S)-malate(aq),Bock R.M.; Alberty R.A.; J. Am. Chem. Soc.; 75 1921 (1953).,53BOC/ALB_1146, , ,290.8,7.3,5.61, ,spectrophotometry,phosphate and acetate  +  phosphate (0.05 mol dm-3),mol/L;IS=0.1;phosphate buffer=0.05  ,4.2.1.2, , ,0.1, , 
422,505.0,1740.0,fumarate hydratase,kegg:C00122 + kegg:C00001 = kegg:C00149,CHB_15377 + CHB_29806 = CHB_15589,fumarate(aq) + H2O(l) = (S)-malate(aq),Bock R.M.; Alberty R.A.; J. Am. Chem. Soc.; 75 1921 (1953).,53BOC/ALB_1146, , ,290.8,7.3,5.68, ,spectrophotometry,phosphate and acetate  +  phosphate (0.05 mol dm-3),mol/L;IS=0.1;phosphate buffer=0.05  ,4.2.1.2, , ,0.1, , 
423,503.0,1739.0,fumarate hydratase,kegg:C00122 + kegg:C00001 = kegg:C00149,CHB_15377 + CHB_29806 = CHB_15589,fumarate(aq) + H2O(l) = (S)-malate(aq),Bock R.M.; Alberty R.A.; J. Am. Chem. Soc.; 75 1921 (1953).,53BOC/ALB_1146, , ,291.2,7.3,5.54, ,spectrophotometry,phosphate and acetate  +  phosphate (0.05 mol dm-3),mol/L;IS=0.1;phosphate buffer=0.05  ,4.2.1.2, , ,0.1, , 
424,506.0,1760.0,fumarate hydratase,kegg:C00122 + kegg:C00001 = kegg:C00149,CHB_15377 + CHB_29806 = CHB_15589,fumarate(aq) + H2O(l) = (S)-malate(aq),Bock R.M.; Alberty R.A.; J. Am. Chem. Soc.; 75 1921 (1953).,53BOC/ALB_1146, , ,291.2,7.3,5.7, ,spectrophotometry,phosphate and acetate  +  phosphate (0.05 mol dm-3),mol/L;IS=0.1;phosphate buffer=0.05  ,4.2.1.2, , ,0.1, , 
425,514.0,1769.0,fumarate hydratase,kegg:C00122 + kegg:C00001 = kegg:C00149,CHB_15377 + CHB_29806 = CHB_15589,fumarate(aq) + H2O(l) = (S)-malate(aq),Bock R.M.; Alberty R.A.; J. Am. Chem. Soc.; 75 1921 (1953).,53BOC/ALB_1146, , ,292.6,4.91,6.69, ,spectrophotometry,phosphate and acetate  +  phosphate (0.05 mol dm-3),mol/L;IS=0.1;acetate buffer=0.2  ,4.2.1.2, , ,0.1, , 
426,515.0,1745.0,fumarate hydratase,kegg:C00122 + kegg:C00001 = kegg:C00149,CHB_15377 + CHB_29806 = CHB_15589,fumarate(aq) + H2O(l) = (S)-malate(aq),Bock R.M.; Alberty R.A.; J. Am. Chem. Soc.; 75 1921 (1953).,53BOC/ALB_1146, , ,292.6,4.91,6.88, ,spectrophotometry,phosphate and acetate  +  phosphate (0.05 mol dm-3),mol/L;IS=0.1;acetate buffer=0.2  ,4.2.1.2, , ,0.1, , 
427,501.0,1738.0,fumarate hydratase,kegg:C00122 + kegg:C00001 = kegg:C00149,CHB_15377 + CHB_29806 = CHB_15589,fumarate(aq) + H2O(l) = (S)-malate(aq),Bock R.M.; Alberty R.A.; J. Am. Chem. Soc.; 75 1921 (1953).,53BOC/ALB_1146, , ,293.3,7.3,5.04, ,spectrophotometry,phosphate and acetate  +  phosphate (0.05 mol dm-3),mol/L;IS=0.1;phosphate buffer=0.05  ,4.2.1.2, , ,0.1, , 
428,502.0,1768.0,fumarate hydratase,kegg:C00122 + kegg:C00001 = kegg:C00149,CHB_15377 + CHB_29806 = CHB_15589,fumarate(aq) + H2O(l) = (S)-malate(aq),Bock R.M.; Alberty R.A.; J. Am. Chem. Soc.; 75 1921 (1953).,53BOC/ALB_1146, , ,293.4,7.3,4.99, ,spectrophotometry,phosphate and acetate  +  phosphate (0.05 mol dm-3),mol/L;IS=0.1;phosphate buffer=0.05  ,4.2.1.2, , ,0.1, , 
429,498.0,1755.0,fumarate hydratase,kegg:C00122 + kegg:C00001 = kegg:C00149,CHB_15377 + CHB_29806 = CHB_15589,fumarate(aq) + H2O(l) = (S)-malate(aq),Bock R.M.; Alberty R.A.; J. Am. Chem. Soc.; 75 1921 (1953).,53BOC/ALB_1146, , ,294.1,7.3,4.82, ,spectrophotometry,phosphate and acetate  +  phosphate (0.05 mol dm-3),mol/L;IS=0.1;phosphate buffer=0.05  ,4.2.1.2, , ,0.1, , 
430,500.0,1766.0,fumarate hydratase,kegg:C00122 + kegg:C00001 = kegg:C00149,CHB_15377 + CHB_29806 = CHB_15589,fumarate(aq) + H2O(l) = (S)-malate(aq),Bock R.M.; Alberty R.A.; J. Am. Chem. Soc.; 75 1921 (1953).,53BOC/ALB_1146, , ,294.1,7.3,4.88, ,spectrophotometry,phosphate and acetate  +  phosphate (0.05 mol dm-3),mol/L;IS=0.1;phosphate buffer=0.05  ,4.2.1.2, , ,0.1, , 
431,513.0,1750.0,fumarate hydratase,kegg:C00122 + kegg:C00001 = kegg:C00149,CHB_15377 + CHB_29806 = CHB_15589,fumarate(aq) + H2O(l) = (S)-malate(aq),Bock R.M.; Alberty R.A.; J. Am. Chem. Soc.; 75 1921 (1953).,53BOC/ALB_1146, , ,295.2,4.91,6.34, ,spectrophotometry,phosphate and acetate  +  phosphate (0.05 mol dm-3),mol/L;IS=0.1;acetate buffer=0.2  ,4.2.1.2, , ,0.1, , 
432,485.0,1724.0,fumarate hydratase,kegg:C00122 + kegg:C00001 = kegg:C00149,CHB_15377 + CHB_29806 = CHB_15589,fumarate(aq) + H2O(l) = (S)-malate(aq),Bock R.M.; Alberty R.A.; J. Am. Chem. Soc.; 75 1921 (1953).,53BOC/ALB_1146, , ,298.15,4.06,9.49, ,spectrophotometry,phosphate and acetate  +  phosphate (0.05 mol dm-3),mol/L;IS=0.05  ,4.2.1.2, , ,0.05, , 
433,484.0,1725.0,fumarate hydratase,kegg:C00122 + kegg:C00001 = kegg:C00149,CHB_15377 + CHB_29806 = CHB_15589,fumarate(aq) + H2O(l) = (S)-malate(aq),Bock R.M.; Alberty R.A.; J. Am. Chem. Soc.; 75 1921 (1953).,53BOC/ALB_1146, , ,298.15,5.0,5.66, ,spectrophotometry,phosphate and acetate  +  phosphate (0.05 mol dm-3),mol/L;IS=0.05  ,4.2.1.2, , ,0.05, , 
434,483.0,1726.0,fumarate hydratase,kegg:C00122 + kegg:C00001 = kegg:C00149,CHB_15377 + CHB_29806 = CHB_15589,fumarate(aq) + H2O(l) = (S)-malate(aq),Bock R.M.; Alberty R.A.; J. Am. Chem. Soc.; 75 1921 (1953).,53BOC/ALB_1146, , ,298.15,5.05,4.66, ,spectrophotometry,phosphate and acetate  +  phosphate (0.05 mol dm-3),mol/L;IS=0.05  ,4.2.1.2, , ,0.05, , 
435,482.0,1753.0,fumarate hydratase,kegg:C00122 + kegg:C00001 = kegg:C00149,CHB_15377 + CHB_29806 = CHB_15589,fumarate(aq) + H2O(l) = (S)-malate(aq),Bock R.M.; Alberty R.A.; J. Am. Chem. Soc.; 75 1921 (1953).,53BOC/ALB_1146, , ,298.15,6.0,4.55, ,spectrophotometry,phosphate and acetate  +  phosphate (0.05 mol dm-3),mol/L;IS=0.05  ,4.2.1.2, , ,0.05, , 
436,479.0,1765.0,fumarate hydratase,kegg:C00122 + kegg:C00001 = kegg:C00149,CHB_15377 + CHB_29806 = CHB_15589,fumarate(aq) + H2O(l) = (S)-malate(aq),Bock R.M.; Alberty R.A.; J. Am. Chem. Soc.; 75 1921 (1953).,53BOC/ALB_1146, , ,298.15,6.01,4.42, ,spectrophotometry,phosphate and acetate  +  phosphate (0.05 mol dm-3),mol/L;IS=0.05  ,4.2.1.2, , ,0.05, , 
437,481.0,1727.0,fumarate hydratase,kegg:C00122 + kegg:C00001 = kegg:C00149,CHB_15377 + CHB_29806 = CHB_15589,fumarate(aq) + H2O(l) = (S)-malate(aq),Bock R.M.; Alberty R.A.; J. Am. Chem. Soc.; 75 1921 (1953).,53BOC/ALB_1146, , ,298.15,6.06,4.47, ,spectrophotometry,phosphate and acetate  +  phosphate (0.05 mol dm-3),mol/L;IS=0.05  ,4.2.1.2, , ,0.05, , 
438,472.0,1751.0,fumarate hydratase,kegg:C00122 + kegg:C00001 = kegg:C00149,CHB_15377 + CHB_29806 = CHB_15589,fumarate(aq) + H2O(l) = (S)-malate(aq),Bock R.M.; Alberty R.A.; J. Am. Chem. Soc.; 75 1921 (1953).,53BOC/ALB_1146, , ,298.15,7.3,4.28, ,spectrophotometry,phosphate and acetate  +  phosphate (0.05 mol dm-3),mol/L;IS=0.008824156  ,4.2.1.2, , ,0.0011 & 0.008824156, , 
439,473.0,1722.0,fumarate hydratase,kegg:C00122 + kegg:C00001 = kegg:C00149,CHB_15377 + CHB_29806 = CHB_15589,fumarate(aq) + H2O(l) = (S)-malate(aq),Bock R.M.; Alberty R.A.; J. Am. Chem. Soc.; 75 1921 (1953).,53BOC/ALB_1146, , ,298.15,7.3,4.37, ,spectrophotometry,phosphate and acetate  +  phosphate (0.05 mol dm-3),mol/L;IS=0.028296356  ,4.2.1.2, , ,0.01 & 0.028296356, , 
440,474,1767.0,fumarate hydratase,kegg:C00122 + kegg:C00001 = kegg:C00149,CHB_15377 + CHB_29806 = CHB_15589,fumarate(aq) + H2O(l) = (S)-malate(aq),Bock R.M.; Alberty R.A.; J. Am. Chem. Soc.; 75 1921 (1953).,53BOC/ALB_1146, , ,298.15,7.3,4.44, ,spectrophotometry,phosphate and acetate  +  phosphate (0.05 mol dm-3),mol/L;IS=0.118599056 _ nan _ ,4.2.1.2, , ,0.049 & 0.118599056, , 
441,475.0,1723.0,fumarate hydratase,kegg:C00122 + kegg:C00001 = kegg:C00149,CHB_15377 + CHB_29806 = CHB_15589,fumarate(aq) + H2O(l) = (S)-malate(aq),Bock R.M.; Alberty R.A.; J. Am. Chem. Soc.; 75 1921 (1953).,53BOC/ALB_1146, , ,298.15,7.3,4.59, ,spectrophotometry,phosphate and acetate  +  phosphate (0.05 mol dm-3),mol/L;IS=0.233250236  ,4.2.1.2, , ,0.1 & 0.233250236, , 
442,499,1757.0,fumarate hydratase,kegg:C00122 + kegg:C00001 = kegg:C00149,CHB_15377 + CHB_29806 = CHB_15589,fumarate(aq) + H2O(l) = (S)-malate(aq),Bock R.M.; Alberty R.A.; J. Am. Chem. Soc.; 75 1921 (1953).,53BOC/ALB_1146, , ,298.15,7.3,4.87, ,spectrophotometry,phosphate and acetate  +  phosphate (0.05 mol dm-3),mol/L;IS=0.1;phosphate buffer=0.05 _ nan _ ,4.2.1.2, , ,0.25 & 0.1, , 
443,477.0,1758.0,fumarate hydratase,kegg:C00122 + kegg:C00001 = kegg:C00149,CHB_15377 + CHB_29806 = CHB_15589,fumarate(aq) + H2O(l) = (S)-malate(aq),Bock R.M.; Alberty R.A.; J. Am. Chem. Soc.; 75 1921 (1953).,53BOC/ALB_1146, , ,298.15,7.99,4.31, ,spectrophotometry,phosphate and acetate  +  phosphate (0.05 mol dm-3),mol/L;IS=0.05  ,4.2.1.2, , ,0.05, , 
444,478.0,1728.0,fumarate hydratase,kegg:C00122 + kegg:C00001 = kegg:C00149,CHB_15377 + CHB_29806 = CHB_15589,fumarate(aq) + H2O(l) = (S)-malate(aq),Bock R.M.; Alberty R.A.; J. Am. Chem. Soc.; 75 1921 (1953).,53BOC/ALB_1146, , ,298.15,8.0,4.35, ,spectrophotometry,phosphate and acetate  +  phosphate (0.05 mol dm-3),mol/L;IS=0.05  ,4.2.1.2, , ,0.05, , 
445,480.0,1729.0,fumarate hydratase,kegg:C00122 + kegg:C00001 = kegg:C00149,CHB_15377 + CHB_29806 = CHB_15589,fumarate(aq) + H2O(l) = (S)-malate(aq),Bock R.M.; Alberty R.A.; J. Am. Chem. Soc.; 75 1921 (1953).,53BOC/ALB_1146, , ,298.15,9.01,4.43, ,spectrophotometry,phosphate and acetate  +  phosphate (0.05 mol dm-3),mol/L;IS=0.05  ,4.2.1.2, , ,0.05, , 
446,495.0,1737.0,fumarate hydratase,kegg:C00122 + kegg:C00001 = kegg:C00149,CHB_15377 + CHB_29806 = CHB_15589,fumarate(aq) + H2O(l) = (S)-malate(aq),Bock R.M.; Alberty R.A.; J. Am. Chem. Soc.; 75 1921 (1953).,53BOC/ALB_1146, , ,303.6,7.3,4.69, ,spectrophotometry,phosphate and acetate  +  phosphate (0.05 mol dm-3),mol/L;IS=0.1;phosphate buffer=0.05  ,4.2.1.2, , ,0.1, , 
447,476.0,1762.0,fumarate hydratase,kegg:C00122 + kegg:C00001 = kegg:C00149,CHB_15377 + CHB_29806 = CHB_15589,fumarate(aq) + H2O(l) = (S)-malate(aq),Bock R.M.; Alberty R.A.; J. Am. Chem. Soc.; 75 1921 (1953).,53BOC/ALB_1146, , ,303.6,7.3,4.85, ,spectrophotometry,phosphate and acetate  +  phosphate (0.05 mol dm-3),mol/L;IS=0.5  ,4.2.1.2, , ,0.1 & 0.5, , 
448,496.0,1735.0,fumarate hydratase,kegg:C00122 + kegg:C00001 = kegg:C00149,CHB_15377 + CHB_29806 = CHB_15589,fumarate(aq) + H2O(l) = (S)-malate(aq),Bock R.M.; Alberty R.A.; J. Am. Chem. Soc.; 75 1921 (1953).,53BOC/ALB_1146, , ,304.1,7.3,4.68, ,spectrophotometry,phosphate and acetate  +  phosphate (0.05 mol dm-3),mol/L;IS=0.1;phosphate buffer=0.05  ,4.2.1.2, , ,0.1, , 
449,497.0,1736.0,fumarate hydratase,kegg:C00122 + kegg:C00001 = kegg:C00149,CHB_15377 + CHB_29806 = CHB_15589,fumarate(aq) + H2O(l) = (S)-malate(aq),Bock R.M.; Alberty R.A.; J. Am. Chem. Soc.; 75 1921 (1953).,53BOC/ALB_1146, , ,304.1,7.3,4.74, ,spectrophotometry,phosphate and acetate  +  phosphate (0.05 mol dm-3),mol/L;IS=0.1;phosphate buffer=0.05  ,4.2.1.2, , ,0.1, , 
450,491.0,1734.0,fumarate hydratase,kegg:C00122 + kegg:C00001 = kegg:C00149,CHB_15377 + CHB_29806 = CHB_15589,fumarate(aq) + H2O(l) = (S)-malate(aq),Bock R.M.; Alberty R.A.; J. Am. Chem. Soc.; 75 1921 (1953).,53BOC/ALB_1146, , ,307.3,7.3,3.97, ,spectrophotometry,phosphate and acetate  +  phosphate (0.05 mol dm-3),mol/L;IS=0.1;phosphate buffer=0.05  ,4.2.1.2, , ,0.1, , 
451,511.0,1763.0,fumarate hydratase,kegg:C00122 + kegg:C00001 = kegg:C00149,CHB_15377 + CHB_29806 = CHB_15589,fumarate(aq) + H2O(l) = (S)-malate(aq),Bock R.M.; Alberty R.A.; J. Am. Chem. Soc.; 75 1921 (1953).,53BOC/ALB_1146, , ,307.5,4.91,5.94, ,spectrophotometry,phosphate and acetate  +  phosphate (0.05 mol dm-3),mol/L;IS=0.1;acetate buffer=0.2  ,4.2.1.2, , ,0.1, , 
452,490.0,1733.0,fumarate hydratase,kegg:C00122 + kegg:C00001 = kegg:C00149,CHB_15377 + CHB_29806 = CHB_15589,fumarate(aq) + H2O(l) = (S)-malate(aq),Bock R.M.; Alberty R.A.; J. Am. Chem. Soc.; 75 1921 (1953).,53BOC/ALB_1146, , ,307.5,7.3,3.93, ,spectrophotometry,phosphate and acetate  +  phosphate (0.05 mol dm-3),mol/L;IS=0.1;phosphate buffer=0.05  ,4.2.1.2, , ,0.1, , 
453,492.0,1732.0,fumarate hydratase,kegg:C00122 + kegg:C00001 = kegg:C00149,CHB_15377 + CHB_29806 = CHB_15589,fumarate(aq) + H2O(l) = (S)-malate(aq),Bock R.M.; Alberty R.A.; J. Am. Chem. Soc.; 75 1921 (1953).,53BOC/ALB_1146, , ,307.5,7.3,4, ,spectrophotometry,phosphate and acetate  +  phosphate (0.05 mol dm-3),mol/L;IS=0.1;phosphate buffer=0.05  ,4.2.1.2, , ,0.1, , 
454,493.0,1759.0,fumarate hydratase,kegg:C00122 + kegg:C00001 = kegg:C00149,CHB_15377 + CHB_29806 = CHB_15589,fumarate(aq) + H2O(l) = (S)-malate(aq),Bock R.M.; Alberty R.A.; J. Am. Chem. Soc.; 75 1921 (1953).,53BOC/ALB_1146, , ,307.6,7.3,3.97, ,spectrophotometry,phosphate and acetate  +  phosphate (0.05 mol dm-3),mol/L;IS=0.1;phosphate buffer=0.05  ,4.2.1.2, , ,0.1, , 
455,494.0,1731.0,fumarate hydratase,kegg:C00122 + kegg:C00001 = kegg:C00149,CHB_15377 + CHB_29806 = CHB_15589,fumarate(aq) + H2O(l) = (S)-malate(aq),Bock R.M.; Alberty R.A.; J. Am. Chem. Soc.; 75 1921 (1953).,53BOC/ALB_1146, , ,307.7,7.3,4.01, ,spectrophotometry,phosphate and acetate  +  phosphate (0.05 mol dm-3),mol/L;IS=0.1;phosphate buffer=0.05  ,4.2.1.2, , ,0.1, , 
456,488.0,1754.0,fumarate hydratase,kegg:C00122 + kegg:C00001 = kegg:C00149,CHB_15377 + CHB_29806 = CHB_15589,fumarate(aq) + H2O(l) = (S)-malate(aq),Bock R.M.; Alberty R.A.; J. Am. Chem. Soc.; 75 1921 (1953).,53BOC/ALB_1146, , ,308.3,7.3,3.72, ,spectrophotometry,phosphate and acetate  +  phosphate (0.05 mol dm-3),mol/L;IS=0.1;phosphate buffer=0.05  ,4.2.1.2, , ,0.1, , 
457,489.0,1770.0,fumarate hydratase,kegg:C00122 + kegg:C00001 = kegg:C00149,CHB_15377 + CHB_29806 = CHB_15589,fumarate(aq) + H2O(l) = (S)-malate(aq),Bock R.M.; Alberty R.A.; J. Am. Chem. Soc.; 75 1921 (1953).,53BOC/ALB_1146, , ,308.3,7.3,3.81, ,spectrophotometry,phosphate and acetate  +  phosphate (0.05 mol dm-3),mol/L;IS=0.1;phosphate buffer=0.05  ,4.2.1.2, , ,0.1, , 
458,486.0,1730.0,fumarate hydratase,kegg:C00122 + kegg:C00001 = kegg:C00149,CHB_15377 + CHB_29806 = CHB_15589,fumarate(aq) + H2O(l) = (S)-malate(aq),Bock R.M.; Alberty R.A.; J. Am. Chem. Soc.; 75 1921 (1953).,53BOC/ALB_1146, , ,313,7.3,3.11, ,spectrophotometry,phosphate and acetate  +  phosphate (0.05 mol dm-3),mol/L;IS=0.1;phosphate buffer=0.05  ,4.2.1.2, , ,0.1, , 
459,487.0,1752.0,fumarate hydratase,kegg:C00122 + kegg:C00001 = kegg:C00149,CHB_15377 + CHB_29806 = CHB_15589,fumarate(aq) + H2O(l) = (S)-malate(aq),Bock R.M.; Alberty R.A.; J. Am. Chem. Soc.; 75 1921 (1953).,53BOC/ALB_1146, , ,313,7.3,3.13, ,spectrophotometry,phosphate and acetate  +  phosphate (0.05 mol dm-3),mol/L;IS=0.1;phosphate buffer=0.05  ,4.2.1.2, , ,0.1, , 
460,522.0,136.0,glucose-6-phosphate isomerase,kegg:C00092 = kegg:C00085,CHB_4170 = CHB_61553,D-glucose 6-phosphate(aq) = D-fructose 6-phosphate(aq),Bodansky O.; J. Biol. Chem.; 202 829 (1953).,53BOD_1351,13061507.0, ,310.15,7.4,0.67, ,spectrophotometry,sodium acetate + diethyl barbiturate,mol/L;sodium acetate-diethyl barbiturate buffer=0.028;D-fructose 6-phosphate=0.0008;D-glucose 6-phosphate=0.0012  ,5.3.1.9, , , , , 
461,523.0,2580.0,glucose dehydrogenase,kegg:C00031 + kegg:C00003 = kegg:C00198 + kegg:C00004,CHB_15846 + CHB_4167 = CHB_16217 + CHB_16908,"Î²-D-glucose(aq) + NAD(aq) = D-glucono-1,5-lactone(aq) + NADH(aq)",Brink N.G.; Acta Chem. Scand.; 7 1081 (1953).,53BRI_159, , ,294.15,7.0,3.1, ,spectrophotometry,phosphate (0.13 mol dm-3),mol/L;phosphate buffer=0.13  ,1.1.1.47, , , , , 
462,526,2133.0,phosphoglucomutase,kegg:C00352 = kegg:C06156,CHB_58725 = CHB_27625,D-glucosamine 6-phosphate(aq) = D-glucosamine 1-phosphate(aq),Brown D.H.; J. Biol. Chem.; 204 877 (1953).,53BRO_1399,13117866.0, ,303.15,7.11,0.28, ,enzymatic assay, ,mol/L;D-glucosamine 6-phosphate=0.0031898;D-glucosamine 1-phosphate=0.0009102;(Mg)1(SO4)1=0.0015;EDTA=0.00056 _ nan _ ,5.4.2.2, , ,, , 
463,524.0,2132.0,phosphoglucomutase,kegg:C00352 = kegg:C06156,CHB_58725 = CHB_27625,D-glucosamine 6-phosphate(aq) = D-glucosamine 1-phosphate(aq),Brown D.H.; J. Biol. Chem.; 204 877 (1953).,53BRO_1399,13117866.0, ,303.15,7.53,0.24, ,enzymatic assay, ,mol/L;D-glucosamine 6-phosphate=0.003311538;D-glucosamine 1-phosphate=0.000788462;(Mg)1(SO4)1=0.0015;EDTA=0.00056  ,5.4.2.2, , , , , 
464,525.0,2131.0,phosphoglucomutase,kegg:C00352 = kegg:C06156,CHB_58725 = CHB_27625,D-glucosamine 6-phosphate(aq) = D-glucosamine 1-phosphate(aq),Brown D.H.; J. Biol. Chem.; 204 877 (1953).,53BRO_1399,13117866.0, ,303.15,7.8,0.28, ,enzymatic assay, ,mol/L;D-glucosamine 6-phosphate=0.0032144;D-glucosamine 1-phosphate=0.0008856;(Mg)1(SO4)1=0.0015;EDTA=0.00056  ,5.4.2.2, , , , , 
465,527,2569.0,acetaldehyde dehydrogenase (acetylating),kegg:C00084 + kegg:C00010 + kegg:C00003 = kegg:C00024 + kegg:C00004,CHB_15343 + CHB_15346 + CHB_15846 = CHB_15351 + CHB_16908,acetaldehyde(aq) + CoA(aq) + NAD(aq) = acetyl-CoA(aq) + NADH(aq),Burton R.M.; Stadtman E.R.; J. Biol. Chem.; 202 873 (1953).,53BUR/STA_240,13061511.0, ,298.15,7.3,2000, ,spectrophotometry,imidazole (0.033 mol dm-3)+ HCl,mol/L;imidazole-HCl=0.033 _ nan _ ,1.2.1.10, , ,, , 
466,,2571.0,acetaldehyde dehydrogenase (acetylating),kegg:C00084 + kegg:C00010 + kegg:C00003 = kegg:C00024 + kegg:C00004, ,acetaldehyde(aq) + CoA(aq) + NAD(aq) = acetyl-CoA(aq) + NADH(aq),Burton R.M.; Stadtman E.R.; J. Biol. Chem.; 202 873 (1953).,53BUR/STA_240,13061511.0, ,298.15,7.8,8200, ,spectrophotometry,imidazole (0.033 mol dm-3)+ HCl, ,1.2.1.10, , , , , 
467,,2570.0,acetaldehyde dehydrogenase (acetylating),kegg:C00084 + kegg:C00010 + kegg:C00003 = kegg:C00024 + kegg:C00004, ,acetaldehyde(aq) + CoA(aq) + NAD(aq) = acetyl-CoA(aq) + NADH(aq),Burton R.M.; Stadtman E.R.; J. Biol. Chem.; 202 873 (1953).,53BUR/STA_240,13061511.0, ,298.15,7.89,7200, ,spectrophotometry,imidazole (0.033 mol dm-3)+ HCl, ,1.2.1.10, , , , , 
468,548.0,1474.0,malate dehydrogenase,kegg:C00149 + kegg:C00003 = kegg:C00036 + kegg:C00004,CHB_15589 + CHB_15846 = CHB_16452 + CHB_16908,(S)-malate(aq) + NAD(aq) = oxaloacetate(aq) + NADH(aq),Burton K.; Wilson T.H.; Biochem. J.; 54 86 (1953).,53BUR/WIL_129, , ,298.15,7.55,2.75E-05, ,spectrophotometry,glycine (0.0027 mol dm-3),mol/L;(S)-malate=0.00519;pyrophosphate buffer=0.0055  ,1.1.1.37, , , , , 
469,547.0,1473.0,malate dehydrogenase,kegg:C00149 + kegg:C00003 = kegg:C00036 + kegg:C00004,CHB_15589 + CHB_15846 = CHB_16452 + CHB_16908,(S)-malate(aq) + NAD(aq) = oxaloacetate(aq) + NADH(aq),Burton K.; Wilson T.H.; Biochem. J.; 54 86 (1953).,53BUR/WIL_129, , ,298.15,8.08,8.18E-05, ,spectrophotometry,glycine (0.0027 mol dm-3),mol/L;(S)-malate=0.00517;pyrophosphate buffer=0.0055  ,1.1.1.37, , , , , 
470,546.0,1472.0,malate dehydrogenase,kegg:C00149 + kegg:C00003 = kegg:C00036 + kegg:C00004,CHB_15589 + CHB_15846 = CHB_16452 + CHB_16908,(S)-malate(aq) + NAD(aq) = oxaloacetate(aq) + NADH(aq),Burton K.; Wilson T.H.; Biochem. J.; 54 86 (1953).,53BUR/WIL_129, , ,298.15,8.19,0.000106, ,spectrophotometry,glycine (0.0027 mol dm-3),mol/L;(S)-malate=0.00517;pyrophosphate buffer=0.0055  ,1.1.1.37, , , , , 
471,537.0,1464.0,malate dehydrogenase,kegg:C00149 + kegg:C00003 = kegg:C00036 + kegg:C00004,CHB_15589 + CHB_15846 = CHB_16452 + CHB_16908,(S)-malate(aq) + NAD(aq) = oxaloacetate(aq) + NADH(aq),Burton K.; Wilson T.H.; Biochem. J.; 54 86 (1953).,53BUR/WIL_129, , ,298.15,8.63,0.00036, ,spectrophotometry,glycine (0.0027 mol dm-3),mol/L;(S)-malate=0.00528;glycine buffer=0.0027  ,1.1.1.37, , , , , 
472,544,1471.0,malate dehydrogenase,kegg:C00149 + kegg:C00003 = kegg:C00036 + kegg:C00004,CHB_15589 + CHB_15846 = CHB_16452 + CHB_16908,(S)-malate(aq) + NAD(aq) = oxaloacetate(aq) + NADH(aq),Burton K.; Wilson T.H.; Biochem. J.; 54 86 (1953).,53BUR/WIL_129, , ,298.15,8.75,0.000446, ,spectrophotometry,glycine (0.0027 mol dm-3),mol/L;(S)-malate=0.00527;glycine buffer=0.0027 _ nan _ ,1.1.1.37, , ,, , 
473,543.0,1470.0,malate dehydrogenase,kegg:C00149 + kegg:C00003 = kegg:C00036 + kegg:C00004,CHB_15589 + CHB_15846 = CHB_16452 + CHB_16908,(S)-malate(aq) + NAD(aq) = oxaloacetate(aq) + NADH(aq),Burton K.; Wilson T.H.; Biochem. J.; 54 86 (1953).,53BUR/WIL_129, , ,298.15,8.78,0.000435, ,spectrophotometry,glycine (0.0027 mol dm-3),mol/L;(S)-malate=0.00527;glycine buffer=0.0027  ,1.1.1.37, , , , , 
474,542.0,1469.0,malate dehydrogenase,kegg:C00149 + kegg:C00003 = kegg:C00036 + kegg:C00004,CHB_15589 + CHB_15846 = CHB_16452 + CHB_16908,(S)-malate(aq) + NAD(aq) = oxaloacetate(aq) + NADH(aq),Burton K.; Wilson T.H.; Biochem. J.; 54 86 (1953).,53BUR/WIL_129, , ,298.15,8.81,0.000466, ,spectrophotometry,glycine (0.0027 mol dm-3),mol/L;(S)-malate=0.00527;glycine buffer=0.0027  ,1.1.1.37, , , , , 
475,545.0,1476.0,malate dehydrogenase,kegg:C00149 + kegg:C00003 = kegg:C00036 + kegg:C00004,CHB_15589 + CHB_15846 = CHB_16452 + CHB_16908,(S)-malate(aq) + NAD(aq) = oxaloacetate(aq) + NADH(aq),Burton K.; Wilson T.H.; Biochem. J.; 54 86 (1953).,53BUR/WIL_129, , ,298.15,8.83,0.000504, ,spectrophotometry,glycine (0.0027 mol dm-3),mol/L;(S)-malate=0.00514;pyrophosphate buffer=0.0055  ,1.1.1.37, , , , , 
476,534.0,1475.0,malate dehydrogenase,kegg:C00149 + kegg:C00003 = kegg:C00036 + kegg:C00004,CHB_15589 + CHB_15846 = CHB_16452 + CHB_16908,(S)-malate(aq) + NAD(aq) = oxaloacetate(aq) + NADH(aq),Burton K.; Wilson T.H.; Biochem. J.; 54 86 (1953).,53BUR/WIL_129, , ,298.15,8.83,0.000531, ,spectrophotometry,glycine (0.0027 mol dm-3),mol/L;(S)-malate=0.00528;glycine buffer=0.0027  ,1.1.1.37, , , , , 
477,538.0,1465.0,malate dehydrogenase,kegg:C00149 + kegg:C00003 = kegg:C00036 + kegg:C00004,CHB_15589 + CHB_15846 = CHB_16452 + CHB_16908,(S)-malate(aq) + NAD(aq) = oxaloacetate(aq) + NADH(aq),Burton K.; Wilson T.H.; Biochem. J.; 54 86 (1953).,53BUR/WIL_129, , ,298.15,8.85,0.000637, ,spectrophotometry,glycine (0.0027 mol dm-3),mol/L;(S)-malate=0.00528;glycine buffer=0.0027  ,1.1.1.37, , , , , 
478,539.0,1468.0,malate dehydrogenase,kegg:C00149 + kegg:C00003 = kegg:C00036 + kegg:C00004,CHB_15589 + CHB_15846 = CHB_16452 + CHB_16908,(S)-malate(aq) + NAD(aq) = oxaloacetate(aq) + NADH(aq),Burton K.; Wilson T.H.; Biochem. J.; 54 86 (1953).,53BUR/WIL_129, , ,298.15,8.86,0.000523, ,spectrophotometry,glycine (0.0027 mol dm-3),mol/L;(S)-malate=0.00513;glycine buffer=0.0027  ,1.1.1.37, , , , , 
479,540.0,1466.0,malate dehydrogenase,kegg:C00149 + kegg:C00003 = kegg:C00036 + kegg:C00004,CHB_15589 + CHB_15846 = CHB_16452 + CHB_16908,(S)-malate(aq) + NAD(aq) = oxaloacetate(aq) + NADH(aq),Burton K.; Wilson T.H.; Biochem. J.; 54 86 (1953).,53BUR/WIL_129, , ,298.15,8.87,0.000517, ,spectrophotometry,glycine (0.0027 mol dm-3),mol/L;(S)-malate=0.00528;glycine buffer=0.0027  ,1.1.1.37, , , , , 
480,535.0,1463.0,malate dehydrogenase,kegg:C00149 + kegg:C00003 = kegg:C00036 + kegg:C00004,CHB_15589 + CHB_15846 = CHB_16452 + CHB_16908,(S)-malate(aq) + NAD(aq) = oxaloacetate(aq) + NADH(aq),Burton K.; Wilson T.H.; Biochem. J.; 54 86 (1953).,53BUR/WIL_129, , ,298.15,8.87,0.00053, ,spectrophotometry,glycine (0.0027 mol dm-3),mol/L;(S)-malate=0.00501;glycine buffer=0.0027  ,1.1.1.37, , , , , 
481,541.0,1467.0,malate dehydrogenase,kegg:C00149 + kegg:C00003 = kegg:C00036 + kegg:C00004,CHB_15589 + CHB_15846 = CHB_16452 + CHB_16908,(S)-malate(aq) + NAD(aq) = oxaloacetate(aq) + NADH(aq),Burton K.; Wilson T.H.; Biochem. J.; 54 86 (1953).,53BUR/WIL_129, , ,298.15,8.89,0.000523, ,spectrophotometry,glycine (0.0027 mol dm-3),mol/L;(S)-malate=0.00528;glycine buffer=0.0027  ,1.1.1.37, , , , , 
482,536.0,1477.0,malate dehydrogenase,kegg:C00149 + kegg:C00003 = kegg:C00036 + kegg:C00004,CHB_15589 + CHB_15846 = CHB_16452 + CHB_16908,(S)-malate(aq) + NAD(aq) = oxaloacetate(aq) + NADH(aq),Burton K.; Wilson T.H.; Biochem. J.; 54 86 (1953).,53BUR/WIL_129, , ,298.15,8.95,0.000692, ,spectrophotometry,glycine (0.0027 mol dm-3),mol/L;(S)-malate=0.00528;glycine buffer=0.0027  ,1.1.1.37, , , , , 
483,,4369.0,alcohol dehydrogenase,kegg:C01845 + kegg:C00003 = kegg:C00207 + kegg:C00004, ,2-propanol(aq) + NAD(aq) = acetone(aq) + NADH(aq),Burton K.; Wilson T.H.; Biochem. J.; 54 86 (1953).,53BUR/WIL_30, , ,298.15,7.03,0.0758, ,spectrophotometry,pyrophosphate (0.0055 mol dm-3), ,1.1.1.1, , , , , 
484,574.0,4370.0,alcohol dehydrogenase,kegg:C01845 + kegg:C00003 = kegg:C00207 + kegg:C00004,CHB_15846 + CHB_17824 = CHB_15347 + CHB_16908,2-propanol(aq) + NAD(aq) = acetone(aq) + NADH(aq),Burton K.; Wilson T.H.; Biochem. J.; 54 86 (1953).,53BUR/WIL_30, , ,298.15,7.18,0.109, ,spectrophotometry,pyrophosphate (0.0055 mol dm-3),mol/L;pyrophosphate buffer=0.0055  ,1.1.1.1, , , , , 
485,571.0,4356.0,alcohol dehydrogenase,kegg:C01845 + kegg:C00003 = kegg:C00207 + kegg:C00004,CHB_15846 + CHB_17824 = CHB_15347 + CHB_16908,2-propanol(aq) + NAD(aq) = acetone(aq) + NADH(aq),Burton K.; Wilson T.H.; Biochem. J.; 54 86 (1953).,53BUR/WIL_30, , ,298.15,7.28,0.134, ,spectrophotometry,pyrophosphate (0.0055 mol dm-3),mol/L;pyrophosphate buffer=0.0055  ,1.1.1.1, , , , , 
486,569.0,4355.0,alcohol dehydrogenase,kegg:C01845 + kegg:C00003 = kegg:C00207 + kegg:C00004,CHB_15846 + CHB_17824 = CHB_15347 + CHB_16908,2-propanol(aq) + NAD(aq) = acetone(aq) + NADH(aq),Burton K.; Wilson T.H.; Biochem. J.; 54 86 (1953).,53BUR/WIL_30, , ,298.15,7.28,0.136, ,spectrophotometry,pyrophosphate (0.0055 mol dm-3),mol/L;pyrophosphate buffer=0.0055  ,1.1.1.1, , , , , 
487,570.0, ,alcohol dehydrogenase, ,CHB_15846 + CHB_17824 = CHB_15347 + CHB_16908,2-propanol(aq) + NAD(aq) = acetone(aq) + NADH(aq),Burton K.; Wilson T.H.; Biochem. J.; 54 86 (1953).,53BUR/WIL_30, , ,298.15,7.28,0.136, ,spectrophotometry,pyrophosphate (0.0055 mol dm-3),mol/L;pyrophosphate buffer=0.0055  ,1.1.1.1, , , , , 
488,572.0,4357.0,alcohol dehydrogenase,kegg:C01845 + kegg:C00003 = kegg:C00207 + kegg:C00004,CHB_15846 + CHB_17824 = CHB_15347 + CHB_16908,2-propanol(aq) + NAD(aq) = acetone(aq) + NADH(aq),Burton K.; Wilson T.H.; Biochem. J.; 54 86 (1953).,53BUR/WIL_30, , ,298.15,7.3,0.129, ,spectrophotometry,pyrophosphate (0.0055 mol dm-3),mol/L;pyrophosphate buffer=0.0055  ,1.1.1.1, , , , , 
489,554.0,4361.0,alcohol dehydrogenase,kegg:C01845 + kegg:C00003 = kegg:C00207 + kegg:C00004,CHB_15846 + CHB_17824 = CHB_15347 + CHB_16908,2-propanol(aq) + NAD(aq) = acetone(aq) + NADH(aq),Burton K.; Wilson T.H.; Biochem. J.; 54 86 (1953).,53BUR/WIL_30, , ,298.15,7.51,0.223, ,spectrophotometry,pyrophosphate (0.0055 mol dm-3),mol/L;pyrophosphate buffer=0.0055  ,1.1.1.1, , , , , 
490,555.0,4346.0,alcohol dehydrogenase,kegg:C01845 + kegg:C00003 = kegg:C00207 + kegg:C00004,CHB_15846 + CHB_17824 = CHB_15347 + CHB_16908,2-propanol(aq) + NAD(aq) = acetone(aq) + NADH(aq),Burton K.; Wilson T.H.; Biochem. J.; 54 86 (1953).,53BUR/WIL_30, , ,298.15,7.51,0.238, ,spectrophotometry,pyrophosphate (0.0055 mol dm-3),mol/L;pyrophosphate buffer=0.0055  ,1.1.1.1, , , , , 
491,558,4352.0,alcohol dehydrogenase,kegg:C01845 + kegg:C00003 = kegg:C00207 + kegg:C00004,CHB_15846 + CHB_17824 = CHB_15347 + CHB_16908,2-propanol(aq) + NAD(aq) = acetone(aq) + NADH(aq),Burton K.; Wilson T.H.; Biochem. J.; 54 86 (1953).,53BUR/WIL_30, , ,298.15,7.52,0.225, ,spectrophotometry,pyrophosphate (0.0055 mol dm-3),mol/L;pyrophosphate buffer=0.0055 _ nan _ ,1.1.1.1, , ,, , 
492,557.0,4353.0,alcohol dehydrogenase,kegg:C01845 + kegg:C00003 = kegg:C00207 + kegg:C00004,CHB_15846 + CHB_17824 = CHB_15347 + CHB_16908,2-propanol(aq) + NAD(aq) = acetone(aq) + NADH(aq),Burton K.; Wilson T.H.; Biochem. J.; 54 86 (1953).,53BUR/WIL_30, , ,298.15,7.52,0.23, ,spectrophotometry,pyrophosphate (0.0055 mol dm-3),mol/L;pyrophosphate buffer=0.0055  ,1.1.1.1, , , , , 
493,565.0,4347.0,alcohol dehydrogenase,kegg:C01845 + kegg:C00003 = kegg:C00207 + kegg:C00004,CHB_15846 + CHB_17824 = CHB_15347 + CHB_16908,2-propanol(aq) + NAD(aq) = acetone(aq) + NADH(aq),Burton K.; Wilson T.H.; Biochem. J.; 54 86 (1953).,53BUR/WIL_30, , ,298.15,7.52,0.263, ,spectrophotometry,pyrophosphate (0.0055 mol dm-3),mol/L;pyrophosphate buffer=0.0055  ,1.1.1.1, , , , , 
494,566.0,4348.0,alcohol dehydrogenase,kegg:C01845 + kegg:C00003 = kegg:C00207 + kegg:C00004,CHB_15846 + CHB_17824 = CHB_15347 + CHB_16908,2-propanol(aq) + NAD(aq) = acetone(aq) + NADH(aq),Burton K.; Wilson T.H.; Biochem. J.; 54 86 (1953).,53BUR/WIL_30, , ,298.15,7.52,0.282, ,spectrophotometry,pyrophosphate (0.0055 mol dm-3),mol/L;pyrophosphate buffer=0.0055  ,1.1.1.1, , , , , 
495,556.0,4362.0,alcohol dehydrogenase,kegg:C01845 + kegg:C00003 = kegg:C00207 + kegg:C00004,CHB_15846 + CHB_17824 = CHB_15347 + CHB_16908,2-propanol(aq) + NAD(aq) = acetone(aq) + NADH(aq),Burton K.; Wilson T.H.; Biochem. J.; 54 86 (1953).,53BUR/WIL_30, , ,298.15,7.56,0.268, ,spectrophotometry,pyrophosphate (0.0055 mol dm-3),mol/L;pyrophosphate buffer=0.0055  ,1.1.1.1, , , , , 
496,563.0,4368.0,alcohol dehydrogenase,kegg:C01845 + kegg:C00003 = kegg:C00207 + kegg:C00004,CHB_15846 + CHB_17824 = CHB_15347 + CHB_16908,2-propanol(aq) + NAD(aq) = acetone(aq) + NADH(aq),Burton K.; Wilson T.H.; Biochem. J.; 54 86 (1953).,53BUR/WIL_30, , ,298.15,7.63,0.251, ,spectrophotometry,pyrophosphate (0.0055 mol dm-3),mol/L;pyrophosphate buffer=0.0055  ,1.1.1.1, , , , , 
497,564.0,4351.0,alcohol dehydrogenase,kegg:C01845 + kegg:C00003 = kegg:C00207 + kegg:C00004,CHB_15846 + CHB_17824 = CHB_15347 + CHB_16908,2-propanol(aq) + NAD(aq) = acetone(aq) + NADH(aq),Burton K.; Wilson T.H.; Biochem. J.; 54 86 (1953).,53BUR/WIL_30, , ,298.15,7.63,0.27, ,spectrophotometry,pyrophosphate (0.0055 mol dm-3),mol/L;pyrophosphate buffer=0.0055  ,1.1.1.1, , , , , 
498,562.0,4350.0,alcohol dehydrogenase,kegg:C01845 + kegg:C00003 = kegg:C00207 + kegg:C00004,CHB_15846 + CHB_17824 = CHB_15347 + CHB_16908,2-propanol(aq) + NAD(aq) = acetone(aq) + NADH(aq),Burton K.; Wilson T.H.; Biochem. J.; 54 86 (1953).,53BUR/WIL_30, , ,298.15,7.64,0.291, ,spectrophotometry,pyrophosphate (0.0055 mol dm-3),mol/L;pyrophosphate buffer=0.0055  ,1.1.1.1, , , , , 
499,561.0,4365.0,alcohol dehydrogenase,kegg:C01845 + kegg:C00003 = kegg:C00207 + kegg:C00004,CHB_15846 + CHB_17824 = CHB_15347 + CHB_16908,2-propanol(aq) + NAD(aq) = acetone(aq) + NADH(aq),Burton K.; Wilson T.H.; Biochem. J.; 54 86 (1953).,53BUR/WIL_30, , ,298.15,7.64,0.308, ,spectrophotometry,pyrophosphate (0.0055 mol dm-3),mol/L;pyrophosphate buffer=0.0055  ,1.1.1.1, , , , , 
500,559.0,4349.0,alcohol dehydrogenase,kegg:C01845 + kegg:C00003 = kegg:C00207 + kegg:C00004,CHB_15846 + CHB_17824 = CHB_15347 + CHB_16908,2-propanol(aq) + NAD(aq) = acetone(aq) + NADH(aq),Burton K.; Wilson T.H.; Biochem. J.; 54 86 (1953).,53BUR/WIL_30, , ,298.15,7.68,0.328, ,spectrophotometry,pyrophosphate (0.0055 mol dm-3),mol/L;pyrophosphate buffer=0.0055  ,1.1.1.1, , , , , 
501,560.0,4371.0,alcohol dehydrogenase,kegg:C01845 + kegg:C00003 = kegg:C00207 + kegg:C00004,CHB_15846 + CHB_17824 = CHB_15347 + CHB_16908,2-propanol(aq) + NAD(aq) = acetone(aq) + NADH(aq),Burton K.; Wilson T.H.; Biochem. J.; 54 86 (1953).,53BUR/WIL_30, , ,298.15,7.68,0.33, ,spectrophotometry,pyrophosphate (0.0055 mol dm-3),mol/L;pyrophosphate buffer=0.0055  ,1.1.1.1, , , , , 
502,567,4354.0,alcohol dehydrogenase,kegg:C01845 + kegg:C00003 = kegg:C00207 + kegg:C00004,CHB_15846 + CHB_17824 = CHB_15347 + CHB_16908,2-propanol(aq) + NAD(aq) = acetone(aq) + NADH(aq),Burton K.; Wilson T.H.; Biochem. J.; 54 86 (1953).,53BUR/WIL_30, , ,298.15,7.68,0.337, ,spectrophotometry,pyrophosphate (0.0055 mol dm-3),mol/L;pyrophosphate buffer=0.0055 _ nan _ ,1.1.1.1, , ,, , 
503,568.0,4363.0,alcohol dehydrogenase,kegg:C01845 + kegg:C00003 = kegg:C00207 + kegg:C00004,CHB_15846 + CHB_17824 = CHB_15347 + CHB_16908,2-propanol(aq) + NAD(aq) = acetone(aq) + NADH(aq),Burton K.; Wilson T.H.; Biochem. J.; 54 86 (1953).,53BUR/WIL_30, , ,298.15,7.68,0.361, ,spectrophotometry,pyrophosphate (0.0055 mol dm-3),mol/L;pyrophosphate buffer=0.0055  ,1.1.1.1, , , , , 
504,553,4366.0,alcohol dehydrogenase,kegg:C01845 + kegg:C00003 = kegg:C00207 + kegg:C00004,CHB_15846 + CHB_17824 = CHB_15347 + CHB_16908,2-propanol(aq) + NAD(aq) = acetone(aq) + NADH(aq),Burton K.; Wilson T.H.; Biochem. J.; 54 86 (1953).,53BUR/WIL_30, , ,298.15,8.71,5.76, ,spectrophotometry,pyrophosphate (0.0055 mol dm-3),mol/L;pyrophosphate buffer=0.0055 _ nan _ ,1.1.1.1, , ,, , 
505,549.0,4358.0,alcohol dehydrogenase,kegg:C01845 + kegg:C00003 = kegg:C00207 + kegg:C00004,CHB_15846 + CHB_17824 = CHB_15347 + CHB_16908,2-propanol(aq) + NAD(aq) = acetone(aq) + NADH(aq),Burton K.; Wilson T.H.; Biochem. J.; 54 86 (1953).,53BUR/WIL_30, , ,298.15,8.78,4.36, ,spectrophotometry,pyrophosphate (0.0055 mol dm-3),mol/L;pyrophosphate buffer=0.0055  ,1.1.1.1, , , , , 
506,551.0,4364.0,alcohol dehydrogenase,kegg:C01845 + kegg:C00003 = kegg:C00207 + kegg:C00004,CHB_15846 + CHB_17824 = CHB_15347 + CHB_16908,2-propanol(aq) + NAD(aq) = acetone(aq) + NADH(aq),Burton K.; Wilson T.H.; Biochem. J.; 54 86 (1953).,53BUR/WIL_30, , ,298.15,8.82,5.32, ,spectrophotometry,pyrophosphate (0.0055 mol dm-3),mol/L;pyrophosphate buffer=0.0055  ,1.1.1.1, , , , , 
507,552.0,4360.0,alcohol dehydrogenase,kegg:C01845 + kegg:C00003 = kegg:C00207 + kegg:C00004,CHB_15846 + CHB_17824 = CHB_15347 + CHB_16908,2-propanol(aq) + NAD(aq) = acetone(aq) + NADH(aq),Burton K.; Wilson T.H.; Biochem. J.; 54 86 (1953).,53BUR/WIL_30, , ,298.15,8.82,5.91, ,spectrophotometry,pyrophosphate (0.0055 mol dm-3),mol/L;pyrophosphate buffer=0.0055  ,1.1.1.1, , , , , 
508,550.0,4359.0,alcohol dehydrogenase,kegg:C01845 + kegg:C00003 = kegg:C00207 + kegg:C00004,CHB_15846 + CHB_17824 = CHB_15347 + CHB_16908,2-propanol(aq) + NAD(aq) = acetone(aq) + NADH(aq),Burton K.; Wilson T.H.; Biochem. J.; 54 86 (1953).,53BUR/WIL_30, , ,298.15,8.83,4.71, ,spectrophotometry,pyrophosphate (0.0055 mol dm-3),mol/L;pyrophosphate buffer=0.0055  ,1.1.1.1, , , , , 
509,530.0,2300.0,glycerol-3-phosphate dehydrogenase (NAD+),kegg:C00093 + kegg:C00003 = kegg:C00111 + kegg:C00004,CHB_15846 + CHB_15978 = CHB_16108 + CHB_16908,sn-glycerol 3-phosphate(aq) + NAD(aq) = dihydroxyacetone phosphate(aq) + NADH(aq),Burton K.; Wilson T.H.; Biochem. J.; 54 86 (1953).,53BUR/WIL_44,13058837.0,10.1042/bj0540086,298.15,7.5,0.000174, ,spectrophotometry,veronal and pyrophosphate (0.003 mol dm-3),mol/L;veronal buffer=0.003;pyrophosphate buffer=0.003  ,1.1.1.8, , , , , 
510,531.0,2301.0,glycerol-3-phosphate dehydrogenase (NAD+),kegg:C00093 + kegg:C00003 = kegg:C00111 + kegg:C00004,CHB_15846 + CHB_15978 = CHB_16108 + CHB_16908,sn-glycerol 3-phosphate(aq) + NAD(aq) = dihydroxyacetone phosphate(aq) + NADH(aq),Burton K.; Wilson T.H.; Biochem. J.; 54 86 (1953).,53BUR/WIL_44,13058837.0,10.1042/bj0540086,298.15,8.0,0.00055, ,spectrophotometry,veronal and pyrophosphate (0.003 mol dm-3),mol/L;veronal buffer=0.003;pyrophosphate buffer=0.003  ,1.1.1.8, , , , , 
511,532.0,2302.0,glycerol-3-phosphate dehydrogenase (NAD+),kegg:C00093 + kegg:C00003 = kegg:C00111 + kegg:C00004,CHB_15846 + CHB_15978 = CHB_16108 + CHB_16908,sn-glycerol 3-phosphate(aq) + NAD(aq) = dihydroxyacetone phosphate(aq) + NADH(aq),Burton K.; Wilson T.H.; Biochem. J.; 54 86 (1953).,53BUR/WIL_44,13058837.0,10.1042/bj0540086,298.15,8.5,0.00174, ,spectrophotometry,veronal and pyrophosphate (0.003 mol dm-3),mol/L;veronal buffer=0.003;pyrophosphate buffer=0.003  ,1.1.1.8, , , , , 
512,533.0,2303.0,glycerol-3-phosphate dehydrogenase (NAD+),kegg:C00093 + kegg:C00003 = kegg:C00111 + kegg:C00004,CHB_15846 + CHB_15978 = CHB_16108 + CHB_16908,sn-glycerol 3-phosphate(aq) + NAD(aq) = dihydroxyacetone phosphate(aq) + NADH(aq),Burton K.; Wilson T.H.; Biochem. J.; 54 86 (1953).,53BUR/WIL_44,13058837.0,10.1042/bj0540086,298.15,9.0,0.0055, ,spectrophotometry,veronal and pyrophosphate (0.003 mol dm-3),mol/L;veronal buffer=0.003;pyrophosphate buffer=0.003  ,1.1.1.8, , , , , 
513,575.0,3599.0,arabinose isomerase,kegg:C00216 = kegg:C00309,CHB_46994 = CHB_28552,D-arabinose(aq) = D-ribulose(aq),Cohen S.S.; J. Biol. Chem.; 201 71 (1953).,53COH_1294,13044776.0, ,310.15, ,0.18, ,spectrophotometry,glycylglycine (0.1 mol dm-3),mol/L;glycylglycine buffer=0.1  ,5.3.1.3, , , , , 
514,576,255.0,adenylate kinase,2 kegg:C00008 = kegg:C00020 + kegg:C00002,2 CHB_16761 = CHB_15422 + CHB_16027,2 ADP(aq) = AMP(aq) + ATP(aq),Green I.; Brown J.R.C.; Mommaerts W.F.H.M.; J. Biol. Chem.; 205 493 (1953).,53GRE/BRO_634,13117926.0, ,300.15,6.7,0.45, ,chromatography, ,mol/L;(K)1(Cl)1=0.1;(Mg)1(Cl)2=0.004;AMP=0.0000003;ADP=0.00000045;ATP=0.00000031 _ nan _ ,2.7.4.3, , ,, , 
515,577,183.0,malate dehydrogenase (oxaloacetate-decarboxylating) (NADP+),kegg:C00149 + kegg:C00006 + kegg:C00001 = kegg:C00022 + kegg:C00005 + kegg:C00288,CHB_15589 + CHB_18009 = CHB_15361 + CHB_16474 + CHB_16526,(S)-malate(aq) + NADP(aq) + H2O(l) = pyruvate(aq) + NADPH(aq) + carbon dioxide(aq),Harary I.; Korey S.R.; Ochoa S.; J. Biol. Chem.; 203 595 (1953).,53HAR/KOR_147,13084629.0, ,297,7.4,0.051, ,enzymatic assay; spectrophotometry, ,mol/L;(Na)1(HCO3)1=0.025;(Mn)1(Cl)2=0.000003;NADPH=0.0000254;NADP=3.64333E-05;(S)-malate=0.000631667;pyruvate=0.027192;carbon dioxide=0.001825333 _ nan _ ,1.1.1.40, , ,, , 
516,578.0,1314.0,xylose isomerase,kegg:C00181 = kegg:C00310,CHB_53455 = CHS_388344,D-xylose(aq) = D-xylulose(aq),Hochster R.M.; Watson R.W.; J. Am. Chem. Soc.; 75 3284 (1953).,53HOC/WAT_1323, , ,300.15,7.5,0.19, ,chemical analysis and paper chromatography,phosphate,mol/L;(Na)1(F)1=0.02;(Mg)1(Cl)2=0.0033;(Na)1(HCO3)1=0.02  ,5.3.1.5, , , , , 
517,579.0,1560.0,acetate-CoA ligase,kegg:C00002 + kegg:C00033 + kegg:C00010 = kegg:C00020 + kegg:C00013 + kegg:C00024,CHB_15346 + CHB_15422 + CHB_30089 = CHB_15351 + CHB_16027 + CHB_18361,ATP(aq) + acetate(aq) + CoA(aq) = AMP(aq) + diphosphate(aq) + acetyl-CoA(aq),Jones M.E.; Fed. Proc. Fed. Am. Soc. Exp. Biol.; 12 708 (1953).,53JON_1432,13107745.0, ,310.15,7.5,2.7, ,spectrophotometry and chemical analysis,Tris (0.16 mol dm-3),mol/L;Tris=0.16  ,6.2.1.1, , , , , 
518,582.0,819.0,NAD(P)+ transhydrogenase,kegg:C00003 + kegg:C00005 = kegg:C00004 + kegg:C00006,CHB_15846 + CHB_16474 = CHB_16908 + CHB_18009,NAD(aq) + NADPH(aq) = NADH(aq) + NADP(aq),Kaplan N.O.; Colowick S.P.; Neufeld E.F.; J. Biol. Chem.; 205 1 (1953).,53KAP/COL_309,13117879.0, ,310.15,6.0,1.48, ,spectrophotometry,phosphate,mol/L;phosphate buffer=0.1  ,1.6.1.1, , , , , 
519,581.0,820.0,NAD(P)+ transhydrogenase,kegg:C00003 + kegg:C00005 = kegg:C00004 + kegg:C00006,CHB_15846 + CHB_16474 = CHB_16908 + CHB_18009,NAD(aq) + NADPH(aq) = NADH(aq) + NADP(aq),Kaplan N.O.; Colowick S.P.; Neufeld E.F.; J. Biol. Chem.; 205 1 (1953).,53KAP/COL_309,13117879.0, ,310.15,6.5,1.43, ,spectrophotometry,phosphate,mol/L;phosphate buffer=0.1  ,1.6.1.1, , , , , 
520,580.0,821.0,NAD(P)+ transhydrogenase,kegg:C00003 + kegg:C00005 = kegg:C00004 + kegg:C00006,CHB_15846 + CHB_16474 = CHB_16908 + CHB_18009,NAD(aq) + NADPH(aq) = NADH(aq) + NADP(aq),Kaplan N.O.; Colowick S.P.; Neufeld E.F.; J. Biol. Chem.; 205 1 (1953).,53KAP/COL_309,13117879.0, ,310.15,7.5,1.41, ,spectrophotometry,phosphate,mol/L;phosphate buffer=0.1  ,1.6.1.1, , , , , 
521,588.0,2034.0,aspartate transaminase,kegg:C00049 + kegg:C00026 = kegg:C00036 + kegg:C00025,CHB_16810 + CHB_29991 = CHB_16452 + CHB_29985,L-aspartate(aq) + 2-oxoglutarate(aq) = oxaloacetate(aq) + L-glutamate(aq),Krebs H.A.; Biochem. J.; 54 82 (1953).,53KRE2_498, , ,298.15,7.4,0.148, ,manometry,phosphate (0.033 mol dm-3),mol/L;phosphate buffer=0.25;oxaloacetate=0.0055615;L-glutamate=0.0055615;L-aspartate=0.0144385;2-oxoglutarate=0.0144385  ,2.6.1.1, , , , , 
522,587.0,3247.0,alanine transaminase,kegg:C00041 + kegg:C00026 = kegg:C00022 + kegg:C00025,CHB_16810 + CHB_16977 = CHB_15361 + CHB_29985,L-alanine(aq) + 2-oxoglutarate(aq) = pyruvate(aq) + L-glutamate(aq),Krebs H.A.; Biochem. J.; 54 82 (1953).,53KRE2_508,13058836.0,10.1042/bj0540082,298.15,7.4,0.658, ,manometry,phosphate (0.25 mol dm-3),mol/L;phosphate buffer=0.05;pyruvate=0.00895703;L-glutamate=0.00895703;L-alanine=0.011;2-oxoglutarate=0.011  ,2.6.1.2, , , , , 
523,583.0,2810.0,fumarate hydratase,kegg:C00122 + kegg:C00001 = kegg:C00149,CHB_15377 + CHB_29806 = CHB_15589,fumarate(aq) + H2O(l) = (S)-malate(aq),Krebs H.A.; Biochem. J.; 54 78 (1953).,53KRE_1147, , ,298.15,7.4,4.43, ,polarimetry and manometry,carbonate + bicarbonate,mol/L;fumarate=0.009225;(S)-malate=0.040775;(Na)1(HCO3)1=0.03  ,4.2.1.2, , , , , 
524,584.0,3105.0,aconitate hydratase,kegg:C00158 = kegg:C00417 + kegg:C00001,CHB_30769 = CHB_15377 + CHB_16383,citrate(aq) = cis-aconitate(aq) + H2O(l),Krebs H.A.; Biochem. J.; 54 78 (1953).,53KRE_1157, , ,298.15,7.4,0.032, ,polarimetry and manometry,carbonate + bicarbonate,mol/L;sodium isocitrate=0.0124;sodium cis-aconitate=0.0058;sodium citrate=0.1818;(Na)1(HCO3)1=0.03  ,4.2.1.3, , , , , 
525,585.0,3556.0,aconitate hydratase,kegg:C00311 = kegg:C00417 + kegg:C00001,CHB_16087 = CHB_15377 + CHB_16383,isocitrate(aq) = cis-aconitate(aq) + H2O(l),Krebs H.A.; Biochem. J.; 54 78 (1953).,53KRE_1160, , ,298.15,7.4,0.47, ,polarimetry and manometry,carbonate + bicarbonate,mol/L;sodium isocitrate=0.0124;sodium cis-aconitate=0.0058;sodium citrate=0.1818;(Na)1(HCO3)1=0.03  ,4.2.1.3, , , , , 
526,586.0,3554.0,aconitate hydratase,kegg:C00311 = kegg:C00158,CHB_16087 = CHB_30769,isocitrate(aq) = citrate(aq),Krebs H.A.; Biochem. J.; 54 78 (1953).,53KRE_1163,13058835.0,10.1042/bj0540078,298.15,7.4,14.7, ,polarimetry and manometry,carbonate + bicarbonate,mol/L;sodium isocitrate=0.0124;sodium cis-aconitate=0.0058;sodium citrate=0.1818;(Na)1(HCO3)1=0.03  ,4.2.1.3, , , , , 
527,589.0,3485.0,3-hydroxybutyrate dehydrogenase,kegg:C01089 + kegg:C00003 = kegg:C00164 + kegg:C00004,CHB_10983 + CHB_15846 = CHB_13705 + CHB_16908,(R)-3-hydroxybutanoate(aq) + NAD(aq) = 3-oxobutanoate(aq) + NADH(aq),Lynen F.; Ochoa S.; Biochim. Biophys. Acta; 12 299 (1953).,53LYN/OCH_116, , ,298.15,7.0,0.0019, , , ,mol/L;pyrophosphate buffer=0.025;S-acetoacetyl-N-acetyl thioethanolamine=0.0025  ,1.1.1.30, , , , , 
528,590.0,2728.0,acetyl-CoA C-acetyltransferase,2 kegg:C00024 = kegg:C00010 + kegg:C00332,2 CHB_15351 = CHB_15345 + CHB_15346,2 acetyl-CoA(aq) = CoA(aq) + acetoacetyl-CoA(aq),Lynen F.; Ochoa S.; Biochim. Biophys. Acta; 12 299 (1953).,53LYN/OCH_404, , ,298.15,8.1,2.00E-05, ,spectrophotometry, ,mol/L;Tris-HCl=0.133;(Mg)1(Cl)2=0.00533;reduced glutathione=0.00667;acetoacetyl-CoA=0.00002;CoA=0.0001  ,2.3.1.9, , , , , 
529,591.0,2729.0,acetyl-CoA C-acetyltransferase,2 kegg:C00024 = kegg:C00010 + kegg:C00332,2 CHB_15351 = CHB_15345 + CHB_15346,2 acetyl-CoA(aq) = CoA(aq) + acetoacetyl-CoA(aq),Lynen F.; Ochoa S.; Biochim. Biophys. Acta; 12 299 (1953).,53LYN/OCH_404, , ,298.15,9.0,0.0001, ,spectrophotometry, ,mol/L;Tris-HCl=0.133;(Mg)1(Cl)2=0.00533;reduced glutathione=0.00667;acetoacetyl-CoA=0.00002;CoA=0.0001  ,2.3.1.9, , , , , 
530,592.0,169.0,3-oxoacid CoA-transferase,kegg:C00091 + kegg:C00164 = kegg:C00042 + kegg:C00332,CHB_13705 + CHB_15380 = CHB_15345 + CHB_30031,succinyl-CoA(aq) + acetoacetate(aq) = succinate(aq) + acetoacetyl-CoA(aq),Lynen F.; Ochoa S.; Biochim. Biophys. Acta; 12 299 (1953).,53LYN/OCH_717, , ,298.15,8.1,0.01, ,spectrophotometry, ,mol/L;succinyl-CoA=0.0000667;acetoacetate=0.033;succinate=0;acetoacetyl-CoA=0;(Mg)1(Cl)2=0.00533  ,2.8.3.5, , , , , 
531,593.0, ,butyrate-CoA ligase, ,CHB_15346 + CHB_15422 + CHB_45571 = CHB_16027 + CHB_18361 + MAN_10013,ATP(aq) + heptanoate(aq) + CoA(aq) = AMP(aq) + diphosphate(aq) + n-heptanoyl-CoA(aq),Mahler H.R.; Wakil S.J.; Bock R.M.; J. Biol. Chem.; 204 453 (1953).,53MAH/WAK_1436,13084616.0, ,311.15,8.0,1.11, ,spectrophotometry,glycylglycine (0.002 mol dm-3),mol/L;heptanoate=0.001;CoA=0.0002567;ATP=0.0002;glycylglycine buffer=0.002;AMP=0;diphosphate=0;n-heptanoyl-CoA=0  ,6.2.1.2, , , , , 
532,615.0,1491.0,fumarate hydratase,kegg:C00122 + kegg:C00001 = kegg:C00149,CHB_15377 + CHB_29806 = CHB_15589,fumarate(aq) + H2O(l) = (S)-malate(aq),Massey V.; Biochem. J.; 53 72 (1953).,53MAS_1148,13032036.0,10.1042/bj0530072,275.8,7.3,6.31, ,spectrophotometry,phosphate (0.067 mol dm-3),mol/L;phosphate buffer=0.067  ,4.2.1.2, , , , , 
533,616.0,1492.0,fumarate hydratase,kegg:C00122 + kegg:C00001 = kegg:C00149,CHB_15377 + CHB_29806 = CHB_15589,fumarate(aq) + H2O(l) = (S)-malate(aq),Massey V.; Biochem. J.; 53 72 (1953).,53MAS_1148,13032036.0,10.1042/bj0530072,276.9,6.35,6.31, ,spectrophotometry,phosphate (0.067 mol dm-3),mol/L;phosphate buffer=0.067  ,4.2.1.2, , , , , 
534,617.0,1493.0,fumarate hydratase,kegg:C00122 + kegg:C00001 = kegg:C00149,CHB_15377 + CHB_29806 = CHB_15589,fumarate(aq) + H2O(l) = (S)-malate(aq),Massey V.; Biochem. J.; 53 72 (1953).,53MAS_1148,13032036.0,10.1042/bj0530072,277,6.35,6.31, ,spectrophotometry,phosphate (0.067 mol dm-3),mol/L;phosphate buffer=0.067  ,4.2.1.2, , , , , 
535,618.0,1509.0,fumarate hydratase,kegg:C00122 + kegg:C00001 = kegg:C00149,CHB_15377 + CHB_29806 = CHB_15589,fumarate(aq) + H2O(l) = (S)-malate(aq),Massey V.; Biochem. J.; 53 72 (1953).,53MAS_1148,13032036.0,10.1042/bj0530072,277.2,6.35,6.31, ,spectrophotometry,phosphate (0.067 mol dm-3),mol/L;phosphate buffer=0.067  ,4.2.1.2, , , , , 
536,614.0,1508.0,fumarate hydratase,kegg:C00122 + kegg:C00001 = kegg:C00149,CHB_15377 + CHB_29806 = CHB_15589,fumarate(aq) + H2O(l) = (S)-malate(aq),Massey V.; Biochem. J.; 53 72 (1953).,53MAS_1148,13032036.0,10.1042/bj0530072,282.3,6.35,5.68, ,spectrophotometry,phosphate (0.067 mol dm-3),mol/L;phosphate buffer=0.067  ,4.2.1.2, , , , , 
537,613.0,1510.0,fumarate hydratase,kegg:C00122 + kegg:C00001 = kegg:C00149,CHB_15377 + CHB_29806 = CHB_15589,fumarate(aq) + H2O(l) = (S)-malate(aq),Massey V.; Biochem. J.; 53 72 (1953).,53MAS_1148,13032036.0,10.1042/bj0530072,283.5,7.3,5.5, ,spectrophotometry,phosphate (0.067 mol dm-3),mol/L;phosphate buffer=0.067  ,4.2.1.2, , , , , 
538,612.0,1494.0,fumarate hydratase,kegg:C00122 + kegg:C00001 = kegg:C00149,CHB_15377 + CHB_29806 = CHB_15589,fumarate(aq) + H2O(l) = (S)-malate(aq),Massey V.; Biochem. J.; 53 72 (1953).,53MAS_1148,13032036.0,10.1042/bj0530072,284,6.35,5.5, ,spectrophotometry,phosphate (0.067 mol dm-3),mol/L;phosphate buffer=0.067  ,4.2.1.2, , , , , 
539,611.0,1495.0,fumarate hydratase,kegg:C00122 + kegg:C00001 = kegg:C00149,CHB_15377 + CHB_29806 = CHB_15589,fumarate(aq) + H2O(l) = (S)-malate(aq),Massey V.; Biochem. J.; 53 72 (1953).,53MAS_1148,13032036.0,10.1042/bj0530072,286.1,6.35,5.3, ,spectrophotometry,phosphate (0.067 mol dm-3),mol/L;phosphate buffer=0.067  ,4.2.1.2, , , , , 
540,610.0,1496.0,fumarate hydratase,kegg:C00122 + kegg:C00001 = kegg:C00149,CHB_15377 + CHB_29806 = CHB_15589,fumarate(aq) + H2O(l) = (S)-malate(aq),Massey V.; Biochem. J.; 53 72 (1953).,53MAS_1148,13032036.0,10.1042/bj0530072,288.2,6.35,5.01, ,spectrophotometry,phosphate (0.067 mol dm-3),mol/L;phosphate buffer=0.067  ,4.2.1.2, , , , , 
541,609.0,1497.0,fumarate hydratase,kegg:C00122 + kegg:C00001 = kegg:C00149,CHB_15377 + CHB_29806 = CHB_15589,fumarate(aq) + H2O(l) = (S)-malate(aq),Massey V.; Biochem. J.; 53 72 (1953).,53MAS_1148,13032036.0,10.1042/bj0530072,288.2,7.3,4.86, ,spectrophotometry,phosphate (0.067 mol dm-3),mol/L;phosphate buffer=0.067  ,4.2.1.2, , , , , 
542,607.0,1498.0,fumarate hydratase,kegg:C00122 + kegg:C00001 = kegg:C00149,CHB_15377 + CHB_29806 = CHB_15589,fumarate(aq) + H2O(l) = (S)-malate(aq),Massey V.; Biochem. J.; 53 72 (1953).,53MAS_1148,13032036.0,10.1042/bj0530072,291.9,6.35,4.57, ,spectrophotometry,phosphate (0.067 mol dm-3),mol/L;phosphate buffer=0.067  ,4.2.1.2, , , , , 
543,605.0,1511.0,fumarate hydratase,kegg:C00122 + kegg:C00001 = kegg:C00149,CHB_15377 + CHB_29806 = CHB_15589,fumarate(aq) + H2O(l) = (S)-malate(aq),Massey V.; Biochem. J.; 53 72 (1953).,53MAS_1148,13032036.0,10.1042/bj0530072,292.6,7.3,4.47, ,spectrophotometry,phosphate (0.067 mol dm-3),mol/L;phosphate buffer=0.067  ,4.2.1.2, , , , , 
544,608.0,1515.0,fumarate hydratase,kegg:C00122 + kegg:C00001 = kegg:C00149,CHB_15377 + CHB_29806 = CHB_15589,fumarate(aq) + H2O(l) = (S)-malate(aq),Massey V.; Biochem. J.; 53 72 (1953).,53MAS_1148,13032036.0,10.1042/bj0530072,292.8,6.35,4.57, ,spectrophotometry,phosphate (0.067 mol dm-3),mol/L;phosphate buffer=0.067  ,4.2.1.2, , , , , 
545,604.0,1499.0,fumarate hydratase,kegg:C00122 + kegg:C00001 = kegg:C00149,CHB_15377 + CHB_29806 = CHB_15589,fumarate(aq) + H2O(l) = (S)-malate(aq),Massey V.; Biochem. J.; 53 72 (1953).,53MAS_1148,13032036.0,10.1042/bj0530072,296.7,6.35,4.21, ,spectrophotometry,phosphate (0.067 mol dm-3),mol/L;phosphate buffer=0.067  ,4.2.1.2, , , , , 
546,602.0,1506.0,fumarate hydratase,kegg:C00122 + kegg:C00001 = kegg:C00149,CHB_15377 + CHB_29806 = CHB_15589,fumarate(aq) + H2O(l) = (S)-malate(aq),Massey V.; Biochem. J.; 53 72 (1953).,53MAS_1148,13032036.0,10.1042/bj0530072,298.1,7.3,3.98, ,spectrophotometry,phosphate (0.067 mol dm-3),mol/L;phosphate buffer=0.067  ,4.2.1.2, , , , , 
547,601.0,1500.0,fumarate hydratase,kegg:C00122 + kegg:C00001 = kegg:C00149,CHB_15377 + CHB_29806 = CHB_15589,fumarate(aq) + H2O(l) = (S)-malate(aq),Massey V.; Biochem. J.; 53 72 (1953).,53MAS_1148,13032036.0,10.1042/bj0530072,298.7,6.35,3.98, ,spectrophotometry,phosphate (0.067 mol dm-3),mol/L;phosphate buffer=0.067  ,4.2.1.2, , , , , 
548,603.0,1507.0,fumarate hydratase,kegg:C00122 + kegg:C00001 = kegg:C00149,CHB_15377 + CHB_29806 = CHB_15589,fumarate(aq) + H2O(l) = (S)-malate(aq),Massey V.; Biochem. J.; 53 72 (1953).,53MAS_1148,13032036.0,10.1042/bj0530072,299.2,6.35,4.01, ,spectrophotometry,phosphate (0.067 mol dm-3),mol/L;phosphate buffer=0.067  ,4.2.1.2, , , , , 
549,599.0,1513.0,fumarate hydratase,kegg:C00122 + kegg:C00001 = kegg:C00149,CHB_15377 + CHB_29806 = CHB_15589,fumarate(aq) + H2O(l) = (S)-malate(aq),Massey V.; Biochem. J.; 53 72 (1953).,53MAS_1148,13032036.0,10.1042/bj0530072,302.5,7.3,3.63, ,spectrophotometry,phosphate (0.067 mol dm-3),mol/L;phosphate buffer=0.067  ,4.2.1.2, , , , , 
550,598.0,1502.0,fumarate hydratase,kegg:C00122 + kegg:C00001 = kegg:C00149,CHB_15377 + CHB_29806 = CHB_15589,fumarate(aq) + H2O(l) = (S)-malate(aq),Massey V.; Biochem. J.; 53 72 (1953).,53MAS_1148,13032036.0,10.1042/bj0530072,303,6.35,3.63, ,spectrophotometry,phosphate (0.067 mol dm-3),mol/L;phosphate buffer=0.067  ,4.2.1.2, , , , , 
551,600.0,1501.0,fumarate hydratase,kegg:C00122 + kegg:C00001 = kegg:C00149,CHB_15377 + CHB_29806 = CHB_15589,fumarate(aq) + H2O(l) = (S)-malate(aq),Massey V.; Biochem. J.; 53 72 (1953).,53MAS_1148,13032036.0,10.1042/bj0530072,303,6.35,3.78, ,spectrophotometry,phosphate (0.067 mol dm-3),mol/L;phosphate buffer=0.067  ,4.2.1.2, , , , , 
552,597.0,1514.0,fumarate hydratase,kegg:C00122 + kegg:C00001 = kegg:C00149,CHB_15377 + CHB_29806 = CHB_15589,fumarate(aq) + H2O(l) = (S)-malate(aq),Massey V.; Biochem. J.; 53 72 (1953).,53MAS_1148,13032036.0,10.1042/bj0530072,307.8,7.3,3.21, ,spectrophotometry,phosphate (0.067 mol dm-3),mol/L;phosphate buffer=0.067  ,4.2.1.2, , , , , 
553,596.0,1503.0,fumarate hydratase,kegg:C00122 + kegg:C00001 = kegg:C00149,CHB_15377 + CHB_29806 = CHB_15589,fumarate(aq) + H2O(l) = (S)-malate(aq),Massey V.; Biochem. J.; 53 72 (1953).,53MAS_1148,13032036.0,10.1042/bj0530072,309.9,6.35,3.21, ,spectrophotometry,phosphate (0.067 mol dm-3),mol/L;phosphate buffer=0.067  ,4.2.1.2, , , , , 
554,594.0,1504.0,fumarate hydratase,kegg:C00122 + kegg:C00001 = kegg:C00149,CHB_15377 + CHB_29806 = CHB_15589,fumarate(aq) + H2O(l) = (S)-malate(aq),Massey V.; Biochem. J.; 53 72 (1953).,53MAS_1148,13032036.0,10.1042/bj0530072,310.7,6.35,3.09, ,spectrophotometry,phosphate (0.067 mol dm-3),mol/L;phosphate buffer=0.067  ,4.2.1.2, , , , , 
555,595.0,1505.0,fumarate hydratase,kegg:C00122 + kegg:C00001 = kegg:C00149,CHB_15377 + CHB_29806 = CHB_15589,fumarate(aq) + H2O(l) = (S)-malate(aq),Massey V.; Biochem. J.; 53 72 (1953).,53MAS_1148,13032036.0,10.1042/bj0530072,311.7,6.35,3.09, ,spectrophotometry,phosphate (0.067 mol dm-3),mol/L;phosphate buffer=0.067  ,4.2.1.2, , , , , 
556,,3243.0,trimetaphosphatase,kegg:C02466 + kegg:C00001 = kegg:C00536, ,trimetaphosphate(aq) + H2O(l) = triphosphate(aq),Meyerhof O.; Shatas R.; Kaplan A.; Biochim. Biophys. Acta; 12 121 (1953).,53MEY/SHA_1069, , ,306.15,6.95, , ,calorimetry,sodium maleate (0.03 mol dm-3), ,3.6.1.2, , , , ,-80.8
557,619,3807.0,xylose isomerase,kegg:C00181 = kegg:C00310,CHB_53455 = CHS_388344,D-xylose(aq) = D-xylulose(aq),Mitsuhashi S.; Lampen J.O.; J. Biol. Chem.; 204 1011 (1953).,53MIT/LAM_1324,13117877.0, ,310.15,7.0,0.16, ,chromatography and spectrophotometry,phosphate (0.05 mol dm-3),mol/L;phosphate buffer=0.05 _ nan _ ,5.3.1.5, , ,, , 
558,620.0,808.0,aspartate transaminase,kegg:C00049 + kegg:C00026 = kegg:C00036 + kegg:C00025,CHB_16810 + CHB_29991 = CHB_16452 + CHB_29985,L-aspartate(aq) + 2-oxoglutarate(aq) = oxaloacetate(aq) + L-glutamate(aq),Nisonoff A.; Barnes F.W. Jr.; Enns T.; J. Biol. Chem.; 204 957 (1953).,53NIS/BAR_499,13117873.0, ,310.65,7.4,0.13, ,spectrophotometry,phosphate (0.033 mol dm-3),mol/L;phosphate=0.033;L-aspartate=0.003;2-oxoglutarate=0.003;oxaloacetate=0.001;L-glutamate=0.001  ,2.6.1.1, , , , , 
559,624.0,684.0,glutamate dehydrogenase (NAD(P)+),kegg:C00025 + kegg:C00003 + kegg:C00001 = kegg:C00026 + kegg:C00004 + kegg:C00014,CHB_15377 + CHB_15846 + CHB_29985 = CHB_16134 + CHB_16810 + CHB_16908,L-glutamate(aq) + NAD(aq) + H2O(l) = 2-oxoglutarate(aq) + NADH(aq) + ammonia(aq),Olson J.A; Anfinsen C.B.; J. Biol. Chem.; 202 841 (1953).,53OLS/ANF_280, , ,300.15,6.5,4.60E-07, ,spectrophotometry,phosphate (0.2 mol dm-3),mol/L;potassium phosphate buffer=0.2  ,1.4.1.3, , , , , 
560,625.0,683.0,glutamate dehydrogenase (NAD(P)+),kegg:C00025 + kegg:C00003 + kegg:C00001 = kegg:C00026 + kegg:C00004 + kegg:C00014,CHB_15377 + CHB_15846 + CHB_29985 = CHB_16134 + CHB_16810 + CHB_16908,L-glutamate(aq) + NAD(aq) + H2O(l) = 2-oxoglutarate(aq) + NADH(aq) + ammonia(aq),Olson J.A; Anfinsen C.B.; J. Biol. Chem.; 202 841 (1953).,53OLS/ANF_280, , ,300.15,7.0,1.50E-06, ,spectrophotometry,phosphate (0.2 mol dm-3),mol/L;potassium phosphate buffer=0.2  ,1.4.1.3, , , , , 
561,626.0,682.0,glutamate dehydrogenase (NAD(P)+),kegg:C00025 + kegg:C00003 + kegg:C00001 = kegg:C00026 + kegg:C00004 + kegg:C00014,CHB_15377 + CHB_15846 + CHB_29985 = CHB_16134 + CHB_16810 + CHB_16908,L-glutamate(aq) + NAD(aq) + H2O(l) = 2-oxoglutarate(aq) + NADH(aq) + ammonia(aq),Olson J.A; Anfinsen C.B.; J. Biol. Chem.; 202 841 (1953).,53OLS/ANF_280, , ,300.15,7.5,4.60E-06, ,spectrophotometry,phosphate (0.2 mol dm-3),mol/L;potassium phosphate buffer=0.2  ,1.4.1.3, , , , , 
562,621.0, ,glutamate dehydrogenase (NAD(P)+), ,CHB_15377 + CHB_29985 + PBC_4481 = CHB_16134 + CHB_16810 + PBC_4066204,L-glutamate(aq) + desamino NAD(aq) + H2O(l) = 2-oxoglutarate(aq) + desamino NADH(aq) + ammonia(aq),Olson J.A; Anfinsen C.B.; J. Biol. Chem.; 202 841 (1953).,53OLS/ANF_281, , ,299.15,7.0,9.70E-07, ,spectrophotometry,phosphate (0.2 mol dm-3),mol/L;potassium phosphate buffer=0.2  ,1.4.1.3, , , , , 
563,622.0, ,glutamate dehydrogenase (NAD(P)+), ,CHB_15377 + CHB_29985 + PBC_4481 = CHB_16134 + CHB_16810 + PBC_4066204,L-glutamate(aq) + desamino NAD(aq) + H2O(l) = 2-oxoglutarate(aq) + desamino NADH(aq) + ammonia(aq),Olson J.A; Anfinsen C.B.; J. Biol. Chem.; 202 841 (1953).,53OLS/ANF_281, , ,299.15,7.5,3.10E-06, ,spectrophotometry,phosphate (0.2 mol dm-3),mol/L;potassium phosphate buffer=0.2  ,1.4.1.3, , , , , 
564,623.0, ,glutamate dehydrogenase (NAD(P)+), ,CHB_15377 + CHB_29985 + PBC_4481 = CHB_16134 + CHB_16810 + PBC_4066204,L-glutamate(aq) + desamino NAD(aq) + H2O(l) = 2-oxoglutarate(aq) + desamino NADH(aq) + ammonia(aq),Olson J.A; Anfinsen C.B.; J. Biol. Chem.; 202 841 (1953).,53OLS/ANF_281, , ,299.15,8.0,9.70E-06, ,spectrophotometry,phosphate (0.2 mol dm-3),mol/L;potassium phosphate buffer=0.2  ,1.4.1.3, , , , , 
565,627.0,687.0,glutamate dehydrogenase (NAD(P)+),kegg:C00025 + kegg:C00006 + kegg:C00001 = kegg:C00026 + kegg:C00005 + kegg:C00014,CHB_15377 + CHB_18009 + CHB_29985 = CHB_16134 + CHB_16474 + CHB_16810,L-glutamate(aq) + NADP(aq) + H2O(l) = 2-oxoglutarate(aq) + NADPH(aq) + ammonia(aq),Olson J.A; Anfinsen C.B.; J. Biol. Chem.; 202 841 (1953).,53OLS/ANF_282,13061508.0, ,300.15,6.5,3.10E-07, ,spectrophotometry,phosphate (0.2 mol dm-3),mol/L;potassium phosphate buffer=0.2  ,1.4.1.3, , , , , 
566,628.0,685.0,glutamate dehydrogenase (NAD(P)+),kegg:C00025 + kegg:C00006 + kegg:C00001 = kegg:C00026 + kegg:C00005 + kegg:C00014,CHB_15377 + CHB_18009 + CHB_29985 = CHB_16134 + CHB_16474 + CHB_16810,L-glutamate(aq) + NADP(aq) + H2O(l) = 2-oxoglutarate(aq) + NADPH(aq) + ammonia(aq),Olson J.A; Anfinsen C.B.; J. Biol. Chem.; 202 841 (1953).,53OLS/ANF_282,13061508.0, ,300.15,7.0,9.90E-07, ,spectrophotometry,phosphate (0.2 mol dm-3),mol/L;potassium phosphate buffer=0.2  ,1.4.1.3, , , , , 
567,629.0,686.0,glutamate dehydrogenase (NAD(P)+),kegg:C00025 + kegg:C00006 + kegg:C00001 = kegg:C00026 + kegg:C00005 + kegg:C00014,CHB_15377 + CHB_18009 + CHB_29985 = CHB_16134 + CHB_16474 + CHB_16810,L-glutamate(aq) + NADP(aq) + H2O(l) = 2-oxoglutarate(aq) + NADPH(aq) + ammonia(aq),Olson J.A; Anfinsen C.B.; J. Biol. Chem.; 202 841 (1953).,53OLS/ANF_282,13061508.0, ,300.15,7.5,3.10E-06, ,spectrophotometry,phosphate (0.2 mol dm-3),mol/L;potassium phosphate buffer=0.2  ,1.4.1.3, , , , , 
568,630.0,709.0,arginosuccinate lyase,kegg:C03406 = kegg:C00122 + kegg:C00062,CHB_15682 = CHB_16467 + CHB_29806,N-(L-argino)succinate(aq) = fumarate(aq) + L-arginine(aq),Ratner S.; Anslow W.P. Jr.; Petrack B.; J. Biol. Chem.; 204 115 (1953).,53RAT/ANS_1222,13084582.0, ,311.15,7.5,0.0114, ,chemical analysis,potassium phosphate (0.05 mol dm-3),mol/L;potassium phosphate buffer=0.05  ,4.3.2.1, , , , , 
569,631.0,541.0,adenylate kinase,2 kegg:C00008 = kegg:C00020 + kegg:C00002,2 CHB_16761 = CHB_15422 + CHB_16027,2 ADP(aq) = AMP(aq) + ATP(aq),Siekevitz P.; Potter V.R.; J. Biol. Chem.; 200 187 (1953).,53SIE/POT_635,13034773.0, ,303.15, ,1, ,spectrophotometry, ,   ,2.7.4.3, , , , , 
570,,2633.0,acetyl-CoA C-acetyltransferase,2 kegg:C00024 = kegg:C00010 + kegg:C00332, ,2 acetyl-CoA(aq) = CoA(aq) + acetoacetyl-CoA(aq),Stern J.R.; Coon M.J.; del Campillo A.; J. Am. Chem. Soc.; 75 1517 (1953).,53STE/COO_405, , ,298.15,8.1,2.00E-05, ,spectrophotometric, , ,2.3.1.9, , , , , 
571,,48.0,3-oxoacid CoA-transferase,kegg:C00091 + kegg:C00164 = kegg:C00042 + kegg:C00332, ,succinyl-CoA(aq) + acetoacetate(aq) = succinate(aq) + acetoacetyl-CoA(aq),Stern J.R.; Coon M.J.; del Campillo A.; J. Am. Chem. Soc.; 75 1517 (1953).,53STE/COO_718, , ,298.15,8.1,0.01, ,spectrophotometric, , ,2.8.3.5, , , , , 
572,634.0,3783.0,glutamate dehydrogenase,kegg:C00025 + kegg:C00003 + kegg:C00001 = kegg:C00026 + kegg:C00004 + kegg:C00014,CHB_15377 + CHB_15846 + CHB_29985 = CHB_16134 + CHB_16810 + CHB_16908,L-glutamate(aq) + NAD(aq) + H2O(l) = 2-oxoglutarate(aq) + NADH(aq) + ammonia(aq),Strecker H.J.; Arch. Biochem. Biophys.; 46 128 (1953).,53STR_274,13092953.0,10.1016/0003-9861(53)90176-3,303.65,6.37,3.47E-07, ,spectrophotometry,Tris (0.045 mol dm-3) and pyrophosphate (0.045 mol dm-3),mol/L;Tris=0.045  ,1.4.1.2, , , , , 
573,641.0,3774.0,glutamate dehydrogenase,kegg:C00025 + kegg:C00003 + kegg:C00001 = kegg:C00026 + kegg:C00004 + kegg:C00014,CHB_15377 + CHB_15846 + CHB_29985 = CHB_16134 + CHB_16810 + CHB_16908,L-glutamate(aq) + NAD(aq) + H2O(l) = 2-oxoglutarate(aq) + NADH(aq) + ammonia(aq),Strecker H.J.; Arch. Biochem. Biophys.; 46 128 (1953).,53STR_274,13092953.0,10.1016/0003-9861(53)90176-3,303.65,6.74,1.09E-06, ,spectrophotometry,Tris (0.045 mol dm-3) and pyrophosphate (0.045 mol dm-3),mol/L;pyrophosphate buffer=0.045  ,1.4.1.2, , , , , 
574,636.0,3786.0,glutamate dehydrogenase,kegg:C00025 + kegg:C00003 + kegg:C00001 = kegg:C00026 + kegg:C00004 + kegg:C00014,CHB_15377 + CHB_15846 + CHB_29985 = CHB_16134 + CHB_16810 + CHB_16908,L-glutamate(aq) + NAD(aq) + H2O(l) = 2-oxoglutarate(aq) + NADH(aq) + ammonia(aq),Strecker H.J.; Arch. Biochem. Biophys.; 46 128 (1953).,53STR_274,13092953.0,10.1016/0003-9861(53)90176-3,303.65,7.02,1.47E-06, ,spectrophotometry,Tris (0.045 mol dm-3) and pyrophosphate (0.045 mol dm-3),mol/L;Tris=0.045  ,1.4.1.2, , , , , 
575,635.0,3775.0,glutamate dehydrogenase,kegg:C00025 + kegg:C00003 + kegg:C00001 = kegg:C00026 + kegg:C00004 + kegg:C00014,CHB_15377 + CHB_15846 + CHB_29985 = CHB_16134 + CHB_16810 + CHB_16908,L-glutamate(aq) + NAD(aq) + H2O(l) = 2-oxoglutarate(aq) + NADH(aq) + ammonia(aq),Strecker H.J.; Arch. Biochem. Biophys.; 46 128 (1953).,53STR_274,13092953.0,10.1016/0003-9861(53)90176-3,303.65,7.08,1.06E-06, ,spectrophotometry,Tris (0.045 mol dm-3) and pyrophosphate (0.045 mol dm-3),mol/L;Tris=0.045  ,1.4.1.2, , , , , 
576,642.0,3776.0,glutamate dehydrogenase,kegg:C00025 + kegg:C00003 + kegg:C00001 = kegg:C00026 + kegg:C00004 + kegg:C00014,CHB_15377 + CHB_15846 + CHB_29985 = CHB_16134 + CHB_16810 + CHB_16908,L-glutamate(aq) + NAD(aq) + H2O(l) = 2-oxoglutarate(aq) + NADH(aq) + ammonia(aq),Strecker H.J.; Arch. Biochem. Biophys.; 46 128 (1953).,53STR_274,13092953.0,10.1016/0003-9861(53)90176-3,303.65,7.38,4.17E-06, ,spectrophotometry,Tris (0.045 mol dm-3) and pyrophosphate (0.045 mol dm-3),mol/L;pyrophosphate buffer=0.045  ,1.4.1.2, , , , , 
577,638.0,3777.0,glutamate dehydrogenase,kegg:C00025 + kegg:C00003 + kegg:C00001 = kegg:C00026 + kegg:C00004 + kegg:C00014,CHB_15377 + CHB_15846 + CHB_29985 = CHB_16134 + CHB_16810 + CHB_16908,L-glutamate(aq) + NAD(aq) + H2O(l) = 2-oxoglutarate(aq) + NADH(aq) + ammonia(aq),Strecker H.J.; Arch. Biochem. Biophys.; 46 128 (1953).,53STR_274,13092953.0,10.1016/0003-9861(53)90176-3,303.65,7.55,4.08E-06, ,spectrophotometry,Tris (0.045 mol dm-3) and pyrophosphate (0.045 mol dm-3),mol/L;Tris=0.045  ,1.4.1.2, , , , , 
578,637.0,3778.0,glutamate dehydrogenase,kegg:C00025 + kegg:C00003 + kegg:C00001 = kegg:C00026 + kegg:C00004 + kegg:C00014,CHB_15377 + CHB_15846 + CHB_29985 = CHB_16134 + CHB_16810 + CHB_16908,L-glutamate(aq) + NAD(aq) + H2O(l) = 2-oxoglutarate(aq) + NADH(aq) + ammonia(aq),Strecker H.J.; Arch. Biochem. Biophys.; 46 128 (1953).,53STR_274,13092953.0,10.1016/0003-9861(53)90176-3,303.65,7.69,2.30E-06, ,spectrophotometry,Tris (0.045 mol dm-3) and pyrophosphate (0.045 mol dm-3),mol/L;Tris=0.045  ,1.4.1.2, , , , , 
579,644.0,3782.0,glutamate dehydrogenase,kegg:C00025 + kegg:C00003 + kegg:C00001 = kegg:C00026 + kegg:C00004 + kegg:C00014,CHB_15377 + CHB_15846 + CHB_29985 = CHB_16134 + CHB_16810 + CHB_16908,L-glutamate(aq) + NAD(aq) + H2O(l) = 2-oxoglutarate(aq) + NADH(aq) + ammonia(aq),Strecker H.J.; Arch. Biochem. Biophys.; 46 128 (1953).,53STR_274,13092953.0,10.1016/0003-9861(53)90176-3,303.65,7.6,9.95E-06, ,spectrophotometry,Tris (0.045 mol dm-3) and pyrophosphate (0.045 mol dm-3),mol/L;pyrophosphate buffer=0.045  ,1.4.1.2, , , , , 
580,643.0,3779.0,glutamate dehydrogenase,kegg:C00025 + kegg:C00003 + kegg:C00001 = kegg:C00026 + kegg:C00004 + kegg:C00014,CHB_15377 + CHB_15846 + CHB_29985 = CHB_16134 + CHB_16810 + CHB_16908,L-glutamate(aq) + NAD(aq) + H2O(l) = 2-oxoglutarate(aq) + NADH(aq) + ammonia(aq),Strecker H.J.; Arch. Biochem. Biophys.; 46 128 (1953).,53STR_274,13092953.0,10.1016/0003-9861(53)90176-3,303.65,7.89,6.44E-06, ,spectrophotometry,Tris (0.045 mol dm-3) and pyrophosphate (0.045 mol dm-3),mol/L;pyrophosphate buffer=0.045  ,1.4.1.2, , , , , 
581,645.0,3784.0,glutamate dehydrogenase,kegg:C00025 + kegg:C00003 + kegg:C00001 = kegg:C00026 + kegg:C00004 + kegg:C00014,CHB_15377 + CHB_15846 + CHB_29985 = CHB_16134 + CHB_16810 + CHB_16908,L-glutamate(aq) + NAD(aq) + H2O(l) = 2-oxoglutarate(aq) + NADH(aq) + ammonia(aq),Strecker H.J.; Arch. Biochem. Biophys.; 46 128 (1953).,53STR_274,13092953.0,10.1016/0003-9861(53)90176-3,303.65,8.17,7.20E-05, ,spectrophotometry,Tris (0.045 mol dm-3) and pyrophosphate (0.045 mol dm-3),   ,1.4.1.2, , , , , 
582,640.0,3785.0,glutamate dehydrogenase,kegg:C00025 + kegg:C00003 + kegg:C00001 = kegg:C00026 + kegg:C00004 + kegg:C00014,CHB_15377 + CHB_15846 + CHB_29985 = CHB_16134 + CHB_16810 + CHB_16908,L-glutamate(aq) + NAD(aq) + H2O(l) = 2-oxoglutarate(aq) + NADH(aq) + ammonia(aq),Strecker H.J.; Arch. Biochem. Biophys.; 46 128 (1953).,53STR_274,13092953.0,10.1016/0003-9861(53)90176-3,303.65,8.25,6.21E-05, ,spectrophotometry,Tris (0.045 mol dm-3) and pyrophosphate (0.045 mol dm-3),   ,1.4.1.2, , , , , 
583,639.0,3780.0,glutamate dehydrogenase,kegg:C00025 + kegg:C00003 + kegg:C00001 = kegg:C00026 + kegg:C00004 + kegg:C00014,CHB_15377 + CHB_15846 + CHB_29985 = CHB_16134 + CHB_16810 + CHB_16908,L-glutamate(aq) + NAD(aq) + H2O(l) = 2-oxoglutarate(aq) + NADH(aq) + ammonia(aq),Strecker H.J.; Arch. Biochem. Biophys.; 46 128 (1953).,53STR_274,13092953.0,10.1016/0003-9861(53)90176-3,303.65,8.27,1.88E-05, ,spectrophotometry,Tris (0.045 mol dm-3) and pyrophosphate (0.045 mol dm-3),   ,1.4.1.2, , , , , 
584,646.0,3781.0,glutamate dehydrogenase,kegg:C00025 + kegg:C00003 + kegg:C00001 = kegg:C00026 + kegg:C00004 + kegg:C00014,CHB_15377 + CHB_15846 + CHB_29985 = CHB_16134 + CHB_16810 + CHB_16908,L-glutamate(aq) + NAD(aq) + H2O(l) = 2-oxoglutarate(aq) + NADH(aq) + ammonia(aq),Strecker H.J.; Arch. Biochem. Biophys.; 46 128 (1953).,53STR_274,13092953.0,10.1016/0003-9861(53)90176-3,303.65,8.32,9.67E-05, ,spectrophotometry,Tris (0.045 mol dm-3) and pyrophosphate (0.045 mol dm-3),   ,1.4.1.2, , , , , 
585,, ,dipeptidyl-peptidase I, , ,glycyl-L-phenylalaninamide(aq) + H2O(l) = glycyl-L-phenylalanine(aq) + ammonia(aq),Sturtevant J.M.; J. Am. Chem. Soc.; 75 2016 (1953).,53STU_954, , ,298.15,4.69, , ,calorimetry,sodium phosphate (0.05 mol dm-3) and/or sodium acetate (0.05 mol dm-3)  +  sodium phosphate + sodium acetate, ,3.4.14.1, , , , ,-24.6
586,, ,dipeptidyl-peptidase I, , ,glycyl-L-phenylalaninamide(aq) + H2O(l) = glycyl-L-phenylalanine(aq) + ammonia(aq),Sturtevant J.M.; J. Am. Chem. Soc.; 75 2016 (1953).,53STU_954, , ,298.15,4.85, , ,calorimetry,sodium phosphate (0.05 mol dm-3) and/or sodium acetate (0.05 mol dm-3)  +  sodium phosphate + sodium acetate, ,3.4.14.1, , , , ,-26.3
587,, ,dipeptidyl-peptidase I, , ,glycyl-L-phenylalaninamide(aq) + H2O(l) = glycyl-L-phenylalanine(aq) + ammonia(aq),Sturtevant J.M.; J. Am. Chem. Soc.; 75 2016 (1953).,53STU_954, , ,298.15,5.09, , ,calorimetry,sodium phosphate (0.05 mol dm-3) and/or sodium acetate (0.05 mol dm-3)  +  sodium phosphate + sodium acetate, ,3.4.14.1, , , , ,-26.4
588,, ,dipeptidyl-peptidase I, , ,glycyl-L-phenylalaninamide(aq) + H2O(l) = glycyl-L-phenylalanine(aq) + ammonia(aq),Sturtevant J.M.; J. Am. Chem. Soc.; 75 2016 (1953).,53STU_954, , ,298.15,5.11, , ,calorimetry,sodium phosphate (0.05 mol dm-3) and/or sodium acetate (0.05 mol dm-3)  +  sodium phosphate + sodium acetate, ,3.4.14.1, , , , ,-27.4
589,, ,dipeptidyl-peptidase I, , ,glycyl-L-phenylalaninamide(aq) + H2O(l) = glycyl-L-phenylalanine(aq) + ammonia(aq),Sturtevant J.M.; J. Am. Chem. Soc.; 75 2016 (1953).,53STU_954, , ,298.15,5.65, , ,calorimetry,sodium phosphate (0.05 mol dm-3) and/or sodium acetate (0.05 mol dm-3)  +  sodium phosphate + sodium acetate, ,3.4.14.1, , , , ,-25.6
590,, ,carboxypeptidase A, , ,benzyloxycarbonylglycyl-L-leucine(aq) + H2O(l) = benzyloxycarbonylglycine(aq) + L-leucine(aq),Sturtevant J.M.; J. Am. Chem. Soc.; 75 2016 (1953).,53STU_955, , ,298.15,6.46, , ,calorimetry,sodium phosphate (0.05 mol dm-3), ,3.4.17.1, , , , ,-8.7
591,, ,carboxypeptidase A, , ,benzyloxycarbonylglycyl-L-leucine(aq) + H2O(l) = benzyloxycarbonylglycine(aq) + L-leucine(aq),Sturtevant J.M.; J. Am. Chem. Soc.; 75 2016 (1953).,53STU_955, , ,298.15,6.77, , ,calorimetry,sodium phosphate (0.05 mol dm-3), ,3.4.17.1, , , , ,-8.7
592,, ,carboxypeptidase A, , ,benzyloxycarbonylglycyl-L-leucine(aq) + H2O(l) = benzyloxycarbonylglycine(aq) + L-leucine(aq),Sturtevant J.M.; J. Am. Chem. Soc.; 75 2016 (1953).,53STU_955, , ,298.15,6.81, , ,calorimetry,sodium phosphate (0.05 mol dm-3), ,3.4.17.1, , , , ,-8.6
593,, ,carboxypeptidase A, , ,benzyloxycarbonylglycyl-L-leucine(aq) + H2O(l) = benzyloxycarbonylglycine(aq) + L-leucine(aq),Sturtevant J.M.; J. Am. Chem. Soc.; 75 2016 (1953).,53STU_955, , ,298.15,7.24, , ,calorimetry,sodium phosphate (0.05 mol dm-3), ,3.4.17.1, , , , ,-9.2
594,, ,carboxypeptidase A, , ,benzyloxycarbonylglycyl-L-leucine(aq) + H2O(l) = benzyloxycarbonylglycine(aq) + L-leucine(aq),Sturtevant J.M.; J. Am. Chem. Soc.; 75 2016 (1953).,53STU_955, , ,298.15,7.44, , ,calorimetry,sodium phosphate (0.05 mol dm-3), ,3.4.17.1, , , , ,-9.1
595,, ,carboxypeptidase A, , ,benzyloxycarbonylglycyl-L-leucine(aq) + H2O(l) = benzyloxycarbonylglycine(aq) + L-leucine(aq),Sturtevant J.M.; J. Am. Chem. Soc.; 75 2016 (1953).,53STU_955, , ,298.15,7.45, , ,calorimetry,sodium phosphate (0.05 mol dm-3), ,3.4.17.1, , , , ,-8.9
596,647.0,3904.0,3(or 17)_-hydroxysteroid dehydrogenase,kegg:C00535 + kegg:C00003 = kegg:C00280 + kegg:C00004,CHB_15846 + CHB_17347 = CHB_16422 + CHB_16908,"4-androstene-17Î²-ol-3-one(aq) + NAD(aq) = 4-androstene-3,17-dione(aq) + NADH(aq)",Talalay P.; Dobson M.M.; J. Biol. Chem.; 205 823 (1953).,53TAL/DOB_178,13129261.0, ,298.65,6.1,0.032, ,spectrophotometry,orthophosphate (0.03 mol dm-3) and pyrophosphate (0.03 mol dm-3),mol/L;phosphate buffer=0.03  ,1.1.1.51, , , , , 
597,648.0,3905.0,3(or 17)_-hydroxysteroid dehydrogenase,kegg:C00535 + kegg:C00003 = kegg:C00280 + kegg:C00004,CHB_15846 + CHB_17347 = CHB_16422 + CHB_16908,"4-androstene-17Î²-ol-3-one(aq) + NAD(aq) = 4-androstene-3,17-dione(aq) + NADH(aq)",Talalay P.; Dobson M.M.; J. Biol. Chem.; 205 823 (1953).,53TAL/DOB_178,13129261.0, ,298.65,7.6,1.4, ,spectrophotometry,orthophosphate (0.03 mol dm-3) and pyrophosphate (0.03 mol dm-3),mol/L;phosphate buffer=0.03  ,1.1.1.51, , , , , 
598,649.0,3907.0,3(or 17)_-hydroxysteroid dehydrogenase,kegg:C00535 + kegg:C00003 = kegg:C00280 + kegg:C00004,CHB_15846 + CHB_17347 = CHB_16422 + CHB_16908,"4-androstene-17Î²-ol-3-one(aq) + NAD(aq) = 4-androstene-3,17-dione(aq) + NADH(aq)",Talalay P.; Dobson M.M.; J. Biol. Chem.; 205 823 (1953).,53TAL/DOB_178,13129261.0, ,298.65,8.1,4, ,spectrophotometry,orthophosphate (0.03 mol dm-3) and pyrophosphate (0.03 mol dm-3),mol/L;phosphate buffer=0.03  ,1.1.1.51, , , , , 
599,650.0,3906.0,3(or 17)_-hydroxysteroid dehydrogenase,kegg:C00535 + kegg:C00003 = kegg:C00280 + kegg:C00004,CHB_15846 + CHB_17347 = CHB_16422 + CHB_16908,"4-androstene-17Î²-ol-3-one(aq) + NAD(aq) = 4-androstene-3,17-dione(aq) + NADH(aq)",Talalay P.; Dobson M.M.; J. Biol. Chem.; 205 823 (1953).,53TAL/DOB_178,13129261.0, ,298.65,9.2,89, ,spectrophotometry,orthophosphate (0.03 mol dm-3) and pyrophosphate (0.03 mol dm-3),mol/L;phosphate buffer=0.03  ,1.1.1.51, , , , , 
600,651.0,1308.0,ribose-5-phosphate isomerase,kegg:C00117 = kegg:C00199,CHB_52742 = CHB_17363,D-ribose 5-phosphate(aq) = D-ribulose 5-phosphate(aq),Axelrod B.; Jang R.; J. Biol. Chem.; 209 847 (1954).,54AXE/JAN_1331,13192139.0, ,273.15,7.0,0.164, ,enzymatic assay and spectrophotometry,Tris (0.1 mol dm-3),mol/L;Tris=0.075;D-ribulose 5-phosphate=0.00112715;D-ribose 5-phosphate=0.00687285  ,5.3.1.6, , , , , 
601,652.0,1306.0,ribose-5-phosphate isomerase,kegg:C00117 = kegg:C00199,CHB_52742 = CHB_17363,D-ribose 5-phosphate(aq) = D-ribulose 5-phosphate(aq),Axelrod B.; Jang R.; J. Biol. Chem.; 209 847 (1954).,54AXE/JAN_1331,13192139.0, ,298.65,7.0,0.264, ,enzymatic assay and spectrophotometry,Tris (0.1 mol dm-3),mol/L;Tris=0.075;D-ribulose 5-phosphate=0.00167089;D-ribose 5-phosphate=0.00632911  ,5.3.1.6, , , , , 
602,653.0,1307.0,ribose-5-phosphate isomerase,kegg:C00117 = kegg:C00199,CHB_52742 = CHB_17363,D-ribose 5-phosphate(aq) = D-ribulose 5-phosphate(aq),Axelrod B.; Jang R.; J. Biol. Chem.; 209 847 (1954).,54AXE/JAN_1331,13192139.0, ,310.15,7.0,0.323, ,enzymatic assay and spectrophotometry,Tris (0.1 mol dm-3),mol/L;Tris=0.075;D-ribulose 5-phosphate=0.00195314;D-ribose 5-phosphate=0.00604686  ,5.3.1.6, , , , , 
603,654.0,2636.0,nucleoside-diphosphate kinase,kegg:C00002 + kegg:C00104 = kegg:C00008 + kegg:C00081,CHB_15422 + CHB_17808 = CHB_16039 + CHB_16761,ATP(aq) + inosine 5'-diphosphate(aq) = ADP(aq) + inosine 5'-triphosphate(aq),Berg P.; Joklik W.K.; J. Biol. Chem.; 210 657 (1954).,54BER/JOK_665,13211603.0, ,310.15,6.0,1, ,radioactive labelling and spectrophotometry,sodium succinate (0.02 mol dm-3),mol/L;sodium succinate=0.2;(Mg)1(Cl)2=0.01;ATP=0.00044;inosine 5'-diphosphate=0.00056;ADP=0;inosine 5'-triphosphate=0  ,2.7.4.6, , , , , 
604,655.0,2654.0,adenylate kinase,2 kegg:C00008 = kegg:C00020 + kegg:C00002,2 CHB_16761 = CHB_15422 + CHB_16027,2 ADP(aq) = AMP(aq) + ATP(aq),Bowen W.J.; Kerwin T.D.; Arch. Biochem. Biophys.; 49 149 (1954).,54BOW/KER_636,13139680.0,10.1016/0003-9861(54)90176-9,274.15,6.0,0.38, ,enzymatic assay,sodium succinate (0.04 mol dm-3),mol/L;sodium succinate=0.04  ,2.7.4.3, ,0.0 MgCl2, , , 
605,,2656.0,adenylate kinase,2 kegg:C00008 = kegg:C00020 + kegg:C00002, ,2 ADP(aq) = AMP(aq) + ATP(aq),Bowen W.J.; Kerwin T.D.; Arch. Biochem. Biophys.; 49 149 (1954).,54BOW/KER_636,13139680.0,10.1016/0003-9861(54)90176-9,293.15,6.0,0.31, ,enzymatic assay,sodium succinate (0.04 mol dm-3),3.0 = -log[Mg+2],2.7.4.3, ,0.001 MgCl2, , , 
606,657.0,2655.0,adenylate kinase,2 kegg:C00008 = kegg:C00020 + kegg:C00002,2 CHB_16761 = CHB_15422 + CHB_16027,2 ADP(aq) = AMP(aq) + ATP(aq),Bowen W.J.; Kerwin T.D.; Arch. Biochem. Biophys.; 49 149 (1954).,54BOW/KER_636,13139680.0,10.1016/0003-9861(54)90176-9,293.15,6.0,0.39, ,enzymatic assay,sodium succinate (0.04 mol dm-3),mol/L;sodium succinate=0.04  ,2.7.4.3, ,0.0 MgCl2, , , 
607,658.0,2657.0,adenylate kinase,2 kegg:C00008 = kegg:C00020 + kegg:C00002,2 CHB_16761 = CHB_15422 + CHB_16027,2 ADP(aq) = AMP(aq) + ATP(aq),Bowen W.J.; Kerwin T.D.; Arch. Biochem. Biophys.; 49 149 (1954).,54BOW/KER_636,13139680.0,10.1016/0003-9861(54)90176-9,313.15,6.0,0.48, ,enzymatic assay,sodium succinate (0.04 mol dm-3),mol/L;sodium succinate=0.04  ,2.7.4.3, ,0.0 MgCl2, , , 
608,659.0,941.0,ketotetraose-phosphate aldolase,kegg:C03394 = kegg:C00067 + kegg:C00111,CHB_17063 = CHB_16108 + CHB_16842,erythrulose 1-phosphate(aq) = formaldehyde(aq) + glycerone phosphate(aq),Charlampous F.C.; J. Biol. Chem.; 211 249 (1954).,54CHA_1086,13211661.0, ,301.15,7.4,0.00043, ,radioactivity,NH4OH,mol/L;(Mg)1(Cl)2=0.075;formaldehyde=0.00117;glycerone phosphate=0.00106;erythrulose 1-phosphate=0.00288  ,4.1.2.2, , , , , 
609,660.0,2883.0,alkaline phosphatase,kegg:C00092 + kegg:C00001 = kegg:C00031 + kegg:C00009,CHB_15377 + CHB_4170 = CHB_26078 + CHB_4167,D-glucose 6-phosphate(aq) + H2O(l) = D-glucose(aq) + orthophosphate(aq),Ginodman L.M.; Biokhimiya; 19 666 (1954).,54GIN_771, , ,310.15,8.2,55, ,radioactivity, ,   ,3.1.3.1, , , , , 
610,663.0, ,alkaline phosphatase, ,CHB_15377 + CHB_15978 = CHB_17754 + CHB_26078,L-Î±-glycerophosphate(aq) + H2O(l) = glycerol(aq) + orthophosphate(aq),Ginodman L.M.; Biokhimiya; 19 666 (1954).,54GIN_779, , ,310.15,6.7,40, ,radioactivity,barbital + acetate,   ,3.1.3.1, , , , , 
611,665.0, ,alkaline phosphatase, ,CHB_15377 + CHB_15978 = CHB_17754 + CHB_26078,L-Î±-glycerophosphate(aq) + H2O(l) = glycerol(aq) + orthophosphate(aq),Ginodman L.M.; Biokhimiya; 19 666 (1954).,54GIN_779, , ,310.15,7.5,55, ,radioactivity,barbital + acetate,   ,3.1.3.1, , , , , 
612,664.0, ,alkaline phosphatase, ,CHB_15377 + CHB_15978 = CHB_17754 + CHB_26078,L-Î±-glycerophosphate(aq) + H2O(l) = glycerol(aq) + orthophosphate(aq),Ginodman L.M.; Biokhimiya; 19 666 (1954).,54GIN_779, , ,310.15,7.8,46, ,radioactivity,barbital + acetate,   ,3.1.3.1, , , , , 
613,661.0, ,alkaline phosphatase, ,CHB_15377 + CHB_15978 = CHB_17754 + CHB_26078,L-Î±-glycerophosphate(aq) + H2O(l) = glycerol(aq) + orthophosphate(aq),Ginodman L.M.; Biokhimiya; 19 666 (1954).,54GIN_779, , ,310.15,8.3,24, ,radioactivity,barbital + acetate,   ,3.1.3.1, , , , , 
614,662.0, ,alkaline phosphatase, ,CHB_15377 + CHB_15978 = CHB_17754 + CHB_26078,L-Î±-glycerophosphate(aq) + H2O(l) = glycerol(aq) + orthophosphate(aq),Ginodman L.M.; Biokhimiya; 19 666 (1954).,54GIN_779, , ,310.15,8.8,36, ,radioactivity,barbital + acetate,   ,3.1.3.1, , , , , 
615,666.0,3139.0,acetyl-CoA C-acetyltransferase,2 kegg:C00024 = kegg:C00010 + kegg:C00332,2 CHB_15351 = CHB_15345 + CHB_15346,2 acetyl-CoA(aq) = CoA(aq) + acetoacetyl-CoA(aq),Goldman D.S.; J. Biol. Chem.; 208 345 (1954).,54GOL_406,13174544.0, ,289.15,8.5,6.00E-05, ,spectrophotometry,diol (0.0001 mol dm-3),mol/L;(Mg)1(Cl)2=0.0001;Diol buffer=0.1;acetyl-CoA=0.001455;CoA=0.00001125;acetoacetyl-CoA=0.00001125  ,2.3.1.9, , , , , 
616,667.0,3140.0,acetyl-CoA C-acetyltransferase,2 kegg:C00024 = kegg:C00010 + kegg:C00332,2 CHB_15351 = CHB_15345 + CHB_15346,2 acetyl-CoA(aq) = CoA(aq) + acetoacetyl-CoA(aq),Goldman D.S.; J. Biol. Chem.; 208 345 (1954).,54GOL_406,13174544.0, ,289.15,8.8,8.70E-05, ,spectrophotometry,diol (0.0001 mol dm-3),mol/L;(Mg)1(Cl)2=0.0001;Diol buffer=0.1;acetyl-CoA=0.001455;CoA=0.00001335;acetoacetyl-CoA=0.00001335  ,2.3.1.9, , , , , 
617,668.0, ,butyryl-CoA dehydrogenase, ,CHB_15517 + CHB_50428 = CHB_36926 + MAN_10081,butanoyl-CoA(aq) + indophenol(aq) = 2-butenoyl-CoA(aq) + reduced indophenol(aq),Green D.E.; Mii S.; Mahler H.R.; Bock R.M.; J. Biol. Chem.; 206 1 (1954).,54GRE/MII_264,13130521.0, ,298.15,7.0,10, ,spectrophotometry,histidine (0.01 mol dm-3),mol/L;histidine buffer=0.01  ,1.3.99.2, , , , , 
618,669,258.0,UDPglucose 4-epimerase and UDPglucose-hexose 1-phosphate uridylyltransferase,kegg:C03384 = kegg:C00103,CHB_37480 = CHB_16077,Î±-D-galactose 1-phosphate(aq) =Î±-D-glucose 1-phosphate(aq),Hansen R.G.; Craine E.M.; J. Biol. Chem.; 208 293 (1954).,54HAN/CRA_1261,13174537.0, ,298.15,7.1,3, ,paper chromatography,acetate (0.005 mol dm-3) + cacodylate (0.005 mol dm-3),mol/L;acetate-cacodylate buffer=0.005 _ nan _ ,2.7.7.12 & 2.7.7.12 & 5.1.3.2 & 5.1.3.2, , ,, , 
619,670.0,4399.0,acetate-CoA ligase,kegg:C00002 + kegg:C00033 + kegg:C00010 = kegg:C00020 + kegg:C00013 + kegg:C00024,CHB_15346 + CHB_15422 + CHB_30089 = CHB_15351 + CHB_16027 + CHB_18361,ATP(aq) + acetate(aq) + CoA(aq) = AMP(aq) + diphosphate(aq) + acetyl-CoA(aq),Hele P.; J. Biol. Chem.; 206 671 (1954).,54HEL_1433, , ,311.15,7.5,0.86, ,enzymatic assay,Tris (0.1 mol dm-3),mol/L;Tris=0.01;ATP=0.00025;CoA=0.0005;(Mg)1(Cl)2=0.0005;acetate=0.001;AMP=0;diphosphate=0;acetyl-CoA=0  ,6.2.1.1, , , , , 
620,671.0,4397.0,acetate-CoA ligase,kegg:C00002 + kegg:C00033 + kegg:C00010 = kegg:C00020 + kegg:C00013 + kegg:C00024,CHB_15346 + CHB_15422 + CHB_30089 = CHB_15351 + CHB_16027 + CHB_18361,ATP(aq) + acetate(aq) + CoA(aq) = AMP(aq) + diphosphate(aq) + acetyl-CoA(aq),Hele P.; J. Biol. Chem.; 206 671 (1954).,54HEL_1433, , ,311.15,8.0,0.86, ,enzymatic assay,Tris (0.1 mol dm-3),mol/L;Tris=0.01;ATP=0.00025;CoA=0.0005;(Mg)1(Cl)2=0.0005;acetate=0.001;AMP=0;diphosphate=0;acetyl-CoA=0  ,6.2.1.1, , , , , 
621,672.0,4398.0,acetate-CoA ligase,kegg:C00002 + kegg:C00033 + kegg:C00010 = kegg:C00020 + kegg:C00013 + kegg:C00024,CHB_15346 + CHB_15422 + CHB_30089 = CHB_15351 + CHB_16027 + CHB_18361,ATP(aq) + acetate(aq) + CoA(aq) = AMP(aq) + diphosphate(aq) + acetyl-CoA(aq),Hele P.; J. Biol. Chem.; 206 671 (1954).,54HEL_1433, , ,311.15,8.5,0.86, ,enzymatic assay,Tris (0.1 mol dm-3),mol/L;Tris=0.01;ATP=0.00025;CoA=0.0005;(Mg)1(Cl)2=0.0005;acetate=0.001;AMP=0;diphosphate=0;acetyl-CoA=0  ,6.2.1.1, , , , , 
622,673.0,4396.0,acetate-CoA ligase,kegg:C00002 + kegg:C00163 + kegg:C00010 = kegg:C00020 + kegg:C00013 + kegg:C00100,CHB_15346 + CHB_15422 + CHB_17272 = CHB_16027 + CHB_18361 + PBC_92753,ATP(aq) + propanoate(aq) + CoA(aq) = AMP(aq) + diphosphate(aq) + propanonyl-CoA(aq),Hele P.; J. Biol. Chem.; 206 671 (1954).,54HEL_1435,13143026.0, ,311.15,8.0,1.15, ,enzymatic assay,Tris (0.1 mol dm-3),mol/L;Tris=0.01;ATP=0.00025;CoA=0.0005;(Mg)1(Cl)2=0.0005;propanoate=0.0014;AMP=0;diphosphate=0;propanonyl-CoA=0  ,6.2.1.1, , , , , 
623,677.0,2539.0,glutamate-ammonia ligase,kegg:C00002 + kegg:C00025 + kegg:C00014 = kegg:C00008 + kegg:C00009 + kegg:C00064,CHB_15422 + CHB_16134 + CHB_29985 = CHB_16761 + CHB_18050 + CHB_26078,ATP(aq) + L-glutamate(aq) + ammonia(aq) = ADP(aq) + phosphate(aq) + L-glutamine(aq),Levintow L.; Meister A.; J. Biol. Chem.; 209 265 (1954).,54LEV/MEI_1439,13192082.0, ,295.15,7.0,1800, ,chemical analysis and enzymatic assay,imidazole (0.1 mol dm-3) or Tris (0.1 mol dm-3),mol/L;(Mg)1(Cl)2=0.05;2-mercaptoethanol=0.025;imidazole buffer=0.1;L-glutamine=0.01;ADP=0.01;phosphate=0.01;ATP=0;L-glutamate=0;ammonia=0  ,6.3.1.2, , , , , 
624,675.0,2540.0,glutamate-ammonia ligase,kegg:C00002 + kegg:C00025 + kegg:C00014 = kegg:C00008 + kegg:C00009 + kegg:C00064,CHB_15422 + CHB_16134 + CHB_29985 = CHB_16761 + CHB_18050 + CHB_26078,ATP(aq) + L-glutamate(aq) + ammonia(aq) = ADP(aq) + phosphate(aq) + L-glutamine(aq),Levintow L.; Meister A.; J. Biol. Chem.; 209 265 (1954).,54LEV/MEI_1439,13192082.0, ,310.15,6.0,400, ,chemical analysis and enzymatic assay,imidazole (0.1 mol dm-3) or Tris (0.1 mol dm-3),mol/L;(Mg)1(Cl)2=0.05;2-mercaptoethanol=0.025;imidazole buffer=0.1;L-glutamine=0.01;ADP=0.01;phosphate=0.01;ATP=0;L-glutamate=0;ammonia=0  ,6.3.1.2, , , , , 
625,674.0,2541.0,glutamate-ammonia ligase,kegg:C00002 + kegg:C00025 + kegg:C00014 = kegg:C00008 + kegg:C00009 + kegg:C00064,CHB_15422 + CHB_16134 + CHB_29985 = CHB_16761 + CHB_18050 + CHB_26078,ATP(aq) + L-glutamate(aq) + ammonia(aq) = ADP(aq) + phosphate(aq) + L-glutamine(aq),Levintow L.; Meister A.; J. Biol. Chem.; 209 265 (1954).,54LEV/MEI_1439,13192082.0, ,310.15,7.0,1233, ,chemical analysis and enzymatic assay,imidazole (0.1 mol dm-3) or Tris (0.1 mol dm-3),mol/L;(Mg)1(Cl)2=0.05;2-mercaptoethanol=0.025;imidazole buffer=0.1;L-glutamine=0.01;ADP=0.0133;phosphate=0.0233;ATP=0;L-glutamate=0;ammonia=0  ,6.3.1.2, , , , , 
626,676.0,2542.0,glutamate-ammonia ligase,kegg:C00002 + kegg:C00025 + kegg:C00014 = kegg:C00008 + kegg:C00009 + kegg:C00064,CHB_15422 + CHB_16134 + CHB_29985 = CHB_16761 + CHB_18050 + CHB_26078,ATP(aq) + L-glutamate(aq) + ammonia(aq) = ADP(aq) + phosphate(aq) + L-glutamine(aq),Levintow L.; Meister A.; J. Biol. Chem.; 209 265 (1954).,54LEV/MEI_1439,13192082.0, ,310.15,7.9,3000, ,chemical analysis and enzymatic assay,imidazole (0.1 mol dm-3) or Tris (0.1 mol dm-3),mol/L;(Mg)1(Cl)2=0.05;2-mercaptoethanol=0.025;imidazole buffer=0.1;L-glutamine=0.01;ADP=0.01;phosphate=0.01;ATP=0;L-glutamate=0;ammonia=0  ,6.3.1.2, , , , , 
627,678.0,1247.0,dihydroorotase,kegg:C00337 + kegg:C00001 = kegg:C00438,CHB_15377 + CHB_30864 = CHB_15859,(S)-dihydroorotate(aq) + H2O(l) = N-carbamoyl-L-aspartate(aq),Lieberman I.; Kornberg A.; J. Biol. Chem.; 207 911 (1954).,54LIE/KOR_1036, , ,303.15,6.1,1.9, ,spectrophotometry and radioactivity,phosphate (0.017 mol dm-3),mol/L;(Mg)1(Cl)2=0.005;potassium phosphate buffer=0.01667;L-cysteine=0.01  ,3.5.2.3, , , , , 
628,679.0,1242.0,carboxymethylhydantoinase,kegg:C03703 + kegg:C00001 = kegg:C00438,CHB_15377 + CHB_16342 = CHB_15859,L-5-carboxymethylhydantoin(aq) + H2O(l) = N-carbamoyl-L-aspartate(aq),Lieberman I.; Kornberg A.; J. Biol. Chem.; 207 911 (1954).,54LIE/KOR_1039,13163076.0, ,307.15,6.1,0.53, ,spectrophotometry and radioactivity,phosphate (0.017 mol dm-3),mol/L;(Mg)1(Cl)2=0.005;potassium phosphate buffer=0.01667;L-cysteine=0.01  ,3.5.2.4, , , , , 
629,680.0,2027.0,alanine racemase,kegg:C00041 = kegg:C00133,CHB_16977 = CHB_15570,L-alanine(aq) = D-alanine(aq),Marr A.G.; Wilson P.W.; Arch. Biochem. Biophys.; 49 424 (1954).,54MAR/WIL_1234,13159289.0,10.1016/0003-9861(54)90211-8,307.15,8.0,1, ,enzymatic assay,Tris (0.067 mol dm-3),mol/L;L-alanine=0.0083;D-alanine=0.0083;Tris=0.067  ,5.1.1.1, , , , , 
630,681.0,3567.0,3-dehydroquinate dehydratase,kegg:C00944 = kegg:C02637 + kegg:C00001,CHB_32364 = CHB_15377 + CHB_30918,3-dehydroquinate(aq) = 3-dehydroshikimate(aq) + H2O(l),Mitsuhashi S.; Davis B.D.; Biochim. Biophys. Acta; 15 54 (1954).,54MIT/DAV_1168, , ,302.15,7.4,15, ,spectrophotometry,potassium phosphate (0.033 mol dm-3),mol/L;potassium phosphate buffer=0.033  ,4.2.1.10, , , , , 
631,713.0,2136.0,acetate kinase,kegg:C00002 + kegg:C00033 = kegg:C00008 + kegg:C00227,CHB_15422 + CHB_30089 = CHB_15350 + CHB_16761,ATP(aq) + acetate(aq) = ADP(aq) + acetyl phosphate(aq),Rose I.A.; Grunberg-Manago M.; Korey S.R.; Ochoa S.; J. Biol. Chem.; 211 737 (1954).,54ROS/GRU_573,13221579.0, ,302.15,7.3,0.0087, ,spectrophotometry,Tris (0.05 mol dm-3),mol/L;(Mg)1(Cl)2=0.01;Tris=0.05;(K)1=0.8;acetate=0.8;ATP=0.01;ADP=0;acetyl phosphate=0  ,2.7.2.1, , , , , 
632,717.0,1429.0,muconate cycloisomerase,kegg:C04105 = kegg:C02480,CHB_18080 = CHB_16508,"2,5-dihydro-5-oxofuran-2-acetate(aq) = cis-cis-hexadienedioate(aq)",Sistrom W.R.; Stanier R.Y.; J. Biol. Chem.; 210 821 (1954).,54SIS/STA_1427, , ,303.15,6.0,0.01, ,spectrophotometry,glycine Tris histidine succinate,mol/L;succinate buffer=0.01;(Mn)1(Cl)2=0.001  ,5.5.1.1, , , , , 
633,718.0,1428.0,muconate cycloisomerase,kegg:C04105 = kegg:C02480,CHB_18080 = CHB_16508,"2,5-dihydro-5-oxofuran-2-acetate(aq) = cis-cis-hexadienedioate(aq)",Sistrom W.R.; Stanier R.Y.; J. Biol. Chem.; 210 821 (1954).,54SIS/STA_1427, , ,303.15,6.5,0.011, ,spectrophotometry,glycine Tris histidine succinate,mol/L;histidine buffer=0.01;(Mn)1(Cl)2=0.001  ,5.5.1.1, , , , , 
634,715.0,1427.0,muconate cycloisomerase,kegg:C04105 = kegg:C02480,CHB_18080 = CHB_16508,"2,5-dihydro-5-oxofuran-2-acetate(aq) = cis-cis-hexadienedioate(aq)",Sistrom W.R.; Stanier R.Y.; J. Biol. Chem.; 210 821 (1954).,54SIS/STA_1427, , ,303.15,7.5,0.041, ,spectrophotometry,glycine Tris histidine succinate,mol/L;Tris=0.01;(Mn)1(Cl)2=0.001  ,5.5.1.1, , , , , 
635,716.0,1425.0,muconate cycloisomerase,kegg:C04105 = kegg:C02480,CHB_18080 = CHB_16508,"2,5-dihydro-5-oxofuran-2-acetate(aq) = cis-cis-hexadienedioate(aq)",Sistrom W.R.; Stanier R.Y.; J. Biol. Chem.; 210 821 (1954).,54SIS/STA_1427, , ,303.15,8.0,0.078, ,spectrophotometry,glycine Tris histidine succinate,mol/L;Tris=0.01;(Mn)1(Cl)2=0.001  ,5.5.1.1, , , , , 
636,719.0,1426.0,muconate cycloisomerase,kegg:C04105 = kegg:C02480,CHB_18080 = CHB_16508,"2,5-dihydro-5-oxofuran-2-acetate(aq) = cis-cis-hexadienedioate(aq)",Sistrom W.R.; Stanier R.Y.; J. Biol. Chem.; 210 821 (1954).,54SIS/STA_1427, , ,303.15,9.0,0.29, ,spectrophotometry,glycine Tris histidine succinate,mol/L;glycine buffer=0.01;(Mn)1(Cl)2=0.001  ,5.5.1.1, , , , , 
637,714.0, ,muconate cycloisomerase, ,MAN_10123 = CHB_27671,(-)-4-carboxymethyl-Î”-Î±--but-2-en-4-olide(aq) = cis-trans-hexadienedioate(aq),Sistrom W.R.; Stanier R.Y.; J. Biol. Chem.; 210 821 (1954).,54SIS/STA_1428,13211620.0, ,303.15,8.0,4, ,spectrophotometry,Tris (0.00015 mol dm-3),mol/L;Tris=0.05;(Mn)1(Cl)2=0.001  ,5.5.1.1, , , , , 
638,720.0,1713.0,imidazole N-acetyltransferase and phosphate acetyltransferase,kegg:C00227 + kegg:C01589 = kegg:C02560 + kegg:C00009,CHB_15350 + CHB_16069 = CHB_16984 + CHB_26078,acetyl phosphate(aq) + imidazole(aq) = N-acetylimidazole(aq) + orthophosphate(aq),"Stadtman E.R.; in ""The Mechanism of Enzyme Action""; W.D. McElroy and B. Glass eds.; The Johns Hopkins Press Baltimore Maryland (1954) pp. 581-598.",54STA_375, , ,299.15,6.15,0.006, ,spectrophotometry, ,   ,2.3.1.2 & 2.3.1.2 & 2.3.1.8 & 2.3.1.8, , , , , 
639,721.0,1714.0,imidazole N-acetyltransferase and phosphate acetyltransferase,kegg:C00227 + kegg:C01589 = kegg:C02560 + kegg:C00009,CHB_15350 + CHB_16069 = CHB_16984 + CHB_26078,acetyl phosphate(aq) + imidazole(aq) = N-acetylimidazole(aq) + orthophosphate(aq),"Stadtman E.R.; in ""The Mechanism of Enzyme Action""; W.D. McElroy and B. Glass eds.; The Johns Hopkins Press Baltimore Maryland (1954) pp. 581-598.",54STA_375, , ,299.15,6.45,0.0073, ,spectrophotometry, ,   ,2.3.1.2 & 2.3.1.2 & 2.3.1.8 & 2.3.1.8, , , , , 
640,724.0,1715.0,imidazole N-acetyltransferase and phosphate acetyltransferase,kegg:C00227 + kegg:C01589 = kegg:C02560 + kegg:C00009,CHB_15350 + CHB_16069 = CHB_16984 + CHB_26078,acetyl phosphate(aq) + imidazole(aq) = N-acetylimidazole(aq) + orthophosphate(aq),"Stadtman E.R.; in ""The Mechanism of Enzyme Action""; W.D. McElroy and B. Glass eds.; The Johns Hopkins Press Baltimore Maryland (1954) pp. 581-598.",54STA_375, , ,299.15,6.95,0.011, ,spectrophotometry, ,   ,2.3.1.2 & 2.3.1.2 & 2.3.1.8 & 2.3.1.8, , , , , 
641,723.0,1717.0,imidazole N-acetyltransferase and phosphate acetyltransferase,kegg:C00227 + kegg:C01589 = kegg:C02560 + kegg:C00009,CHB_15350 + CHB_16069 = CHB_16984 + CHB_26078,acetyl phosphate(aq) + imidazole(aq) = N-acetylimidazole(aq) + orthophosphate(aq),"Stadtman E.R.; in ""The Mechanism of Enzyme Action""; W.D. McElroy and B. Glass eds.; The Johns Hopkins Press Baltimore Maryland (1954) pp. 581-598.",54STA_375, , ,299.15,7.2,0.0099, ,spectrophotometry, ,   ,2.3.1.2 & 2.3.1.2 & 2.3.1.8 & 2.3.1.8, , , , , 
642,722.0,1716.0,imidazole N-acetyltransferase and phosphate acetyltransferase,kegg:C00227 + kegg:C01589 = kegg:C02560 + kegg:C00009,CHB_15350 + CHB_16069 = CHB_16984 + CHB_26078,acetyl phosphate(aq) + imidazole(aq) = N-acetylimidazole(aq) + orthophosphate(aq),"Stadtman E.R.; in ""The Mechanism of Enzyme Action""; W.D. McElroy and B. Glass eds.; The Johns Hopkins Press Baltimore Maryland (1954) pp. 581-598.",54STA_375, , ,299.15,7.3,0.0092, ,spectrophotometry, ,   ,2.3.1.2 & 2.3.1.2 & 2.3.1.8 & 2.3.1.8, , , , , 
643,725.0,2033.0,"(R,R)-butanediol dehydrogenase",kegg:C03044 + kegg:C00003 = kegg:C00810 + kegg:C00004,CHB_15846 + CHB_16982 = CHB_15686 + CHB_16908,"(R,R)-2,3-butanediol(aq) + NAD(aq) = (R)-acetoin(aq) + NADH(aq)",Strecker H.J.; Harary I.; J. Biol. Chem.; 211 263 (1954).,54STR/HAR_38,13211662.0, ,300.15,7.4,0.00723, ,spectrophotometry,phosphate (0.05 mol dm-3) and Tris (0.05 mol dm-3),mol/L;potassium phosphate buffer=0.05  ,1.1.1.4, , , , , 
644,726.0,2032.0,"(R,R)-butanediol dehydrogenase",kegg:C03044 + kegg:C00003 = kegg:C00810 + kegg:C00004,CHB_15846 + CHB_16982 = CHB_15686 + CHB_16908,"(R,R)-2,3-butanediol(aq) + NAD(aq) = (R)-acetoin(aq) + NADH(aq)",Strecker H.J.; Harary I.; J. Biol. Chem.; 211 263 (1954).,54STR/HAR_38,13211662.0, ,300.15,8.4,0.0668, ,spectrophotometry,phosphate (0.05 mol dm-3) and Tris (0.05 mol dm-3),mol/L;Tris=0.05  ,1.1.1.4, , , , , 
645,,1938.0,phosphoenolpyruvate carboxykinase (GTP),kegg:C00081 + kegg:C00036 + kegg:C00001 = kegg:C00104 + kegg:C00074 + kegg:C00288, ,ITP(aq) + oxaloacetate(aq) + H2O(l) = IDP(aq) + phosphoenolpyruvate(aq) + carbon dioxide(aq),Utter M.F.; Kurahashi K.; J. Biol. Chem.; 207 821 (1954).,54UTT/KUR_1082,13163068.0, ,303.15,7.6,12, ,chromatography and enzymatic assay,acetate (0.050 mol dm-3), ,4.1.1.32, , , , , 
646,731.0,154.0,3-hydroxyacyl-CoA dehydrogenase,kegg:C01144 + kegg:C00003 = kegg:C00332 + kegg:C00004,CHB_15453 + CHB_15846 = CHB_16908 + CHB_57286,(S)-3-hydroxybutanoyl-CoA(aq) + NAD(aq) = 3-oxobutanoyl-CoA(aq) + NADH(aq),Wakil S.J.; Green D.E.; Mii S.; Mahler H.R.; J. Biol. Chem.; 207 631 (1954).,54WAK/GRE_123, , ,298.15,10.0,0.63, ,spectrophotometry,Tris (0.05 mol dm-3),   ,1.1.1.35, , , , , 
647,728.0,151.0,3-hydroxyacyl-CoA dehydrogenase,kegg:C01144 + kegg:C00003 = kegg:C00332 + kegg:C00004,CHB_15453 + CHB_15846 = CHB_16908 + CHB_57286,(S)-3-hydroxybutanoyl-CoA(aq) + NAD(aq) = 3-oxobutanoyl-CoA(aq) + NADH(aq),Wakil S.J.; Green D.E.; Mii S.; Mahler H.R.; J. Biol. Chem.; 207 631 (1954).,54WAK/GRE_123, , ,298.15,7.0,0.00063, ,spectrophotometry,Tris (0.05 mol dm-3),   ,1.1.1.35, , , , , 
648,729.0,152.0,3-hydroxyacyl-CoA dehydrogenase,kegg:C01144 + kegg:C00003 = kegg:C00332 + kegg:C00004,CHB_15453 + CHB_15846 = CHB_16908 + CHB_57286,(S)-3-hydroxybutanoyl-CoA(aq) + NAD(aq) = 3-oxobutanoyl-CoA(aq) + NADH(aq),Wakil S.J.; Green D.E.; Mii S.; Mahler H.R.; J. Biol. Chem.; 207 631 (1954).,54WAK/GRE_123, , ,298.15,8.0,0.0063, ,spectrophotometry,Tris (0.05 mol dm-3),mol/L;Tris=0.05  ,1.1.1.35, , , , , 
649,730.0,153.0,3-hydroxyacyl-CoA dehydrogenase,kegg:C01144 + kegg:C00003 = kegg:C00332 + kegg:C00004,CHB_15453 + CHB_15846 = CHB_16908 + CHB_57286,(S)-3-hydroxybutanoyl-CoA(aq) + NAD(aq) = 3-oxobutanoyl-CoA(aq) + NADH(aq),Wakil S.J.; Green D.E.; Mii S.; Mahler H.R.; J. Biol. Chem.; 207 631 (1954).,54WAK/GRE_123, , ,298.15,9.0,0.063, ,spectrophotometry,Tris (0.05 mol dm-3),   ,1.1.1.35, , , , , 
650,735.0,148.0,3-hydroxyacyl-CoA dehydrogenase,kegg:C05268 + kegg:C00003 = kegg:C05269 + kegg:C00004,CHB_15846 + CHB_28276 = CHB_16908 + CHB_27648,(S)-3-hydroxyhexanoyl-CoA(aq) + NAD(aq) = 3-oxohexanoyl-CoA(aq) + NADH(aq),Wakil S.J.; Green D.E.; Mii S.; Mahler H.R.; J. Biol. Chem.; 207 631 (1954).,54WAK/GRE_126,13163047.0, ,298.15,10.0,0.25, ,spectrophotometry,Tris,   ,1.1.1.35, , , , , 
651,732.0,145.0,3-hydroxyacyl-CoA dehydrogenase,kegg:C05268 + kegg:C00003 = kegg:C05269 + kegg:C00004,CHB_15846 + CHB_28276 = CHB_16908 + CHB_27648,(S)-3-hydroxyhexanoyl-CoA(aq) + NAD(aq) = 3-oxohexanoyl-CoA(aq) + NADH(aq),Wakil S.J.; Green D.E.; Mii S.; Mahler H.R.; J. Biol. Chem.; 207 631 (1954).,54WAK/GRE_126,13163047.0, ,298.15,7.0,0.00025, ,spectrophotometry,Tris,   ,1.1.1.35, , , , , 
652,733.0,147.0,3-hydroxyacyl-CoA dehydrogenase,kegg:C05268 + kegg:C00003 = kegg:C05269 + kegg:C00004,CHB_15846 + CHB_28276 = CHB_16908 + CHB_27648,(S)-3-hydroxyhexanoyl-CoA(aq) + NAD(aq) = 3-oxohexanoyl-CoA(aq) + NADH(aq),Wakil S.J.; Green D.E.; Mii S.; Mahler H.R.; J. Biol. Chem.; 207 631 (1954).,54WAK/GRE_126,13163047.0, ,298.15,8.0,0.0025, ,spectrophotometry,Tris,mol/L;Tris=0.05  ,1.1.1.35, , , , , 
653,734.0,146.0,3-hydroxyacyl-CoA dehydrogenase,kegg:C05268 + kegg:C00003 = kegg:C05269 + kegg:C00004,CHB_15846 + CHB_28276 = CHB_16908 + CHB_27648,(S)-3-hydroxyhexanoyl-CoA(aq) + NAD(aq) = 3-oxohexanoyl-CoA(aq) + NADH(aq),Wakil S.J.; Green D.E.; Mii S.; Mahler H.R.; J. Biol. Chem.; 207 631 (1954).,54WAK/GRE_126,13163047.0, ,298.15,9.0,0.025, ,spectrophotometry,Tris,   ,1.1.1.35, , , , , 
654,,273.0,L-iditol dehydrogenase,kegg:C00794 + kegg:C00003 = kegg:C00095 + kegg:C00004, ,D-sorbitol(aq) + NAD(aq) = D-fructose(aq) + NADH(aq),Williams-Ashman H.G.; Banks J.; Arch. Biochem. Biophys.; 50 513 (1954).,54WIL/BAN_66,13159356.0,10.1016/0003-9861(54)90072-7,298.15,7.0,0.0205, ,spectrophotometry, , ,1.1.1.14, , , , , 
655,,4512.0,aspartate-semialdehyde dehydrogenase,kegg:C00441 + kegg:C00006 + kegg:C00009 = kegg:C03082 + kegg:C00005, ,L-aspartate 4-semialdehyde(aq) + NADP(aq) + orthophosphate(aq) = L-4-aspartyl phosphate(aq) + NADPH(aq),Black S.; Wright N.G.; J. Biol. Chem.; 213 39 (1955).,55BLA/WRI2_242,14353904.0, ,298.15,4.4,7.4, ,enzymatic assay,sodium borate (0.1 mol dm-3) and imidazole chloride (0.1 mol dm-3), ,1.2.1.11, , , , , 
656,,4511.0,aspartate-semialdehyde dehydrogenase,kegg:C00441 + kegg:C00006 + kegg:C00009 = kegg:C03082 + kegg:C00005, ,L-aspartate 4-semialdehyde(aq) + NADP(aq) + orthophosphate(aq) = L-4-aspartyl phosphate(aq) + NADPH(aq),Black S.; Wright N.G.; J. Biol. Chem.; 213 39 (1955).,55BLA/WRI2_242,14353904.0, ,298.15,5.7,200, ,enzymatic assay,sodium borate (0.1 mol dm-3) and imidazole chloride (0.1 mol dm-3), ,1.2.1.11, , , , , 
657,740.0,4124.0,homoserine dehydrogenase,kegg:C00263 + kegg:C00003 = kegg:C00441 + kegg:C00004,CHB_15699 + CHB_15846 = CHB_16908 + CHB_18051,L-homoserine(aq) + NAD(aq) = L-aspartate 4-semialdehyde(aq) + NADH(aq),Black S.; Wright N.G.; J. Biol. Chem.; 213 51 (1955).,55BLA/WRI3_36, , ,298.15,7.9,0.0088, ,spectrophotometry,Tris + HCl,mol/L;Tris-HCl=0.06  ,1.1.1.3, , , , , 
658,741.0,4125.0,homoserine dehydrogenase,kegg:C00263 + kegg:C00006 = kegg:C00441 + kegg:C00005,CHB_15699 + CHB_18009 = CHB_16474 + CHB_18051,L-homoserine(aq) + NADP(aq) = L-aspartate 4-semialdehyde(aq) + NADPH(aq),Black S.; Wright N.G.; J. Biol. Chem.; 213 51 (1955).,55BLA/WRI3_37,14353905.0, ,298.15,7.9,0.00063, ,spectrophotometry,Tris + HCl,mol/L;Tris-HCl=0.06  ,1.1.1.3, , , , , 
659,737.0,2663.0,aspartate kinase,kegg:C00002 + kegg:C00049 = kegg:C00008 + kegg:C03082,CHB_15422 + CHB_29991 = CHB_16761 + CHB_30407,ATP(aq) + L-aspartate(aq) = ADP(aq) + 4-phospho-L-aspartate(aq),Black S.; Wright N.G.; J. Biol. Chem.; 213 27 (1955),55BLA/WRI_587,14353903.0, ,288.15,7.0,0.00035, ,chromatography,imidazole (0.05 mol dm-3),mol/L;L-aspartate=0.25;ATP=0.0213;(Mg)1(Cl)2=0.02;ADP=0;4-phospho-L-aspartate=0  ,2.7.2.4, , , , , 
660,742.0,1873.0,glycerol dehydrogenase,kegg:C00116 + kegg:C00003 = kegg:C00184 + kegg:C00004,CHB_15846 + CHB_17754 = CHB_16016 + CHB_16908,glycerol(aq) + NAD(aq) = dihydroxyacetone(aq) + NADH(aq),Burton R.M.; Methods Enzymol.; 1 397 (1955).,55BUR_39, , ,298.15,7.1,6.40E-05, ,spectrophotometry,sodium pyrophosphate (0.1 mol dm-3),mol/L;sodium pyrophosphate=0.033  ,1.1.1.6, , , , , 
661,743.0,371.0,adenylosuccinate lyase,kegg:C03794 = kegg:C00122 + kegg:C00020,CHB_15919 = CHB_16027 + CHB_29806,adenylosuccinate(aq) = fumarate(aq) + AMP(aq),Carter C.E.; Cohen L.H.; J. Am. Chem. Soc.; 77 499 (1955).,55CAR/COH_1223, , ,298.15,7.0,0.012, ,spectrophotometry, ,   ,4.3.2.2, , , , , 
662,744.0,736.0,sucrose synthase,kegg:C00029 + kegg:C00095 = kegg:C00015 + kegg:C00089,CHB_18066 + CHB_37721 = CHB_17659 + CHB_17992,UDPglucose(aq) + D-fructose(aq) = UDP(aq) + sucrose(aq),Cardini C.E.; Leloir L.F.; Chiriboga J.; J. Biol. Chem.; 214 149 (1955).,55CAR/LEL_423,14367373.0, ,310.15,7.4,5, ,spectrophotometry,Tris,mol/L;Tris=0.15  ,2.4.1.13, , , , , 
663,745.0,3660.0,quinate dehydrogenase,kegg:C00296 + kegg:C00003 = kegg:C00944 + kegg:C00004,CHB_15846 + CHB_29751 = CHB_16908 + CHB_32364,quinate(aq) + NAD(aq) = 5-dehydroquinate(aq) + NADH(aq),Davis B.D.; Gilvarg C.; Mitsuhashi S.; Methods Enzymol.; 2 300 (1955).,55DAV/GIL_81, , ,305.15,7.2,0.00461, ,spectrophotometry,phosphate or (Tris + HCl),mol/L;potassium carbonate-bicarbonate buffer=0.033;quinate=0.0033  ,1.1.1.24, , , , , 
664,746.0,3658.0,shikimate dehydrogenase,kegg:C00493 + kegg:C00006 = kegg:C02637 + kegg:C00005,CHB_16119 + CHB_18009 = CHB_16474 + MAN_10177,shikimate(aq) + NADP(aq) = 5-dehydroshikimate(aq) + NADPH(aq),Davis B.D.; Gilvarg C.; Mitsuhashi S.; Methods Enzymol.; 2 300 (1955).,55DAV/GIL_82, , ,303.15,7.0,0.036, ,enzymatic assay and spectrophotometry,Tris + HCl,mol/L;Tris-HCl=0.067;EDTA-KOH=0.0067;shikimate=0.00167  ,1.1.1.25, , , , , 
665,747.0,2659.0,shikimate dehydrogenase,kegg:C00259 = kegg:C00508,CHB_16119 + CHB_18009 = CHB_16474 + MAN_10177,shikimate(aq) + NADP(aq) = 5-dehydroshikimate(aq) + NADPH(aq),Davis B.D.; Gilvarg C.; Mitsuhashi S.; Methods Enzymol.; 2 300 (1955).,55DAV/GIL_82, , ,303.15,7.8,0.18, ,polarimetry and enzymatic assay and spectrophotometry,Tris + HCl,mol/L;Tris-HCl=0.067;EDTA-KOH=0.0067;shikimate=0.00167  ,1.1.1.25 & 5.3.1.4 & 1.1.1.25, , , , , 
666,750.0,1254.0,acetyl-CoA C-acetyltransferase,2 kegg:C00024 = kegg:C00010 + kegg:C00332,2 CHB_15351 = CHB_15345 + CHB_15346,2 acetyl-CoA(aq) = CoA(aq) + acetoacetyl-CoA(aq),"Decker K.; ""Die biologischen Reacktionen der aktivierten Acetessigsaeure""; Thesis Muknchen Germany (1955).",55DEC_407, , ,298.15,6.0,1.48E-05, ,spectrophotometry,Tris and phosphate,   ,2.3.1.9, ,0.0 MgCl2, , , 
667,751.0,1251.0,acetyl-CoA C-acetyltransferase,2 kegg:C00024 = kegg:C00010 + kegg:C00332,2 CHB_15351 = CHB_15345 + CHB_15346,2 acetyl-CoA(aq) = CoA(aq) + acetoacetyl-CoA(aq),"Decker K.; ""Die biologischen Reacktionen der aktivierten Acetessigsaeure""; Thesis Muknchen Germany (1955).",55DEC_407, , ,298.15,7.0,1.56E-05, ,spectrophotometry,Tris and phosphate,   ,2.3.1.9, ,0.0 MgCl2, , , 
668,749.0,1252.0,acetyl-CoA C-acetyltransferase,2 kegg:C00024 = kegg:C00010 + kegg:C00332,2 CHB_15351 = CHB_15345 + CHB_15346,2 acetyl-CoA(aq) = CoA(aq) + acetoacetyl-CoA(aq),"Decker K.; ""Die biologischen Reacktionen der aktivierten Acetessigsaeure""; Thesis Muknchen Germany (1955).",55DEC_407, , ,298.15,8.0,6.17E-05, ,spectrophotometry,Tris and phosphate,1.89 = -log[Mg+2] _ mol/L;(Mg)1(Cl)2=0.013 _ MgCl2 (0.013 mol/L) _ ,2.3.1.9, ,0.013 MgCl2, , , 
669,752.0,1253.0,acetyl-CoA C-acetyltransferase,2 kegg:C00024 = kegg:C00010 + kegg:C00332,2 CHB_15351 = CHB_15345 + CHB_15346,2 acetyl-CoA(aq) = CoA(aq) + acetoacetyl-CoA(aq),"Decker K.; ""Die biologischen Reacktionen der aktivierten Acetessigsaeure""; Thesis Muknchen Germany (1955).",55DEC_407, , ,298.15,8.0,1.85E-05, ,spectrophotometry,Tris and phosphate,   ,2.3.1.9, ,0.0 MgCl2, , , 
670,748.0,1250.0,acetyl-CoA C-acetyltransferase,2 kegg:C00024 = kegg:C00010 + kegg:C00332,2 CHB_15351 = CHB_15345 + CHB_15346,2 acetyl-CoA(aq) = CoA(aq) + acetoacetyl-CoA(aq),"Decker K.; ""Die biologischen Reacktionen der aktivierten Acetessigsaeure""; Thesis Muknchen Germany (1955).",55DEC_407, , ,298.15,8.0,0.000436, ,spectrophotometry,Tris and phosphate,0.7 = -log[Mg+2] _ mol/L;(Mg)1(Cl)2=0.2 _ MgCl2 (0.2 mol/L) _ ,2.3.1.9, ,0.2 MgCl2, , , 
671,753.0,1249.0,acetyl-CoA C-acetyltransferase,2 kegg:C00024 = kegg:C00010 + kegg:C00332,2 CHB_15351 = CHB_15345 + CHB_15346,2 acetyl-CoA(aq) = CoA(aq) + acetoacetyl-CoA(aq),"Decker K.; ""Die biologischen Reacktionen der aktivierten Acetessigsaeure""; Thesis Muknchen Germany (1955).",55DEC_407, , ,298.15,9.0,6.62E-05, ,spectrophotometry,Tris and phosphate,   ,2.3.1.9, ,0.0 MgCl2, , , 
672,754.0,4428.0,ribose-5-phosphate isomerase,kegg:C00117 = kegg:C00199,CHB_52742 = CHB_17363,D-ribose 5-phosphate(aq) = D-ribulose 5-phosphate(aq),Dickens F.; Williamson. D.H.; Nature; 176 400 (1955).,55DIC/WIL_1332, , ,310.15,7.0,0.59, ,chromatography and spectrophotometry, ,   ,5.3.1.6, , , , , 
673,755.0,2565.0,glucose-6-phosphate dehydrogenase,kegg:C00092 + kegg:C00006 = kegg:C01236 + kegg:C00005,CHB_18009 + CHB_4170 = CHB_16474 + CHB_16938,"D-glucose 6-phosphate(aq) + NADP(aq) = D-glucono-1,5-lactone 6-phosphate(aq) + NADPH(aq)",Glaser L.; Brown D.H.; J. Biol. Chem.; 216 67 (1955).,55GLA/BRO_162,13252007.0, ,301.15,6.4,1.5, ,spectrophotometry,maleate (0.063 mol dm-3),mol/L;maleate buffer=0.063;(Mg)1(Cl)2=0.01  ,1.1.1.49, , , , , 
674,756.0,734.0,transaldolase,kegg:C05382 + kegg:C00118 = kegg:C00279 + kegg:C00085,CHB_29052 + MAN_10207 = CHB_48153 + CHB_61553,sedoheptulose 7-phosphate(aq) + D-glyceraldehyde 3-phosphate(aq) = D-erythrose 4-phosphate(aq) + D-fructose 6-phosphate(aq),Horecker B.L.; Smyrniotis P.Z.; J. Biol. Chem.; 212 811 (1955).,55HOR/SMY_371,14353883.0, ,298.15,7.6,0.82, ,paper chromatography,triethanolamine (0.005 mol dm-3),mol/L;triethanolamine buffer=0.005;D-erythrose 4-phosphate=0.00035;D-fructose 6-phosphate=0.00035;D-glyceraldehyde 3-phosphate=0.0002065;sedoheptulose 7-phosphate=0.00073  ,2.2.1.2, , , , , 
675,,3212.0,D-lactate dehydrogenase,kegg:C00256 + kegg:C00003 = kegg:C00022 + kegg:C00004, ,(R)-lactate(aq) + NAD(aq) = pyruvate(aq) + NADH(aq),Katz S.; Biochim. Biophys. Acta; 17 226 (1955).,55KAT_112, , ,298.15,7.3, , ,calorimetry,phosphate (0.15 mol dm-3), ,1.1.1.28, , , , ,44.4
676,757.0,2390.0,succinate-CoA ligase (ADP forming),kegg:C00002 + kegg:C00042 + kegg:C00010 = kegg:C00008 + kegg:C00009 + kegg:C00091,CHB_15346 + CHB_15422 + CHB_30031 = CHB_15380 + CHB_16761 + CHB_26078,ATP(aq) + succinate(aq) + CoA(aq) = ADP(aq) + phosphate(aq) + succinyl-CoA(aq),Kaufman S.; Alivisatos S.G.A.; J. Biol. Chem.; 216 141 (1955).,55KAU/ALI_1438,13252014.0, ,293.15,7.4,0.27, ,spectrophotometry,Tris (0.10 mol dm-3) + HCl,mol/L;Tris=0.1;(Mg)1(Cl)2=0.01;succinyl-CoA=0.00104;phosphate=0.002713333;ADP=0.001923333;ATP=0.000798333;CoA=0.000391667;succinate=0.079166667  ,6.2.1.5, , , , , 
677,,838.0,myosin ATPase,kegg:C00002 + kegg:C00001 = kegg:C00008 + kegg:C00009, ,ATP(aq) + H2O(l) = ADP(aq) + orthophosphate(aq),Kitzinger C.; Benzinger T.; Z. Naturforsch.; 10b 375 (1955).,55KIT/BEN_1071, , ,291.6,8.0, , ,calorimetry,(Tris + HCl) and phosphate, ,3.6.1.32, ,0.6 KCl, , ,-28.3
678,,837.0,myosin ATPase,kegg:C00002 + kegg:C00001 = kegg:C00008 + kegg:C00009, ,ATP(aq) + H2O(l) = ADP(aq) + orthophosphate(aq),Kitzinger C.; Benzinger T.; Z. Naturforsch.; 10b 375 (1955).,55KIT/BEN_1071, , ,292.4,8.0, , ,calorimetry,(Tris + HCl) and phosphate, ,3.6.1.32, ,0.6 KCl, , ,-28.6
679,,834.0,myosin ATPase,kegg:C00002 + kegg:C00001 = kegg:C00008 + kegg:C00009, ,ATP(aq) + H2O(l) = ADP(aq) + orthophosphate(aq),Kitzinger C.; Benzinger T.; Z. Naturforsch.; 10b 375 (1955).,55KIT/BEN_1071, , ,293.15,8.0, , ,calorimetry,(Tris + HCl) and phosphate, ,3.6.1.32, ,0.01 KCl, , ,-66.5
680,,835.0,myosin ATPase,kegg:C00002 + kegg:C00001 = kegg:C00008 + kegg:C00009, ,ATP(aq) + H2O(l) = ADP(aq) + orthophosphate(aq),Kitzinger C.; Benzinger T.; Z. Naturforsch.; 10b 375 (1955).,55KIT/BEN_1071, , ,293.15,8.0, , ,calorimetry,(Tris + HCl) and phosphate, ,3.6.1.32, ,0.15 KCl, , ,-66.2
681,,836.0,myosin ATPase,kegg:C00002 + kegg:C00001 = kegg:C00008 + kegg:C00009, ,ATP(aq) + H2O(l) = ADP(aq) + orthophosphate(aq),Kitzinger C.; Benzinger T.; Z. Naturforsch.; 10b 375 (1955).,55KIT/BEN_1071, , ,293.15,8.0, , ,calorimetry,(Tris + HCl) and phosphate, ,3.6.1.32, ,0.6 KCl, , ,-68.5
682,,839.0,myosin ATPase,kegg:C00081 + kegg:C00001 = kegg:C00104 + kegg:C00009, ,ITP(aq) + H2O(l) = IDP(aq) + orthophosphate(aq),Kitzinger C.; Benzinger T.; Z. Naturforsch.; 10b 375 (1955).,55KIT/BEN_1077, , ,293.15,8.0, , ,calorimetry,Tris + HCl, ,3.6.1.32, , , , ,-68.6
683,, ,fructose-biphosphate aldolase, , ,"5,6-dideoxyfructose 1-phosphate(aq) = glycerone phosphate(aq) + propionaldehyde(aq)",Lehninger A.L.; Sice J.; Jensen E.V.; Biochim. Biophys. Acta; 17 286 (1955).,55LEH/SIC_1089, , ,310.15,7.0,0.00069, , , , ,4.1.2.13, , , , , 
684,759.0,1832.0,fructose-biphosphate aldolase,kegg:C00354 = kegg:C00111 + kegg:C00118,CHB_40595 = CHB_16108 + CHB_29052,"D-fructose 1,6-bisphosphate(aq) = glycerone phosphate(aq) + D-glyceraldehyde 3-phosphate(aq)",Lehninger A.L.; Sice J.; Jensen E.V.; Biochim. Biophys. Acta; 17 286 (1955).,55LEH/SIC_1092, , ,310.15,7.0,0.000118, , , ,   ,4.1.2.13, , , , , 
685,760.0,1831.0,fructose-biphosphate aldolase,kegg:C01094 = kegg:C00577 + kegg:C00111,CHB_37515 = CHB_16108 + CHB_17378,D-fructose 1-phosphate(aq) = D-glyceraldehyde(aq) + glycerone phosphate(aq),Lehninger A.L.; Sice J.; Jensen E.V.; Biochim. Biophys. Acta; 17 286 (1955).,55LEH/SIC_1097, , ,310.15,7.0,2.80E-06, , , ,   ,4.1.2.13, , , , , 
686,762.0,2307.0,nucleoside-phosphate kinase,kegg:C00075 + kegg:C00105 = 2 kegg:C00015,CHB_15713 + CHB_16695 = 2 CHB_17659,UTP(aq) + UMP(aq) = 2 UDP(aq),Lieberman I.; Kornberg A.; Simms E.S.; J. Biol. Chem.; 215 429 (1955).,55LIE/KOR2_664,14392176.0, ,309.15,7.5,0.94, ,chromatography,glycylglycine (0.067 mol dm-3),mol/L;glycylglycine buffer=0.067;(Mg)1(Cl)2=0.0067;UMP=0.00033;UTP=0.000293;UDP=0  ,2.7.4.4, , , , , 
687,761.0,1535.0,orotate phosphoribosyltransferase,kegg:C01103 + kegg:C00013 = kegg:C00295 + kegg:C00119,CHB_15842 + CHB_18361 = CHB_17111 + CHB_30839,orotidine 5'-phosphate(aq) + pyrophosphate(aq) = orotate(aq) + 5-phospho-Î±-D-ribose 1-diphosphate(aq),Lieberman I.; Kornberg A.; Simms E.S.; J. Biol. Chem.; 215 403 (1955).,55LIE/KOR_480,14392174.0, ,303.15,8.0,8.3, ,spectrophotometry,Tris (0.02 mol dm-3),mol/L;(Mg)1(Cl)2=0.002;Tris=0.02;(Na)1(F)1=0.005  ,2.4.2.10, , , , , 
688,763.0,2544.0,3-hydroxyacyl-CoA dehydrogenase,kegg:C01144 + kegg:C00003 = kegg:C00332 + kegg:C00004,CHB_15453 + CHB_15846 = CHB_16908 + CHB_57286,(S)-3-hydroxybutanoyl-CoA(aq) + NAD(aq) = 3-oxobutanoyl-CoA(aq) + NADH(aq),Lynen F.; Wieland O.; Methods Enzymol.; 1 566 (1955).,55LYN/WIE_124, , ,298.15,7.8,0.012, ,spectrophotometry,sodium pyrophosphate/HCl (0.025 mol dm-3),mol/L;pyrophosphate buffer=0.024125;(Na)1(Cl)1=0.024125  ,1.1.1.35, , , , , 
689,764.0,2405.0,UTP-glucose-1-phosphate uridylyltransferase,kegg:C00075 + kegg:C00103 = kegg:C00013 + kegg:C00029,CHB_15713 + CHB_16077 = CHB_18066 + CHB_18361,UTP(aq) + Î±-D-glucose 1-phosphate(aq) = pyrophosphate(aq) + UDPglucose(aq),Munch-Petersen A.; Acta Chem. Scand.; 9 1523 (1955).,55MUN_683, , ,310.15,7.4,1.5, ,spectrophotometry,Tris (0.05 mol dm-3) + HCl,mol/L;Tris=0.05  ,2.7.7.9, , , , , 
690,,4122.0,myosin ATPase,kegg:C00002 + kegg:C00001 = kegg:C00008 + kegg:C00009, ,ATP(aq) + H2O(l) = ADP(aq) + orthophosphate(aq),Podolsky R.J.; Sturtevant J.M.; J. Biol. Chem.; 217 603 (1955).,55POD/STU_1072,13271421.0, ,298.15,8.0, , ,calorimetry,Tris (0.10 mol dm-3), ,3.6.1.32, ,0.6 KCl, , ,-66.5
691,765.0,4515.0,xylose isomerase,kegg:C00181 = kegg:C00310,CHB_53455 = CHS_388344,D-xylose(aq) = D-xylulose(aq),Slein M.W.; J. Am. Chem. Soc.; 77 1663 (1955).,55SLE_1325, , ,303.15,7.5,0.19, ,spectrophotometry,phosphate (0.05 mol dm-3),mol/L;phosphate buffer=0.05;(Mg)1(Cl)2=0.002;L-cysteine=0.01  ,5.3.1.5, , , , , 
692,767.0,681.0,acetaldehyde dehydrogenase (acetylating),kegg:C00084 + kegg:C00010 + kegg:C00003 = kegg:C00024 + kegg:C00004,CHB_15343 + CHB_15346 + CHB_15846 = CHB_15351 + CHB_16908,acetaldehyde(aq) + CoA(aq) + NAD(aq) = acetyl-CoA(aq) + NADH(aq),Stadtman E.R.; Burton R.M.; Methods Enzymol.; 1 518 (1955).,55STA/BUR_241, , ,298.15,7.0,1200, , ,Tris,mol/L;potassium phosphate=0.1;Tris=0.02;reduced glutathione=0.005;NAD=0.001  ,1.2.1.10, , , , , 
693,766.0,3561.0,phosphate acetyltransferase,kegg:C00024 + kegg:C00009 = kegg:C00010 + kegg:C00227,CHB_15351 + CHB_26078 = CHB_15346 + CHB_15350,acetyl-CoA(aq) + orthophosphate(aq) = CoA(aq) + acetyl phosphate(aq),Stadtman E.R.; Methods Enzymol.; 1 596 (1955).,55STA_395, , ,301.15,8.0,0.0135, ,spectrophotometry,Tris,mol/L;Tris=0.01;(Li)2=0.006;orthophosphate=0.006;cysteine-HCl=0.01;potassium arsenate=0.05  ,2.3.1.8, , , , , 
694,, ,trypsin, , ,(L-lysine)n(aq) + (n-1) H2O(l) = L-lysine(aq),Sturtevant J.M.; J. Am. Chem. Soc.; 77 1495 (1955).,55STU2_978, , ,298.15,7.6, , ,calorimetry,Tris, ,3.4.21.4, , , , ,-1.34
695,,4288.0,acid phosphatase,kegg:C03360 + kegg:C00001 = kegg:C00870 + kegg:C00009, ,4-nitrophenyl phosphate(aq) + H2O(l) = 4-nitrophenol(aq) + orthophosphate(aq),Sturtevant J.M.; J. Am. Chem. Soc.; 77 255 (1955).,55STU_825, , ,298.15,3.62, , ,calorimetry,acetate (0.05 mol dm-3), ,3.1.3.2, , ,0.0025, ,-26.4
696,,4287.0,acid phosphatase,kegg:C03360 + kegg:C00001 = kegg:C00870 + kegg:C00009, ,4-nitrophenyl phosphate(aq) + H2O(l) = 4-nitrophenol(aq) + orthophosphate(aq),Sturtevant J.M.; J. Am. Chem. Soc.; 77 255 (1955).,55STU_825, , ,298.15,3.72, , ,calorimetry,acetate (0.05 mol dm-3), ,3.1.3.2, , ,0.05, ,-26.1
697,,4290.0,acid phosphatase,kegg:C03360 + kegg:C00001 = kegg:C00870 + kegg:C00009, ,4-nitrophenyl phosphate(aq) + H2O(l) = 4-nitrophenol(aq) + orthophosphate(aq),Sturtevant J.M.; J. Am. Chem. Soc.; 77 255 (1955).,55STU_825, , ,298.15,3.82, , ,calorimetry,acetate (0.05 mol dm-3), ,3.1.3.2, , ,0.005, ,-26.1
698,,4291.0,acid phosphatase,kegg:C03360 + kegg:C00001 = kegg:C00870 + kegg:C00009, ,4-nitrophenyl phosphate(aq) + H2O(l) = 4-nitrophenol(aq) + orthophosphate(aq),Sturtevant J.M.; J. Am. Chem. Soc.; 77 255 (1955).,55STU_825, , ,298.15,4.32, , ,calorimetry,acetate (0.05 mol dm-3), ,3.1.3.2, , ,0.014, ,-25.7
699,,4292.0,acid phosphatase,kegg:C03360 + kegg:C00001 = kegg:C00870 + kegg:C00009, ,4-nitrophenyl phosphate(aq) + H2O(l) = 4-nitrophenol(aq) + orthophosphate(aq),Sturtevant J.M.; J. Am. Chem. Soc.; 77 255 (1955).,55STU_825, , ,298.15,4.74, , ,calorimetry,acetate (0.05 mol dm-3), ,3.1.3.2, , ,0.025, ,-24.2
700,,4286.0,acid phosphatase,kegg:C03360 + kegg:C00001 = kegg:C00870 + kegg:C00009, ,4-nitrophenyl phosphate(aq) + H2O(l) = 4-nitrophenol(aq) + orthophosphate(aq),Sturtevant J.M.; J. Am. Chem. Soc.; 77 255 (1955).,55STU_825, , ,298.15,4.76, , ,calorimetry,acetate (0.05 mol dm-3), ,3.1.3.2, , ,0.025, ,-24.2
701,,4289.0,acid phosphatase,kegg:C03360 + kegg:C00001 = kegg:C00870 + kegg:C00009, ,4-nitrophenyl phosphate(aq) + H2O(l) = 4-nitrophenol(aq) + orthophosphate(aq),Sturtevant J.M.; J. Am. Chem. Soc.; 77 255 (1955).,55STU_825, , ,298.15,5.27, , ,calorimetry,acetate (0.05 mol dm-3), ,3.1.3.2, , ,0.039, ,-20.6
702,,4285.0,acid phosphatase,kegg:C03360 + kegg:C00001 = kegg:C00870 + kegg:C00009, ,4-nitrophenyl phosphate(aq) + H2O(l) = 4-nitrophenol(aq) + orthophosphate(aq),Sturtevant J.M.; J. Am. Chem. Soc.; 77 255 (1955).,55STU_825, , ,298.15,5.37, , ,calorimetry,acetate (0.05 mol dm-3), ,3.1.3.2, , ,0.04, ,-20
703,,4284.0,acid phosphatase,kegg:C03360 + kegg:C00001 = kegg:C00870 + kegg:C00009, ,4-nitrophenyl phosphate(aq) + H2O(l) = 4-nitrophenol(aq) + orthophosphate(aq),Sturtevant J.M.; J. Am. Chem. Soc.; 77 255 (1955).,55STU_825, , ,298.15,5.85, , ,calorimetry,acetate (0.05 mol dm-3), ,3.1.3.2, , ,0.046, ,-17
704,768.0,2891.0,alanine racemase,kegg:C00041 = kegg:C00133,CHB_16977 = CHB_15570,L-alanine(aq) = D-alanine(aq),Thorne C.B.; Gomez C.G.; Housewright R.D.; J. Bacteriol.; 69 357 (1955).,55THO/GOM_1235,14367287.0, ,310.15,7.4,1, ,manometry and enzymatic assay,phosphate (0.01 mol dm-3),mol/L;phosphate buffer=0.01;L-alanine=0.00025;D-alanine=0.00025  ,5.1.1.1, , , , , 
705,769.0,173.0,glutamate-ammonia ligase,kegg:C00002 + kegg:C00025 + kegg:C00014 = kegg:C00008 + kegg:C00009 + kegg:C00064,CHB_15422 + CHB_16134 + CHB_29985 = CHB_16761 + CHB_18050 + CHB_26078,ATP(aq) + L-glutamate(aq) + ammonia(aq) = ADP(aq) + phosphate(aq) + L-glutamine(aq),Varner J.E.; Webster G.C.; Plant Physiol.; 30 393 (1955).,55VAR/WEB_1440,16654798.0,10.1104/pp.30.5.393,308.15,7.4,1700, ,chromatography and radioactivity,Tris (0.045 mol dm-3),mol/L;Tris=0.045;(Mg)1(SO4)1=0.03;2-mercaptoethanol=0.01;ADP=0.0005;L-glutamine=0.05;orthophosphate=0.025;hydroxylamine=0.04;ATP=0;L-glutamate=0;ammonia=0  ,6.3.1.2, , , , , 
706,770.0,3562.0,aspartate ammonia-lyase,kegg:C00049 = kegg:C00122 + kegg:C00014,CHB_29991 = CHB_16134 + CHB_29806,L-aspartate(aq) = fumarate(aq) + ammonia(aq),Williams V.R.; McIntyre R.T.; J. Biol. Chem.; 217 467 (1955).,55WIL/MCI_1208,13271408.0, ,310.15,6.8,0.023, ,chemical analysis,phosphate (0.05 mol dm-3),mol/L;phosphate buffer=0.05  ,4.3.1.1, , , , , 
707,771.0,3254.0,mannitol-1-phosphate dehydrogenase,kegg:C00644 + kegg:C00003 = kegg:C00085 + kegg:C00004,CHB_15846 + CHB_16298 = CHB_16908 + CHB_61553,D-mannitol 1-phosphate(aq) + NAD(aq) = D-fructose 6-phosphate(aq) + NADH(aq),Wolff J.B.; Kaplan N.O.; Methods Enzymol.; 1 346 (1955).,55WOL/KAP_75, , ,298.15,7.0,0.005, ,spectrophotometry,phosphate (0.1 mol dm-3) or bicarbonate (0.1 mol dm-3),mol/L;phosphate buffer=0.095  ,1.1.1.17, , , , , 
708,772.0,79.0,shikimate dehydrogenase,kegg:C00493 + kegg:C00006 = kegg:C02637 + kegg:C00005,CHB_16119 + CHB_18009 = CHB_16474 + MAN_10177,shikimate(aq) + NADP(aq) = 5-dehydroshikimate(aq) + NADPH(aq),Yaniv H.; Gilvarg C.; J. Biol. Chem.; 213 787 (1955).,55YAN/GIL_83,14367339.0, ,303.15,7.0,0.0361, ,spectrophotometry,Tris (0.067 mol dm-3),mol/L;Tris=0.0667  ,1.1.1.25, , , , , 
709,773.0,80.0,shikimate dehydrogenase,kegg:C00493 + kegg:C00006 = kegg:C02637 + kegg:C00005,CHB_16119 + CHB_18009 = CHB_16474 + MAN_10177,shikimate(aq) + NADP(aq) = 5-dehydroshikimate(aq) + NADPH(aq),Yaniv H.; Gilvarg C.; J. Biol. Chem.; 213 787 (1955).,55YAN/GIL_83,14367339.0, ,303.15,7.9,0.175, ,spectrophotometry,Tris (0.067 mol dm-3),mol/L;Tris=0.0667  ,1.1.1.25, , , , , 
710,774.0,1867.0,glyoxylate reductase,kegg:C00258 + kegg:C00003 = kegg:C00168 + kegg:C00004,CHB_15846 + CHB_16659 = CHB_16908 + CHB_30841,(R)-glycerate(aq) + NAD(aq) = hydroxypyruvate(aq) + NADH(aq),Zelitch I.; J. Biol. Chem.; 216 553 (1955).,55ZEL_85, , ,298.15,7.0,2.71E-06, ,spectrophotometry,pyrophosphate (0.033 mol dm-3),mol/L;sodium pyrophosphate buffer=0.033333333;(R)-glycerate=0.0167  ,1.1.1.26, , , , , 
711,775.0,1864.0,glyoxylate reductase,kegg:C00258 + kegg:C00003 = kegg:C00168 + kegg:C00004,CHB_15846 + CHB_16659 = CHB_16908 + CHB_30841,(R)-glycerate(aq) + NAD(aq) = hydroxypyruvate(aq) + NADH(aq),Zelitch I.; J. Biol. Chem.; 216 553 (1955).,55ZEL_85, , ,298.15,7.5,1.31E-05, ,spectrophotometry,pyrophosphate (0.033 mol dm-3),mol/L;sodium pyrophosphate buffer=0.033333333;(R)-glycerate=0.03335  ,1.1.1.26, , , , , 
712,776.0,1866.0,glyoxylate reductase,kegg:C00258 + kegg:C00003 = kegg:C00168 + kegg:C00004,CHB_15846 + CHB_16659 = CHB_16908 + CHB_30841,(R)-glycerate(aq) + NAD(aq) = hydroxypyruvate(aq) + NADH(aq),Zelitch I.; J. Biol. Chem.; 216 553 (1955).,55ZEL_85, , ,298.15,8.0,3.24E-05, ,spectrophotometry,pyrophosphate (0.033 mol dm-3),mol/L;sodium pyrophosphate buffer=0.033333333;(R)-glycerate=0.0334  ,1.1.1.26, , , , , 
713,777.0,1862.0,glyoxylate reductase,kegg:C00258 + kegg:C00003 = kegg:C00168 + kegg:C00004,CHB_15846 + CHB_16659 = CHB_16908 + CHB_30841,(R)-glycerate(aq) + NAD(aq) = hydroxypyruvate(aq) + NADH(aq),Zelitch I.; J. Biol. Chem.; 216 553 (1955).,55ZEL_85, , ,298.15,8.1,5.60E-05, ,spectrophotometry,pyrophosphate (0.033 mol dm-3),mol/L;sodium pyrophosphate buffer=0.033333333;(R)-glycerate=0.0334  ,1.1.1.26, , , , , 
714,778.0,1865.0,glyoxylate reductase,kegg:C00258 + kegg:C00003 = kegg:C00168 + kegg:C00004,CHB_15846 + CHB_16659 = CHB_16908 + CHB_30841,(R)-glycerate(aq) + NAD(aq) = hydroxypyruvate(aq) + NADH(aq),Zelitch I.; J. Biol. Chem.; 216 553 (1955).,55ZEL_85, , ,298.15,8.85,0.000255, ,spectrophotometry,pyrophosphate (0.033 mol dm-3),mol/L;sodium pyrophosphate buffer=0.033333333;(R)-glycerate=0.013323333  ,1.1.1.26, , , , , 
715,779.0,1863.0,glyoxylate reductase,kegg:C00258 + kegg:C00003 = kegg:C00168 + kegg:C00004,CHB_15846 + CHB_16659 = CHB_16908 + CHB_30841,(R)-glycerate(aq) + NAD(aq) = hydroxypyruvate(aq) + NADH(aq),Zelitch I.; J. Biol. Chem.; 216 553 (1955).,55ZEL_85, , ,298.15,9.2,0.000481, ,spectrophotometry,pyrophosphate (0.033 mol dm-3),mol/L;sodium pyrophosphate buffer=0.033333333;(R)-glycerate=0.0334  ,1.1.1.26, , , , , 
716,780.0,1833.0,glyoxylate reductase,kegg:C00160 + kegg:C00003 = kegg:C00048 + kegg:C00004,CHB_15846 + CHB_29805 = CHB_16891 + CHB_16908,glycolate(aq) + NAD(aq) = glyoxylate(aq) + NADH(aq),Zelitch I.; J. Biol. Chem.; 216 553 (1955).,55ZEL_88,13271335.0, ,298.15,7.82,1.03E-07, ,spectrophotometry,pyrophosphate (0.033 mol dm-3),mol/L;sodium pyrophosphate buffer=0.033333333;glycolate=1  ,1.1.1.26, , , , , 
717,781.0,1837.0,glyoxylate reductase,kegg:C00160 + kegg:C00003 = kegg:C00048 + kegg:C00004,CHB_15846 + CHB_29805 = CHB_16891 + CHB_16908,glycolate(aq) + NAD(aq) = glyoxylate(aq) + NADH(aq),Zelitch I.; J. Biol. Chem.; 216 553 (1955).,55ZEL_88,13271335.0, ,298.15,7.83,9.29E-08, ,spectrophotometry,pyrophosphate (0.033 mol dm-3),mol/L;sodium pyrophosphate buffer=0.033333333;glycolate=1  ,1.1.1.26, , , , , 
718,782.0,1838.0,glyoxylate reductase,kegg:C00160 + kegg:C00003 = kegg:C00048 + kegg:C00004,CHB_15846 + CHB_29805 = CHB_16891 + CHB_16908,glycolate(aq) + NAD(aq) = glyoxylate(aq) + NADH(aq),Zelitch I.; J. Biol. Chem.; 216 553 (1955).,55ZEL_88,13271335.0, ,298.15,7.85,1.20E-07, ,spectrophotometry,pyrophosphate (0.033 mol dm-3),mol/L;sodium pyrophosphate buffer=0.033333333;glycolate=0.5  ,1.1.1.26, , , , , 
719,783.0,1834.0,glyoxylate reductase,kegg:C00160 + kegg:C00003 = kegg:C00048 + kegg:C00004,CHB_15846 + CHB_29805 = CHB_16891 + CHB_16908,glycolate(aq) + NAD(aq) = glyoxylate(aq) + NADH(aq),Zelitch I.; J. Biol. Chem.; 216 553 (1955).,55ZEL_88,13271335.0, ,298.15,8.0,2.92E-07, ,spectrophotometry,pyrophosphate (0.033 mol dm-3),mol/L;sodium pyrophosphate buffer=0.033333333;glycolate=0.5  ,1.1.1.26, , , , , 
720,784.0,1835.0,glyoxylate reductase,kegg:C00160 + kegg:C00003 = kegg:C00048 + kegg:C00004,CHB_15846 + CHB_29805 = CHB_16891 + CHB_16908,glycolate(aq) + NAD(aq) = glyoxylate(aq) + NADH(aq),Zelitch I.; J. Biol. Chem.; 216 553 (1955).,55ZEL_88,13271335.0, ,298.15,8.1,2.33E-07, ,spectrophotometry,pyrophosphate (0.033 mol dm-3),mol/L;sodium pyrophosphate buffer=0.033333333;glycolate=1  ,1.1.1.26, , , , , 
721,785,1836.0,glyoxylate reductase,kegg:C00160 + kegg:C00003 = kegg:C00048 + kegg:C00004,CHB_15846 + CHB_29805 = CHB_16891 + CHB_16908,glycolate(aq) + NAD(aq) = glyoxylate(aq) + NADH(aq),Zelitch I.; J. Biol. Chem.; 216 553 (1955).,55ZEL_88,13271335.0, ,298.15,8.3,3.30E-07, ,spectrophotometry,pyrophosphate (0.033 mol dm-3),mol/L;sodium pyrophosphate buffer=0.033333333;glycolate=0.5 _ nan _ ,1.1.1.26, , ,, , 
722,786,1839.0,glyoxylate reductase,kegg:C00160 + kegg:C00003 = kegg:C00048 + kegg:C00004,CHB_15846 + CHB_29805 = CHB_16891 + CHB_16908,glycolate(aq) + NAD(aq) = glyoxylate(aq) + NADH(aq),Zelitch I.; J. Biol. Chem.; 216 553 (1955).,55ZEL_88,13271335.0, ,298.15,8.4,3.05E-07, ,spectrophotometry,pyrophosphate (0.033 mol dm-3),mol/L;sodium pyrophosphate buffer=0.033333333;glycolate=0.67 _ nan _ ,1.1.1.26, , ,, , 
723,787.0,2335.0,glycine hydroxymethyltransferase,kegg:C00037 + kegg:C00067 = kegg:C00065,CHB_15428 + CHB_16842 = CHB_17115,glycine(aq) + formaldehyde(aq) = L-serine(aq),Alexander N.; Greenberg D.M.; J. Biol. Chem.; 220 775 (1956).,56ALE/GRE_348,13331936.0, ,310.15,7.2,2760, ,spectrophotometry,phosphate (0.02 mol dm-3),mol/L;phosphate buffer=0.02  ,2.1.2.1, , , , , 
724,788.0,293.0,histidinol-phosphate transaminase,kegg:C01100 + kegg:C00026 = kegg:C01267 + kegg:C00025,CHB_16810 + CHB_16996 = CHB_16426 + CHB_29985,L-histidinol phosphate(aq) + 2-oxoglutarate(aq) = 3-(imidazol-4-yl)-2-oxopropyl phosphate(aq) + L-glutamate(aq),Ames B.N.; Horecker B.L.; J. Biol. Chem.; 220 113 (1956).,56AME/HOR_519,13319331.0, ,310.15,8.1,25, ,spectrophotometry,pyrophosphate (0.092 mol dm-3),mol/L;pyrophosphate buffer=0.092  ,2.6.1.9, , , , , 
725,789.0,1317.0,glutaminase,kegg:C00064 + kegg:C00001 = kegg:C00025 + kegg:C00014,CHB_15377 + CHB_18050 = CHB_16134 + CHB_29985,L-glutamine(aq) + H2O(l) = L-glutamate(aq) + ammonia(aq),Benzinger T.H.; Hems R.; Proc. Natl. Acad. Sci. USA; 42 896 (1956).,56BEN/HEM_989,16589970.0,10.1073/pnas.42.12.896,298.15,5.5,850, ,calorimetry, ,mol/L;ammonia=0.884;L-glutamate=0.884  ,3.5.1.2, , , , , 
726,,4046.0,adenylate kinase,2 kegg:C00008 = kegg:C00020 + kegg:C00002, ,2 ADP(aq) = AMP(aq) + ATP(aq),Bowen W.J.; Kerwin T.D.; Arch. Biochem. Biophys.; 64 278 (1956).,56BOW/KER_637,13363434.0,10.1016/0003-9861(56)90270-3,293.15,6.0,0.76, ,enzymatic assay,sodium succinate (0.04 mol dm-3),3.0 = -log[Mg+2],2.7.4.3, ,0.001 MgCl2, , , 
727,,4047.0,adenylate kinase,2 kegg:C00008 = kegg:C00020 + kegg:C00002, ,2 ADP(aq) = AMP(aq) + ATP(aq),Bowen W.J.; Kerwin T.D.; Arch. Biochem. Biophys.; 64 278 (1956).,56BOW/KER_637,13363434.0,10.1016/0003-9861(56)90270-3,293.15,6.0,0.52, ,enzymatic assay,sodium succinate (0.04 mol dm-3),4.0 = -log[Mg+2],2.7.4.3, ,0.0001 MgCl2, , , 
728,,4041.0,adenylate kinase,2 kegg:C00008 = kegg:C00020 + kegg:C00002, ,2 ADP(aq) = AMP(aq) + ATP(aq),Bowen W.J.; Kerwin T.D.; Arch. Biochem. Biophys.; 64 278 (1956).,56BOW/KER_637,13363434.0,10.1016/0003-9861(56)90270-3,293.15,6.0,0.36, ,enzymatic assay,sodium succinate (0.04 mol dm-3),5.0 = -log[Mg+2],2.7.4.3, ,1e-05 MgCl2, , , 
729,,4040.0,adenylate kinase,2 kegg:C00008 = kegg:C00020 + kegg:C00002, ,2 ADP(aq) = AMP(aq) + ATP(aq),Bowen W.J.; Kerwin T.D.; Arch. Biochem. Biophys.; 64 278 (1956).,56BOW/KER_637,13363434.0,10.1016/0003-9861(56)90270-3,293.15,6.0,0.37, ,enzymatic assay,sodium succinate (0.04 mol dm-3),6.0 = -log[Mg+2],2.7.4.3, ,1e-06 MgCl2, , , 
730,,4042.0,adenylate kinase,2 kegg:C00008 = kegg:C00020 + kegg:C00002, ,2 ADP(aq) = AMP(aq) + ATP(aq),Bowen W.J.; Kerwin T.D.; Arch. Biochem. Biophys.; 64 278 (1956).,56BOW/KER_637,13363434.0,10.1016/0003-9861(56)90270-3,293.15,6.0,0.96, ,enzymatic assay,sodium succinate (0.04 mol dm-3),3.84 = -log[Mg+2],2.7.4.3, ,0.000144 MgCl2, , , 
731,,4048.0,adenylate kinase,2 kegg:C00008 = kegg:C00020 + kegg:C00002, ,2 ADP(aq) = AMP(aq) + ATP(aq),Bowen W.J.; Kerwin T.D.; Arch. Biochem. Biophys.; 64 278 (1956).,56BOW/KER_637,13363434.0,10.1016/0003-9861(56)90270-3,293.15,6.0,0.68, ,enzymatic assay,sodium succinate (0.04 mol dm-3),2.8 = -log[Mg+2],2.7.4.3, ,0.00158 MgCl2, , , 
732,,4045.0,adenylate kinase,2 kegg:C00008 = kegg:C00020 + kegg:C00002, ,2 ADP(aq) = AMP(aq) + ATP(aq),Bowen W.J.; Kerwin T.D.; Arch. Biochem. Biophys.; 64 278 (1956).,56BOW/KER_637,13363434.0,10.1016/0003-9861(56)90270-3,293.15,6.0,0.47, ,enzymatic assay,sodium succinate (0.04 mol dm-3),2.61 = -log[Mg+2],2.7.4.3, ,0.00248 MgCl2, , , 
733,,4043.0,adenylate kinase,2 kegg:C00008 = kegg:C00020 + kegg:C00002, ,2 ADP(aq) = AMP(aq) + ATP(aq),Bowen W.J.; Kerwin T.D.; Arch. Biochem. Biophys.; 64 278 (1956).,56BOW/KER_637,13363434.0,10.1016/0003-9861(56)90270-3,293.15,6.0,1.24, ,enzymatic assay,sodium succinate (0.04 mol dm-3),3.53 = -log[Mg+2],2.7.4.3, ,0.000297 MgCl2, , , 
734,,4044.0,adenylate kinase,2 kegg:C00008 = kegg:C00020 + kegg:C00002, ,2 ADP(aq) = AMP(aq) + ATP(aq),Bowen W.J.; Kerwin T.D.; Arch. Biochem. Biophys.; 64 278 (1956).,56BOW/KER_637,13363434.0,10.1016/0003-9861(56)90270-3,293.15,6.0,1.09, ,enzymatic assay,sodium succinate (0.04 mol dm-3),3.27 = -log[Mg+2],2.7.4.3, ,0.000531 MgCl2, , , 
735,799.0,1088.0,adenylosuccinate lyase,kegg:C03794 = kegg:C00122 + kegg:C00020,CHB_15919 = CHB_16027 + CHB_29806,adenylosuccinate(aq) = fumarate(aq) + AMP(aq),Carter C.E.; Cohen L.H.; J. Biol. Chem.; 222 17 (1956).,56CAR/COH_1224,13366975.0, ,308.15,6.0,0.0063, ,spectrophotometry,sodium phosphate (0.05 mol dm-3),mol/L;sodium phosphate buffer=0.05  ,4.3.2.2, , , , , 
736,801.0,1089.0,adenylosuccinate lyase,kegg:C03794 = kegg:C00122 + kegg:C00020,CHB_15919 = CHB_16027 + CHB_29806,adenylosuccinate(aq) = fumarate(aq) + AMP(aq),Carter C.E.; Cohen L.H.; J. Biol. Chem.; 222 17 (1956).,56CAR/COH_1224,13366975.0, ,308.15,6.75,0.0074, ,spectrophotometry,sodium phosphate (0.05 mol dm-3),mol/L;sodium phosphate buffer=0.05  ,4.3.2.2, , , , , 
737,800.0,1090.0,adenylosuccinate lyase,kegg:C03794 = kegg:C00122 + kegg:C00020,CHB_15919 = CHB_16027 + CHB_29806,adenylosuccinate(aq) = fumarate(aq) + AMP(aq),Carter C.E.; Cohen L.H.; J. Biol. Chem.; 222 17 (1956).,56CAR/COH_1224,13366975.0, ,308.15,7.0,0.0068, ,spectrophotometry,sodium phosphate (0.05 mol dm-3),mol/L;sodium phosphate buffer=0.05  ,4.3.2.2, , , , , 
738,802.0,539.0,phosphoglycerate mutase,kegg:C00631 = kegg:C00197,CHB_17835 = CHB_17794,2-phospho-D-glycerate(aq) = 3-phospho-D-glycerate(aq),Cowgill R.W.; Pizer L.I.; J. Biol. Chem.; 223 885 (1956).,56COW/PIZ_1389,13385236.0, ,310.15,6.8,5, ,polarimetry,imidazole (0.0025 mol dm-3),mol/L;imidazole buffer=0.0025;2-phospho-D-glycerate=0;3-phospho-D-glycerate=0.0018  ,5.4.2.1, , , , , 
739,804.0,1318.0,L-ribulose-phosphate 4-epimerase,kegg:C01101 = kegg:C00231,CHB_17666 = CHB_16332,L-ribulose 5-phosphate(aq) = D-xylulose 5-phosphate(aq),Dickens F.; Williamson D.H.; Biochem. J.; 64 567 (1956).,56DIC/WIL_1262, , ,310.15,7.6,1.2, ,chromatography and spectrophotometry,glycylglycine (0.06 mol dm-3),   ,5.1.3.4, , , , , 
740,803,3355.0,ribose-5-phosphate isomerase,kegg:C00117 = kegg:C00199,CHB_52742 = CHB_17363,D-ribose 5-phosphate(aq) = D-ribulose 5-phosphate(aq),Dickens F.; Williamson D.H.; Biochem. J.; 64 567 (1956).,56DIC/WIL_1333,13373810.0,10.1042/bj0640567,310.15,7.4,0.67, ,chromatography and spectrophotometry,Tris (0.1 mol dm-3),nan _ nan _ ,5.3.1.6, , ,, , 
741,805.0,1483.0,L-rhamnose isomerase,kegg:C00507 = kegg:C00861,CHB_62346 = MAN_10205,L-rhamnose(aq) = L-rhamnulose(aq),Englesberg E.; Fed. Proc. Fed. Am. Soc. Exp. Biol.; 15 586 (1956).,56ENG_1371, , ,298.15, ,1.5, , , ,   ,5.3.1.14, , , , , 
742,806.0,3134.0,dephospho-CoA kinase,kegg:C00002 + kegg:C00882 = kegg:C00008 + kegg:C00010,CHB_15422 + CHB_57328 = CHB_15346 + CHB_16761,ATP(aq) + 3'-dephospho-CoA(aq) = ADP(aq) + CoA(aq),Feuer G.; Wollemann M.; Acta Physiol. Acad. Sci. Hung.; 10 1 (1956).,56FEU/WOL_557,13354402.0, ,310.15,7.3,1.6, ,chromatography,borate,   ,2.7.1.24, , , , , 
743,, ,trypsin, , ,NÎ±-benzoyl-L-argininamide(aq) + H2O(l) = NÎ±-benzoyl-L-arginine(aq) + ammonia(aq),Forrest W.W.; Gutfreund H.; Sturtevant J.M.; J. Am. Chem. Soc.; 78 1349 (1956).,56FOR/GUT_977, , ,298.15,6.4, , ,calorimetry,phosphate Tris and NH4Cl  +  NaCl + Tris, ,3.4.21.4, , ,2.001, ,-26.7
744,, ,trypsin, , ,NÎ±-benzoyl-L-argininamide(aq) + H2O(l) = NÎ±-benzoyl-L-arginine(aq) + ammonia(aq),Forrest W.W.; Gutfreund H.; Sturtevant J.M.; J. Am. Chem. Soc.; 78 1349 (1956).,56FOR/GUT_977, , ,298.15,6.45, , ,calorimetry,phosphate Tris and NH4Cl  +  NaCl + Tris, ,3.4.21.4, , ,0.01256, ,-25.9
745,, ,trypsin, , ,NÎ±-benzoyl-L-argininamide(aq) + H2O(l) = NÎ±-benzoyl-L-arginine(aq) + ammonia(aq),Forrest W.W.; Gutfreund H.; Sturtevant J.M.; J. Am. Chem. Soc.; 78 1349 (1956).,56FOR/GUT_977, , ,298.15,6.49, , ,calorimetry,phosphate Tris and NH4Cl  +  NaCl + Tris, ,3.4.21.4, , ,2.001, ,-26.9
746,, ,trypsin, , ,NÎ±-benzoyl-L-argininamide(aq) + H2O(l) = NÎ±-benzoyl-L-arginine(aq) + ammonia(aq),Forrest W.W.; Gutfreund H.; Sturtevant J.M.; J. Am. Chem. Soc.; 78 1349 (1956).,56FOR/GUT_977, , ,298.15,6.5, , ,calorimetry,phosphate Tris and NH4Cl  +  NaCl + Tris, ,3.4.21.4, , ,0.165, ,-27.2
747,, ,trypsin, , ,NÎ±-benzoyl-L-argininamide(aq) + H2O(l) = NÎ±-benzoyl-L-arginine(aq) + ammonia(aq),Forrest W.W.; Gutfreund H.; Sturtevant J.M.; J. Am. Chem. Soc.; 78 1349 (1956).,56FOR/GUT_977, , ,298.15,6.5, , ,calorimetry,phosphate Tris and NH4Cl  +  NaCl + Tris, ,3.4.21.4, , ,0.00057, ,-24.8
748,, ,trypsin, , ,NÎ±-benzoyl-L-argininamide(aq) + H2O(l) = NÎ±-benzoyl-L-arginine(aq) + ammonia(aq),Forrest W.W.; Gutfreund H.; Sturtevant J.M.; J. Am. Chem. Soc.; 78 1349 (1956).,56FOR/GUT_977, , ,298.15,6.55, , ,calorimetry,phosphate Tris and NH4Cl  +  NaCl + Tris, ,3.4.21.4, , ,2.001, ,-26.5
749,, ,trypsin, , ,NÎ±-benzoyl-L-argininamide(aq) + H2O(l) = NÎ±-benzoyl-L-arginine(aq) + ammonia(aq),Forrest W.W.; Gutfreund H.; Sturtevant J.M.; J. Am. Chem. Soc.; 78 1349 (1956).,56FOR/GUT_977, , ,298.15,6.6, , ,calorimetry,phosphate Tris and NH4Cl  +  NaCl + Tris, ,3.4.21.4, , ,0.00065, ,-25.1
750,, ,trypsin, , ,NÎ±-benzoyl-L-argininamide(aq) + H2O(l) = NÎ±-benzoyl-L-arginine(aq) + ammonia(aq),Forrest W.W.; Gutfreund H.; Sturtevant J.M.; J. Am. Chem. Soc.; 78 1349 (1956).,56FOR/GUT_977, , ,298.15,6.62, , ,calorimetry,phosphate Tris and NH4Cl  +  NaCl + Tris, ,3.4.21.4, , ,0.00247, ,-26.7
751,, ,trypsin, , ,NÎ±-benzoyl-L-argininamide(aq) + H2O(l) = NÎ±-benzoyl-L-arginine(aq) + ammonia(aq),Forrest W.W.; Gutfreund H.; Sturtevant J.M.; J. Am. Chem. Soc.; 78 1349 (1956).,56FOR/GUT_977, , ,298.15,6.67, , ,calorimetry,phosphate Tris and NH4Cl  +  NaCl + Tris, ,3.4.21.4, , ,2.001, ,-26.2
752,, ,trypsin, , ,NÎ±-benzoyl-L-argininamide(aq) + H2O(l) = NÎ±-benzoyl-L-arginine(aq) + ammonia(aq),Forrest W.W.; Gutfreund H.; Sturtevant J.M.; J. Am. Chem. Soc.; 78 1349 (1956).,56FOR/GUT_977, , ,298.15,6.67, , ,calorimetry,phosphate Tris and NH4Cl  +  NaCl + Tris, ,3.4.21.4, , ,2.001, ,-27.4
753,, ,trypsin, , ,NÎ±-benzoyl-L-argininamide(aq) + H2O(l) = NÎ±-benzoyl-L-arginine(aq) + ammonia(aq),Forrest W.W.; Gutfreund H.; Sturtevant J.M.; J. Am. Chem. Soc.; 78 1349 (1956).,56FOR/GUT_977, , ,298.15,6.78, , ,calorimetry,phosphate Tris and NH4Cl  +  NaCl + Tris, ,3.4.21.4, , ,0.00271, ,-25.5
754,, ,trypsin, , ,NÎ±-benzoyl-L-argininamide(aq) + H2O(l) = NÎ±-benzoyl-L-arginine(aq) + ammonia(aq),Forrest W.W.; Gutfreund H.; Sturtevant J.M.; J. Am. Chem. Soc.; 78 1349 (1956).,56FOR/GUT_977, , ,298.15,6.81, , ,calorimetry,phosphate Tris and NH4Cl  +  NaCl + Tris, ,3.4.21.4, , ,0.0106, ,-26.7
755,, ,trypsin, , ,NÎ±-benzoyl-L-argininamide(aq) + H2O(l) = NÎ±-benzoyl-L-arginine(aq) + ammonia(aq),Forrest W.W.; Gutfreund H.; Sturtevant J.M.; J. Am. Chem. Soc.; 78 1349 (1956).,56FOR/GUT_977, , ,298.15,6.82, , ,calorimetry,phosphate Tris and NH4Cl  +  NaCl + Tris, ,3.4.21.4, , ,0.0106, ,-27.2
756,, ,trypsin, , ,NÎ±-benzoyl-L-argininamide(aq) + H2O(l) = NÎ±-benzoyl-L-arginine(aq) + ammonia(aq),Forrest W.W.; Gutfreund H.; Sturtevant J.M.; J. Am. Chem. Soc.; 78 1349 (1956).,56FOR/GUT_977, , ,298.15,6.82, , ,calorimetry,phosphate Tris and NH4Cl  +  NaCl + Tris, ,3.4.21.4, , ,0.00081, ,-26
757,, ,trypsin, , ,NÎ±-benzoyl-L-argininamide(aq) + H2O(l) = NÎ±-benzoyl-L-arginine(aq) + ammonia(aq),Forrest W.W.; Gutfreund H.; Sturtevant J.M.; J. Am. Chem. Soc.; 78 1349 (1956).,56FOR/GUT_977, , ,298.15,6.96, , ,calorimetry,phosphate Tris and NH4Cl  +  NaCl + Tris, ,3.4.21.4, , ,2.001, ,-28.7
758,, ,trypsin, , ,NÎ±-benzoyl-L-argininamide(aq) + H2O(l) = NÎ±-benzoyl-L-arginine(aq) + ammonia(aq),Forrest W.W.; Gutfreund H.; Sturtevant J.M.; J. Am. Chem. Soc.; 78 1349 (1956).,56FOR/GUT_977, , ,298.15,7.01, , ,calorimetry,phosphate Tris and NH4Cl  +  NaCl + Tris, ,3.4.21.4, , ,0.00282, ,-28.1
759,, ,trypsin, , ,NÎ±-benzoyl-L-argininamide(aq) + H2O(l) = NÎ±-benzoyl-L-arginine(aq) + ammonia(aq),Forrest W.W.; Gutfreund H.; Sturtevant J.M.; J. Am. Chem. Soc.; 78 1349 (1956).,56FOR/GUT_977, , ,298.15,7.13, , ,calorimetry,phosphate Tris and NH4Cl  +  NaCl + Tris, ,3.4.21.4, , ,0.00401, ,-24.1
760,, ,trypsin, , ,NÎ±-benzoyl-L-argininamide(aq) + H2O(l) = NÎ±-benzoyl-L-arginine(aq) + ammonia(aq),Forrest W.W.; Gutfreund H.; Sturtevant J.M.; J. Am. Chem. Soc.; 78 1349 (1956).,56FOR/GUT_977, , ,298.15,7.15, , ,calorimetry,phosphate Tris and NH4Cl  +  NaCl + Tris, ,3.4.21.4, , ,0.01041, ,-26.7
761,, ,trypsin, , ,NÎ±-benzoyl-L-argininamide(aq) + H2O(l) = NÎ±-benzoyl-L-arginine(aq) + ammonia(aq),Forrest W.W.; Gutfreund H.; Sturtevant J.M.; J. Am. Chem. Soc.; 78 1349 (1956).,56FOR/GUT_977, , ,298.15,7.15, , ,calorimetry,phosphate Tris and NH4Cl  +  NaCl + Tris, ,3.4.21.4, , ,0.0406, ,-27.4
762,, ,trypsin, , ,NÎ±-benzoyl-L-argininamide(aq) + H2O(l) = NÎ±-benzoyl-L-arginine(aq) + ammonia(aq),Forrest W.W.; Gutfreund H.; Sturtevant J.M.; J. Am. Chem. Soc.; 78 1349 (1956).,56FOR/GUT_977, , ,298.15,7.16, , ,calorimetry,phosphate Tris and NH4Cl  +  NaCl + Tris, ,3.4.21.4, , ,0.01081, ,-28.2
763,, ,trypsin, , ,NÎ±-benzoyl-L-argininamide(aq) + H2O(l) = NÎ±-benzoyl-L-arginine(aq) + ammonia(aq),Forrest W.W.; Gutfreund H.; Sturtevant J.M.; J. Am. Chem. Soc.; 78 1349 (1956).,56FOR/GUT_977, , ,298.15,7.24, , ,calorimetry,phosphate Tris and NH4Cl  +  NaCl + Tris, ,3.4.21.4, , ,0.256, ,-25.5
764,, ,trypsin, , ,NÎ±-benzoyl-L-argininamide(aq) + H2O(l) = NÎ±-benzoyl-L-arginine(aq) + ammonia(aq),Forrest W.W.; Gutfreund H.; Sturtevant J.M.; J. Am. Chem. Soc.; 78 1349 (1956).,56FOR/GUT_977, , ,298.15,7.3, , ,calorimetry,phosphate Tris and NH4Cl  +  NaCl + Tris, ,3.4.21.4, , ,0.55, ,-29.6
765,, ,trypsin, , ,NÎ±-benzoyl-L-argininamide(aq) + H2O(l) = NÎ±-benzoyl-L-arginine(aq) + ammonia(aq),Forrest W.W.; Gutfreund H.; Sturtevant J.M.; J. Am. Chem. Soc.; 78 1349 (1956).,56FOR/GUT_977, , ,298.15,7.3, , ,calorimetry,phosphate Tris and NH4Cl  +  NaCl + Tris, ,3.4.21.4, , ,1.44, ,-24.5
766,, ,trypsin, , ,NÎ±-benzoyl-L-argininamide(aq) + H2O(l) = NÎ±-benzoyl-L-arginine(aq) + ammonia(aq),Forrest W.W.; Gutfreund H.; Sturtevant J.M.; J. Am. Chem. Soc.; 78 1349 (1956).,56FOR/GUT_977, , ,298.15,7.3, , ,calorimetry,phosphate Tris and NH4Cl  +  NaCl + Tris, ,3.4.21.4, , ,0.0506, ,-28.7
767,, ,trypsin, , ,NÎ±-benzoyl-L-argininamide(aq) + H2O(l) = NÎ±-benzoyl-L-arginine(aq) + ammonia(aq),Forrest W.W.; Gutfreund H.; Sturtevant J.M.; J. Am. Chem. Soc.; 78 1349 (1956).,56FOR/GUT_977, , ,298.15,7.31, , ,calorimetry,phosphate Tris and NH4Cl  +  NaCl + Tris, ,3.4.21.4, , ,1.6, ,-22.6
768,, ,trypsin, , ,NÎ±-benzoyl-L-argininamide(aq) + H2O(l) = NÎ±-benzoyl-L-arginine(aq) + ammonia(aq),Forrest W.W.; Gutfreund H.; Sturtevant J.M.; J. Am. Chem. Soc.; 78 1349 (1956).,56FOR/GUT_977, , ,298.15,7.33, , ,calorimetry,phosphate Tris and NH4Cl  +  NaCl + Tris, ,3.4.21.4, , ,1.295, ,-24.7
769,, ,trypsin, , ,NÎ±-benzoyl-L-argininamide(aq) + H2O(l) = NÎ±-benzoyl-L-arginine(aq) + ammonia(aq),Forrest W.W.; Gutfreund H.; Sturtevant J.M.; J. Am. Chem. Soc.; 78 1349 (1956).,56FOR/GUT_977, , ,298.15,7.34, , ,calorimetry,phosphate Tris and NH4Cl  +  NaCl + Tris, ,3.4.21.4, , ,0.655, ,-27.6
770,, ,trypsin, , ,NÎ±-benzoyl-L-argininamide(aq) + H2O(l) = NÎ±-benzoyl-L-arginine(aq) + ammonia(aq),Forrest W.W.; Gutfreund H.; Sturtevant J.M.; J. Am. Chem. Soc.; 78 1349 (1956).,56FOR/GUT_977, , ,298.15,7.35, , ,calorimetry,phosphate Tris and NH4Cl  +  NaCl + Tris, ,3.4.21.4, , ,1.76, ,-23.6
771,, ,trypsin, , ,NÎ±-benzoyl-L-argininamide(aq) + H2O(l) = NÎ±-benzoyl-L-arginine(aq) + ammonia(aq),Forrest W.W.; Gutfreund H.; Sturtevant J.M.; J. Am. Chem. Soc.; 78 1349 (1956).,56FOR/GUT_977, , ,298.15,7.38, , ,calorimetry,phosphate Tris and NH4Cl  +  NaCl + Tris, ,3.4.21.4, , ,0.4, ,-26.6
772,, ,trypsin, , ,NÎ±-benzoyl-L-argininamide(aq) + H2O(l) = NÎ±-benzoyl-L-arginine(aq) + ammonia(aq),Forrest W.W.; Gutfreund H.; Sturtevant J.M.; J. Am. Chem. Soc.; 78 1349 (1956).,56FOR/GUT_977, , ,298.15,7.39, , ,calorimetry,phosphate Tris and NH4Cl  +  NaCl + Tris, ,3.4.21.4, , ,0.96, ,-23.3
773,, ,trypsin, , ,NÎ±-benzoyl-L-argininamide(aq) + H2O(l) = NÎ±-benzoyl-L-arginine(aq) + ammonia(aq),Forrest W.W.; Gutfreund H.; Sturtevant J.M.; J. Am. Chem. Soc.; 78 1349 (1956).,56FOR/GUT_977, , ,298.15,7.4, , ,calorimetry,phosphate Tris and NH4Cl  +  NaCl + Tris, ,3.4.21.4, , ,0.4, ,-27.8
774,, ,trypsin, , ,NÎ±-benzoyl-L-argininamide(aq) + H2O(l) = NÎ±-benzoyl-L-arginine(aq) + ammonia(aq),Forrest W.W.; Gutfreund H.; Sturtevant J.M.; J. Am. Chem. Soc.; 78 1349 (1956).,56FOR/GUT_977, , ,298.15,7.4, , ,calorimetry,phosphate Tris and NH4Cl  +  NaCl + Tris, ,3.4.21.4, , ,0.4, ,-28.3
775,, ,trypsin, , ,NÎ±-benzoyl-L-argininamide(aq) + H2O(l) = NÎ±-benzoyl-L-arginine(aq) + ammonia(aq),Forrest W.W.; Gutfreund H.; Sturtevant J.M.; J. Am. Chem. Soc.; 78 1349 (1956).,56FOR/GUT_977, , ,298.15,7.41, , ,calorimetry,phosphate Tris and NH4Cl  +  NaCl + Tris, ,3.4.21.4, , ,0.138, ,-27.9
776,, ,trypsin, , ,NÎ±-benzoyl-L-argininamide(aq) + H2O(l) = NÎ±-benzoyl-L-arginine(aq) + ammonia(aq),Forrest W.W.; Gutfreund H.; Sturtevant J.M.; J. Am. Chem. Soc.; 78 1349 (1956).,56FOR/GUT_977, , ,298.15,7.42, , ,calorimetry,phosphate Tris and NH4Cl  +  NaCl + Tris, ,3.4.21.4, , ,0.8, ,-25.3
777,, ,trypsin, , ,NÎ±-benzoyl-L-argininamide(aq) + H2O(l) = NÎ±-benzoyl-L-arginine(aq) + ammonia(aq),Forrest W.W.; Gutfreund H.; Sturtevant J.M.; J. Am. Chem. Soc.; 78 1349 (1956).,56FOR/GUT_977, , ,298.15,7.42, , ,calorimetry,phosphate Tris and NH4Cl  +  NaCl + Tris, ,3.4.21.4, , ,0.96, ,-27.8
778,, ,trypsin, , ,NÎ±-benzoyl-L-argininamide(aq) + H2O(l) = NÎ±-benzoyl-L-arginine(aq) + ammonia(aq),Forrest W.W.; Gutfreund H.; Sturtevant J.M.; J. Am. Chem. Soc.; 78 1349 (1956).,56FOR/GUT_977, , ,298.15,7.43, , ,calorimetry,phosphate Tris and NH4Cl  +  NaCl + Tris, ,3.4.21.4, , ,0.2, ,-27.1
779,, ,trypsin, , ,NÎ±-benzoyl-L-argininamide(aq) + H2O(l) = NÎ±-benzoyl-L-arginine(aq) + ammonia(aq),Forrest W.W.; Gutfreund H.; Sturtevant J.M.; J. Am. Chem. Soc.; 78 1349 (1956).,56FOR/GUT_977, , ,298.15,7.43, , ,calorimetry,phosphate Tris and NH4Cl  +  NaCl + Tris, ,3.4.21.4, , ,0.4, ,-26.7
780,, ,trypsin, , ,NÎ±-benzoyl-L-argininamide(aq) + H2O(l) = NÎ±-benzoyl-L-arginine(aq) + ammonia(aq),Forrest W.W.; Gutfreund H.; Sturtevant J.M.; J. Am. Chem. Soc.; 78 1349 (1956).,56FOR/GUT_977, , ,298.15,7.43, , ,calorimetry,phosphate Tris and NH4Cl  +  NaCl + Tris, ,3.4.21.4, , ,0.0643, ,-28.2
781,, ,trypsin, , ,NÎ±-benzoyl-L-argininamide(aq) + H2O(l) = NÎ±-benzoyl-L-arginine(aq) + ammonia(aq),Forrest W.W.; Gutfreund H.; Sturtevant J.M.; J. Am. Chem. Soc.; 78 1349 (1956).,56FOR/GUT_977, , ,298.15,7.44, , ,calorimetry,phosphate Tris and NH4Cl  +  NaCl + Tris, ,3.4.21.4, , ,0.8, ,-26.9
782,807.0,893.0,arabinose isomerase,kegg:C01019 = kegg:C01721,CHB_2181 = MAN_10202,L-fucose(aq) = L-fuculose(aq),Green M.; Cohen S.S.; J. Biol. Chem.; 219 557 (1956).,56GRE/COH_1296,13319278.0, ,310.15,8.0,0.12, ,chemical analysis,phosphate (0.050 mol dm-3),mol/L;phosphate buffer=0.05  ,5.3.1.3, , , , , 
783,808.0,921.0,L-lactate dehydrogenase,kegg:C00186 + kegg:C00003 = kegg:C00022 + kegg:C00004,CHB_15846 + CHB_16651 = CHB_15361 + CHB_16908,(S)-lactate(aq) + NAD(aq) = pyruvate(aq) + NADH(aq),Hakala M.T.; Glaid A.J.; Schwert G.W.; J. Biol. Chem.; 221 191 (1956).,56HAK/GLA_100,13345810.0, ,289.15,6.8,9.78E-06, ,spectrophotometry,sodium phosphate (0.05 mol dm-3),mol/L;sodium phosphate buffer=0.05  ,1.1.1.27, , , , , 
784,809.0,923.0,L-lactate dehydrogenase,kegg:C00186 + kegg:C00003 = kegg:C00022 + kegg:C00004,CHB_15846 + CHB_16651 = CHB_15361 + CHB_16908,(S)-lactate(aq) + NAD(aq) = pyruvate(aq) + NADH(aq),Hakala M.T.; Glaid A.J.; Schwert G.W.; J. Biol. Chem.; 221 191 (1956).,56HAK/GLA_100,13345810.0, ,298.15,6.8,1.74E-05, ,spectrophotometry,sodium phosphate (0.05 mol dm-3),mol/L;sodium phosphate buffer=0.05  ,1.1.1.27, , , , , 
785,810.0,922.0,L-lactate dehydrogenase,kegg:C00186 + kegg:C00003 = kegg:C00022 + kegg:C00004,CHB_15846 + CHB_16651 = CHB_15361 + CHB_16908,(S)-lactate(aq) + NAD(aq) = pyruvate(aq) + NADH(aq),Hakala M.T.; Glaid A.J.; Schwert G.W.; J. Biol. Chem.; 221 191 (1956).,56HAK/GLA_100,13345810.0, ,308.15,6.8,3.24E-05, ,spectrophotometry,sodium phosphate (0.05 mol dm-3),mol/L;sodium phosphate buffer=0.05  ,1.1.1.27, , , , , 
786,811.0, ,butyryl-CoA dehydrogenase, ,CHB_15517 + PBC_6817 = CHB_36926 + CHB_8653,butanoyl-CoA(aq) + pyocyanine(aq) = 2-butenoyl-CoA(aq) + reduced pyocyanine(aq),Hauge J.G.; J. Am. Chem. Soc.; 78 5266 (1956).,56HAU_265, , ,303.15,7.2,0.23, ,spectrophotometry,phosphate (0.02 mol dm-3),mol/L;phosphate buffer=0.02  ,1.3.99.2, , , , , 
787,812,1388.0,retinal isomerase,kegg:C00376 = kegg:C02110,CHB_17898 = CHB_16066,all-trans-retinal(aq) = 11-cis-retinal(aq),Hubbard R.; J. Gen. Physiol.; 39 935 (1956).,56HUB_1279, , ,309.15,7.0,0.05, ,spectrophotometry,phosphate,mol/L;phosphate buffer=0.067 _ nan _ ,5.2.1.3, , ,, , 
788,813.0,1771.0,ribulose-phosphate 3-epimerase,kegg:C00199 = kegg:C00231,CHB_17363 = CHB_16332,D-ribulose 5-phosphate(aq) = D-xylulose 5-phosphate(aq),Hurwitz J.; Horecker B.L.; J. Biol. Chem.; 223 993 (1956).,56HUR/HOR_1244,13385247.0, ,298.15,7.5,1.5, ,enzymatic assay and spectrophotometry,Tris (0.078 mol dm-3),mol/L;Tris=0.0784314;D-xylulose 5-phosphate=0.00411765;D-ribulose 5-phosphate=0.0027451  ,5.1.3.1, , , , , 
789,815.0,4294.0,L-lactate dehydrogenase,kegg:C00186 + kegg:C00003 = kegg:C00022 + kegg:C00004,CHB_15846 + CHB_16651 = CHB_15361 + CHB_16908,(S)-lactate(aq) + NAD(aq) = pyruvate(aq) + NADH(aq),Kaplan N.O.; Ciotti M.M.; Stolzenbach F.E.; J. Biol. Chem.; 221 833 (1956).,56KAP/CIO_101, , ,303.15,9.0,0.0012, ,spectrophotometry,phosphate (0.1 mol dm-3),mol/L;phosphate buffer=0.1;(Li)1=0.1;(S)-lactate=0.1  ,1.1.1.27, , , , , 
790,814.0,63.0,L-lactate dehydrogenase,kegg:C00186 + COCO:COCOM00012 = kegg:C00022 + COCO:COCOM00013,CHB_16651 + PBC_123926 = CHB_15361 + MAN_10059,(S)-lactate(aq) + AP-NAD(aq)= pyruvate(aq) + AP-NADH(aq),Kaplan N.O.; Ciotti M.M.; Stolzenbach F.E.; J. Biol. Chem.; 221 833 (1956).,56KAP/CIO_110, , ,303.15,9.0,0.27, ,spectrophotometry,phosphate (0.1 mol dm-3),mol/L;phosphate buffer=0.1;(Li)1=0.1;pyruvate=0.02;(S)-lactate=0.08  ,1.1.1.27, , , , , 
791,,823.0,alcohol dehydrogenase,kegg:C00469 + kegg:C00003 = kegg:C00084 + kegg:C00004, ,ethanol(aq) + NAD(aq) = acetaldehyde(aq) + NADH(aq),Kaplan N.O.; Ciotti M.M.; Stolzenbach F.E.; J. Biol. Chem.; 221 833 (1956).,56KAP/CIO_13, , ,303.15,7.0,0.00016, ,spectrophotometry,phosphate (0.1 mol dm-3), ,1.1.1.1, , , , , 
792,,822.0,alcohol dehydrogenase,kegg:C00469 + kegg:C00003 = kegg:C00084 + kegg:C00004, ,ethanol(aq) + NAD(aq) = acetaldehyde(aq) + NADH(aq),Kaplan N.O.; Ciotti M.M.; Stolzenbach F.E.; J. Biol. Chem.; 221 833 (1956).,56KAP/CIO_13, , ,303.15,8.0,0.0016, ,spectrophotometry,phosphate (0.1 mol dm-3), ,1.1.1.1, , , , , 
793,,516.0,alcohol dehydrogenase,kegg:C00469 + COCO:COCOM00012 = kegg:C00084 + COCO:COCOM00013, ,ethanol(aq) + AP-NAD(aq) = acetaldehyde(aq) + AP-NADH(aq),Kaplan N.O.; Ciotti M.M.; Stolzenbach F.E.; J. Biol. Chem.; 221 833 (1956).,56KAP/CIO_22, , ,303.15,7.0,0.03, ,spectrophotometry,phosphate (0.1 mol dm-3), ,1.1.1.1, , , , , 
794,,517.0,alcohol dehydrogenase,kegg:C00469 + COCO:COCOM00012 = kegg:C00084 + COCO:COCOM00013, ,ethanol(aq) + AP-NAD(aq) = acetaldehyde(aq) + AP-NADH(aq),Kaplan N.O.; Ciotti M.M.; Stolzenbach F.E.; J. Biol. Chem.; 221 833 (1956).,56KAP/CIO_22, , ,303.15,8.0,0.3, ,spectrophotometry,phosphate (0.1 mol dm-3), ,1.1.1.1, , , , , 
795,823.0,285.0,glutamate dehydrogenase,kegg:C00025 + kegg:C00003 + kegg:C00001 = kegg:C00026 + kegg:C00004 + kegg:C00014,CHB_15377 + CHB_15846 + CHB_29985 = CHB_16134 + CHB_16810 + CHB_16908,L-glutamate(aq) + NAD(aq) + H2O(l) = 2-oxoglutarate(aq) + NADH(aq) + ammonia(aq),Kaplan N.O.; Ciotti M.M.; Stolzenbach F.E.; J. Biol. Chem.; 221 833 (1956).,56KAP/CIO_275, , ,303.15,7.6,2.43E-06, ,spectrophotometry,phosphate (0.05 mol dm-3),mol/L;phosphate buffer=0.05;L-glutamate=0.0340909  ,1.4.1.2, , , , , 
796,822.0,290.0,glutamate dehydrogenase,kegg:C00025 + COCO:COCOM00012 + kegg:C00001 = kegg:C00026 + COCO:COCOM00013 + kegg:C00014,CHB_15377 + CHB_29985 + PBC_123926 = CHB_16134 + CHB_16810 + MAN_10059,L-glutamate(aq) + AP-NAD(aq) + H2O(l) = 2-oxoglutarate(aq) + AP-NADH(aq) + ammonia(aq),Kaplan N.O.; Ciotti M.M.; Stolzenbach F.E.; J. Biol. Chem.; 221 833 (1956).,56KAP/CIO_278,13357478.0, ,303.15,7.6,0.0022, ,spectrophotometry,phosphate (0.05 mol dm-3),mol/L;phosphate buffer=0.05;L-glutamate=0.033;2-oxoglutarate=0.001  ,1.4.1.2, , , , , 
797,,2134.0,ribulose-biphosphate carboxylase,kegg:C01182 + kegg:C00288 = 2 kegg:C00197, ,"D-ribulose 1,5-biphosphate(aq) + carbon dioxide(aq) = 2 3-phospho-D-glycerate(aq)",Kitzinger C.; Horecker B.L.; Weisbach A; Abstr. 20th Int. Physiol. Congress Brussels (1956).,56KIT/HOR_1085, , ,298.15,8.0, , ,microcalorimetry,Tris (0.1 mol dm-3) + HCl and triethanolamine, ,4.1.1.39, , , , ,-43.1
798,,2135.0,ribulose-biphosphate carboxylase,kegg:C01182 + kegg:C00288 = 2 kegg:C00197, ,"D-ribulose 1,5-biphosphate(aq) + carbon dioxide(aq) = 2 3-phospho-D-glycerate(aq)",Kitzinger C.; Horecker B.L.; Weisbach A; Abstr. 20th Int. Physiol. Congress Brussels (1956).,56KIT/HOR_1085, , ,298.15,8.0, , ,microcalorimetry,Tris (0.1 mol dm-3) + HCl and triethanolamine, ,4.1.1.39, , , , ,-61.1
799,828, ,myo-inositol 2-dehydrogenase, ,CHB_15846 + CHB_17268 = CHB_16908 + MAN_10075,myo-inositol(aq) + NAD(aq) = 2-oxo-myo-inositol(aq) + NADH(aq),Larner J.; Jackson W.T.; Graves D.J.; Stamer J.R.; Arch. Biochem. Biophys.; 60 352 (1956).,56LAR/JAC_77,13292912.0,10.1016/0003-9861(56)90437-4,303.15,8.11,0.00067, ,spectrophotometry,pyrophosphate (0.01 mol dm-3),mol/L;pyrophosphate buffer=0.01 _ nan _ ,1.1.1.18, , ,, , 
800,827.0, ,myo-inositol 2-dehydrogenase, ,CHB_15846 + CHB_17268 = CHB_16908 + MAN_10075,myo-inositol(aq) + NAD(aq) = 2-oxo-myo-inositol(aq) + NADH(aq),Larner J.; Jackson W.T.; Graves D.J.; Stamer J.R.; Arch. Biochem. Biophys.; 60 352 (1956).,56LAR/JAC_77,13292912.0,10.1016/0003-9861(56)90437-4,303.15,8.12,0.00037, ,spectrophotometry,pyrophosphate (0.01 mol dm-3),mol/L;pyrophosphate buffer=0.01  ,1.1.1.18, , , , , 
801,826.0, ,myo-inositol 2-dehydrogenase, ,CHB_15846 + CHB_17268 = CHB_16908 + MAN_10075,myo-inositol(aq) + NAD(aq) = 2-oxo-myo-inositol(aq) + NADH(aq),Larner J.; Jackson W.T.; Graves D.J.; Stamer J.R.; Arch. Biochem. Biophys.; 60 352 (1956).,56LAR/JAC_77,13292912.0,10.1016/0003-9861(56)90437-4,303.15,8.67,0.0013, ,spectrophotometry,pyrophosphate (0.01 mol dm-3),mol/L;pyrophosphate buffer=0.01  ,1.1.1.18, , , , , 
802,825.0, ,myo-inositol 2-dehydrogenase, ,CHB_15846 + CHB_17268 = CHB_16908 + MAN_10075,myo-inositol(aq) + NAD(aq) = 2-oxo-myo-inositol(aq) + NADH(aq),Larner J.; Jackson W.T.; Graves D.J.; Stamer J.R.; Arch. Biochem. Biophys.; 60 352 (1956).,56LAR/JAC_77,13292912.0,10.1016/0003-9861(56)90437-4,303.15,8.75,0.0013, ,spectrophotometry,pyrophosphate (0.01 mol dm-3),mol/L;pyrophosphate buffer=0.01  ,1.1.1.18, , , , , 
803,824.0, ,myo-inositol 2-dehydrogenase, ,CHB_15846 + CHB_17268 = CHB_16908 + MAN_10075,myo-inositol(aq) + NAD(aq) = 2-oxo-myo-inositol(aq) + NADH(aq),Larner J.; Jackson W.T.; Graves D.J.; Stamer J.R.; Arch. Biochem. Biophys.; 60 352 (1956).,56LAR/JAC_77,13292912.0,10.1016/0003-9861(56)90437-4,303.15,8.92,0.0027, ,spectrophotometry,pyrophosphate (0.01 mol dm-3),mol/L;pyrophosphate buffer=0.01  ,1.1.1.18, , , , , 
804,829.0,370.0,glucosamine-6-phosphate isomerase,kegg:C00352 + kegg:C00001 = kegg:C00085 + kegg:C00014,CHB_15377 + CHB_58725 = CHB_16134 + CHB_61553,D-glucosamine 6-phosphate(aq) + H2O(l) = D-fructose 6-phosphate(aq) + ammonia(aq),Leloir L.F.; Cardini C.E.; Biochim. Biophys. Acta; 20 33 (1956).,56LEL/CAR_1366, , ,310.15,8.4,0.15, , ,Tris (0.4 mol dm-3),mol/L;Tris=0.4;D-glucosamine 6-phosphate=0.000286333;ammonia=0.029883667;D-fructose 6-phosphate=0.004773667  ,5.3.1.10, , , , , 
805,830.0,4071.0,mannose isomerase,kegg:C00476 = kegg:C00310,CHB_28543 = CHS_388344,D-lyxose(aq) = D-xylulose(aq),Palleroni N.J.; Doudoroff M.; J. Biol. Chem.; 218 535 (1956).,56PAL/DOU_1340, , ,303.15,7.4,0.39, ,chemical analysis and spectrophotometry,Tris (0.1 mol dm-3) + HCl,mol/L;Tris-HCl=0.1  ,5.3.1.7, , , , , 
806,831.0,4072.0,mannose isomerase,kegg:C00159 = kegg:C00095,CHB_4208 = CHB_37721,D-mannose(aq) = D-fructose(aq),Palleroni N.J.; Doudoroff M.; J. Biol. Chem.; 218 535 (1956).,56PAL/DOU_1341, , ,303.15,7.4,2.45, ,chemical analysis and spectrophotometry,Tris (0.1 mol dm-3) + HCl,mol/L;Tris-HCl=0.1  ,5.3.1.7, , , , , 
807,832.0, ,mannose isomerase, ,CHB_63152 = MAN_10214,D-rhamnose(aq) = D-rhamnulose(aq),Palleroni N.J.; Doudoroff M.; J. Biol. Chem.; 218 535 (1956).,56PAL/DOU_1344,13278359.0, ,303.15,7.4,0.58, ,chemical analysis and spectrophotometry,Tris (0.1 mol dm-3) + HCl,mol/L;Tris-HCl=0.1  ,5.3.1.7. & 5.3.1.7, , , , , 
808,,3607.0,myosin ATPase,kegg:C00081 + kegg:C00001 = kegg:C00104 + kegg:C00009, ,ITP(aq) + H2O(l) = IDP(aq) + orthophosphate(aq),Podolsky R.J.; Morales M.F.; J. Biol. Chem.; 218 945 (1956).,56POD/MOR_1078,13295245.0, ,293.15,8.0, , ,calorimetry,Tris, ,3.6.1.32, , , , ,-68.6
809,833.0,4426.0,glycine formiminotransferase,kegg:C00664 + kegg:C00037 = kegg:C02718 + kegg:C00101,CHB_15428 + CHB_15639 = CHB_15635 + CHB_18415,5-formiminotetrahydrofolate(aq) + glycine(aq) = N-formiminoglycine(aq) + tetrahydrofolate(aq),Rabinowitz J.C.; Pricer W.E.; J. Am. Chem. Soc.; 78 4176 (1956).,56RAB/PRI_353, , ,310.15,7.0,5, ,spectrophotometry,potassium maleate,mol/L;potassium maleate=0.033;potassium phosphate=0.067;(Mg)1(Cl)2=0.0133  ,2.1.2.4, , , , , 
810,834.0,1411.0,glucose-6-phosphate isomerase,kegg:C00092 = kegg:C00085,CHB_4170 = CHB_61553,D-glucose 6-phosphate(aq) = D-fructose 6-phosphate(aq),Ramasarma T.; Giri K.V.; Arch. Biochem. Biophys.; 62 91 (1956).,56RAM/GIR_1352,13314642.0,10.1016/0003-9861(56)90091-1,310.15,7.65,0.67, ,chemical analysis,barbital (0.02 mol dm-3),mol/L;veronal buffer=0.02;D-fructose 6-phosphate=0.0032;D-glucose 6-phosphate=0.0048  ,5.3.1.9, , , , , 
811,835.0,3903.0,glycine amidinotransferase,kegg:C00062 + kegg:C00037 = kegg:C00077 + kegg:C00581,CHB_15428 + CHB_16467 = CHB_15729 + CHB_16344,L-arginine(aq) + glycine(aq) = L-ornithine(aq) + guanidinoacetate(aq),Ratner S.; Rochovansky O.; Arch. Biochem. Biophys.; 63 277 (1956).,56RAT/ROC_364,13355454.0,10.1016/0003-9861(56)90044-3,311.15,7.5,1.1, ,spectrophotometry,phosphate (0.067 mol dm-3),mol/L;phosphate buffer=0.066666667;L-arginine=0.002701111;glycine=0.002715556;L-ornithine=0.00282;guanidinoacetate=0.002848889  ,2.1.4.1, , , , , 
812,836,1534.0,phosphoacetylglucosamine mutase,kegg:C04256 = kegg:C00357,CHB_7125 = CHB_15784,N-acetyl-D-glucosamine 1-phosphate(aq) = N-acetyl-D-glucosamine 6-phosphate(aq),Reissig J.L.; J. Biol. Chem.; 219 753 (1956).,56REI_1407,13319297.0, ,310.15,7.7,6, ,spectrophotometry,Tris (0.033 mol dm-3) + acetate,mol/L;N-acetyl-D-glucosamine 6-phosphate=0.00229333;N-acetyl-D-glucosamine 1-phosphate=0.000373333;Tris-acetate buffer=0.0167;sodium diethyldithiocarbamate=0.01;(Mg)1(SO4)1=0.00167 _ nan _ ,5.4.2.3, , ,, , 
813,838.0,291.0,isocitrate lyase,kegg:C00311 = kegg:C00042 + kegg:C00048,CHB_16087 = CHB_16891 + CHB_30031,isocitrate(aq) = succinate(aq) + glyoxylate(aq),Smith R.A.; Stamer J.R.; Gunslaus I.C.; Biochim. Biophys. Acta; 19 567 (1956).,56SMI/STA_1113, , ,300.15,7.6,0.029, ,chemical analysis and enzymatic assay,Tris (0.05 mol dm-3),mol/L;Tris=0.05;(Mg)1(Cl)2=0.002;L-cysteine=0.001;succinate=0.003921667;glyoxylate=0.003388333;isocitrate=0.000466167  ,4.1.3.1, , , , , 
814,837.0,1422.0,citrate (pro-3S)-lyase,kegg:C00158 = kegg:C00033 + kegg:C00036,CHB_30769 = CHB_16452 + CHB_30089,citrate(aq) = acetate(aq) + oxaloacetate(aq),Smith R.A.; Stamer J.R.; Gunslaus I.C.; Biochim. Biophys. Acta; 19 567 (1956).,56SMI/STA_1124, , ,300.15,7.6,0.64, ,chemical analysis,Tris (0.05 mol dm-3),mol/L;Tris=0.05;(Mn)1(SO4)1=0.002;acetate=0.126433333;oxaloacetate=0.014408333;citrate=0.002498333  ,4.1.3.6, , , , , 
815,847.0,4387.0,3-oxoacid CoA-transferase,kegg:C00091 + kegg:C00164 = kegg:C00042 + kegg:C00332,CHB_13705 + CHB_15380 = CHB_15345 + CHB_30031,succinyl-CoA(aq) + acetoacetate(aq) = succinate(aq) + acetoacetyl-CoA(aq),Stern J.R.; Coon M.J.; del Campillo A.; Schneider M.C.; J. Biol. Chem.; 221 15 (1956).,56STE/COO_719,13345795.0, ,303.15,7.0,0.0049, ,spectrophotometry,Tris and glycine  +  Tris (0.10 mol dm-3),2.28 = -log[Mg+2] _ mol/L;Tris-HCl=0.1;(Mg)1(Cl)2=0.0053;(K)1=0.068;acetoacetate=0.0667;succinyl-CoA=0.00072;succinate=0.00124;acetoacetyl-CoA=0 _ MgCl2 (0.0053 mol/L) _ ,2.8.3.5, ,0.0053 MgCl2, , , 
816,851.0,4385.0,3-oxoacid CoA-transferase,kegg:C00091 + kegg:C00164 = kegg:C00042 + kegg:C00332,CHB_13705 + CHB_15380 = CHB_15345 + CHB_30031,succinyl-CoA(aq) + acetoacetate(aq) = succinate(aq) + acetoacetyl-CoA(aq),Stern J.R.; Coon M.J.; del Campillo A.; Schneider M.C.; J. Biol. Chem.; 221 15 (1956).,56STE/COO_719,13345795.0, ,303.15,7.0,0.0028, ,spectrophotometry,Tris and glycine  +  Tris (0.10 mol dm-3),mol/L;Tris-HCl=0.1;(K)1=0.068;acetoacetate=0.0667;succinyl-CoA=0.00072;succinate=0.00124;acetoacetyl-CoA=0  ,2.8.3.5, ,0.0 MgCl2, , , 
817,848.0,4388.0,3-oxoacid CoA-transferase,kegg:C00091 + kegg:C00164 = kegg:C00042 + kegg:C00332,CHB_13705 + CHB_15380 = CHB_15345 + CHB_30031,succinyl-CoA(aq) + acetoacetate(aq) = succinate(aq) + acetoacetyl-CoA(aq),Stern J.R.; Coon M.J.; del Campillo A.; Schneider M.C.; J. Biol. Chem.; 221 15 (1956).,56STE/COO_719,13345795.0, ,303.15,7.5,0.0059, ,spectrophotometry,Tris and glycine  +  Tris (0.10 mol dm-3),2.28 = -log[Mg+2] _ mol/L;Tris-HCl=0.1;(Mg)1(Cl)2=0.0053;(K)1=0.0678;acetoacetate=0.0667;succinyl-CoA=0.00054;succinate=0.0011;acetoacetyl-CoA=0 _ MgCl2 (0.0053 mol/L) _ ,2.8.3.5, ,0.0053 MgCl2, , , 
818,852.0,4381.0,3-oxoacid CoA-transferase,kegg:C00091 + kegg:C00164 = kegg:C00042 + kegg:C00332,CHB_13705 + CHB_15380 = CHB_15345 + CHB_30031,succinyl-CoA(aq) + acetoacetate(aq) = succinate(aq) + acetoacetyl-CoA(aq),Stern J.R.; Coon M.J.; del Campillo A.; Schneider M.C.; J. Biol. Chem.; 221 15 (1956).,56STE/COO_719,13345795.0, ,303.15,7.5,0.0042, ,spectrophotometry,Tris and glycine  +  Tris (0.10 mol dm-3),mol/L;Tris-HCl=0.1;(K)1=0.0678;acetoacetate=0.0667;succinyl-CoA=0.00054;succinate=0.0011;acetoacetyl-CoA=0  ,2.8.3.5, ,0.0 MgCl2, , , 
819,849.0,4383.0,3-oxoacid CoA-transferase,kegg:C00091 + kegg:C00164 = kegg:C00042 + kegg:C00332,CHB_13705 + CHB_15380 = CHB_15345 + CHB_30031,succinyl-CoA(aq) + acetoacetate(aq) = succinate(aq) + acetoacetyl-CoA(aq),Stern J.R.; Coon M.J.; del Campillo A.; Schneider M.C.; J. Biol. Chem.; 221 15 (1956).,56STE/COO_719,13345795.0, ,303.15,8.1,0.0088, ,spectrophotometry,Tris and glycine  +  Tris (0.10 mol dm-3),2.28 = -log[Mg+2] _ mol/L;Tris-HCl=0.1;(Mg)1(Cl)2=0.0053;(K)1=0.0691;acetoacetate=0.0667;succinyl-CoA=0.00054;succinate=0.00243;acetoacetyl-CoA=0 _ MgCl2 (0.0053 mol/L) _ ,2.8.3.5, ,0.0053 MgCl2, , , 
820,853.0,4382.0,3-oxoacid CoA-transferase,kegg:C00091 + kegg:C00164 = kegg:C00042 + kegg:C00332,CHB_13705 + CHB_15380 = CHB_15345 + CHB_30031,succinyl-CoA(aq) + acetoacetate(aq) = succinate(aq) + acetoacetyl-CoA(aq),Stern J.R.; Coon M.J.; del Campillo A.; Schneider M.C.; J. Biol. Chem.; 221 15 (1956).,56STE/COO_719,13345795.0, ,303.15,8.1,0.0043, ,spectrophotometry,Tris and glycine  +  Tris (0.10 mol dm-3),mol/L;Tris-HCl=0.1;(K)1=0.0691;acetoacetate=0.0667;succinyl-CoA=0.00054;succinate=0.00243;acetoacetyl-CoA=0  ,2.8.3.5, ,0.0 MgCl2, , , 
821,850.0,4386.0,3-oxoacid CoA-transferase,kegg:C00091 + kegg:C00164 = kegg:C00042 + kegg:C00332,CHB_13705 + CHB_15380 = CHB_15345 + CHB_30031,succinyl-CoA(aq) + acetoacetate(aq) = succinate(aq) + acetoacetyl-CoA(aq),Stern J.R.; Coon M.J.; del Campillo A.; Schneider M.C.; J. Biol. Chem.; 221 15 (1956).,56STE/COO_719,13345795.0, ,303.15,9.2,0.015, ,spectrophotometry,Tris and glycine  +  Tris (0.10 mol dm-3),2.28 = -log[Mg+2] _ mol/L;(Mg)1(Cl)2=0.0053;(K)1=0.0687;acetoacetate=0.0667;succinyl-CoA=0.00009;succinate=0.00202;acetoacetyl-CoA=0;glycine buffer=0.1 _ MgCl2 (0.0053 mol/L) _ ,2.8.3.5, ,0.0053 MgCl2, , , 
822,854.0,4384.0,3-oxoacid CoA-transferase,kegg:C00091 + kegg:C00164 = kegg:C00042 + kegg:C00332,CHB_13705 + CHB_15380 = CHB_15345 + CHB_30031,succinyl-CoA(aq) + acetoacetate(aq) = succinate(aq) + acetoacetyl-CoA(aq),Stern J.R.; Coon M.J.; del Campillo A.; Schneider M.C.; J. Biol. Chem.; 221 15 (1956).,56STE/COO_719,13345795.0, ,303.15,9.2,0.0086, ,spectrophotometry,Tris and glycine  +  Tris (0.10 mol dm-3),mol/L;(K)1=0.0687;acetoacetate=0.0667;succinyl-CoA=0.00009;succinate=0.00202;acetoacetyl-CoA=0;glycine buffer=0.1  ,2.8.3.5, ,0.0 MgCl2, , , 
823,855.0,1480.0,enoyl-CoA hydratase,kegg:C03561 = kegg:C00877 + kegg:C00001,CHB_15452 = CHB_15377 + MAN_10169,(3R)-3-hydroxybutanoyl-CoA(aq) = cis-but-2-enoyl-CoA(aq) + H2O(l),Stern J.R.; del Campillo A.; J. Biol. Chem.; 218 985 (1956).,56STE/DEL_1175, , ,298.15,7.5,0.18, ,spectrophotometry,Tris,mol/L;Tris-HCl=0.01;cis-but-2-enoyl-CoA=0.00225;(3R)-3-hydroxybutanoyl-CoA=0  ,4.2.1.17, , , , , 
824,857.0,1482.0,enoyl-CoA hydratase,kegg:C01144 = kegg:C00877 + kegg:C00001,CHB_15453 = CHB_15377 + CHB_15473,(3S)-3-hydroxybutanoyl-CoA(aq) = trans-but-2-enoyl-CoA(aq) + H2O(l),Stern J.R.; del Campillo A.; J. Biol. Chem.; 218 985 (1956).,56STE/DEL_1176, , ,298.15,7.5,0.29, ,spectrophotometry,Tris,mol/L;Tris-HCl=0.01;trans-but-2-enoyl-CoA=0.00225;(3S)-3-hydroxybutanoyl-CoA=0  ,4.2.1.17, , , , , 
825,856.0, ,enoyl-CoA hydratase, ,CHB_74474 = CHB_15377 + MAN_10142,(3R)-3-hydroxyhexanoyl-CoA(aq) = cis-hex-2-enoyl-CoA(aq) + H2O(l),Stern J.R.; del Campillo A.; J. Biol. Chem.; 218 985 (1956).,56STE/DEL_1177, , ,298.15,7.5,0.2, ,spectrophotometry,Tris,mol/L;Tris-HCl=0.01;cis-hex-2-enoyl-CoA=0.00225;(3R)-3-hydroxyhexanoyl-CoA=0  ,4.2.1.17, , , , , 
826,858.0,1460.0,enoyl-CoA hydratase,kegg:C05268 = kegg:C05271 + kegg:C00001,CHB_28276 = CHB_15377 + CHB_28706,(3S)-3-hydroxyhexanoyl-CoA(aq) = trans-hex-2-enoyl-CoA(aq) + H2O(l),Stern J.R.; del Campillo A.; J. Biol. Chem.; 218 985 (1956).,56STE/DEL_1178,13295248.0, ,298.15,7.5,0.66, ,spectrophotometry,Tris,mol/L;Tris-HCl=0.01;trans-hex-2-enoyl-CoA=0.00225;(3S)-3-hydroxyhexanoyl-CoA=0  ,4.2.1.17, , , , , 
827,843.0,2650.0,3-oxoacid CoA-transferase,kegg:C00091 + kegg:C00164 = kegg:C00042 + kegg:C00332,CHB_13705 + CHB_15380 = CHB_15345 + CHB_30031,succinyl-CoA(aq) + acetoacetate(aq) = succinate(aq) + acetoacetyl-CoA(aq),Stern J.R.; J. Biol. Chem.; 221 33 (1956).,56STE_720,13345796.0, ,303.15,7.0,0.0046, ,spectrophotometry,Tris (0.067 mol dm-3) + HCl  +  Tris (0.10 mol dm-3),2.28 = -log[Mg+2] _ mol/L;Tris-HCl=0.067;(Mg)1(Cl)2=0.005 _ MgCl2 (0.0053 mol/L) _ ,2.8.3.5, ,0.0053 MgCl2, , , 
828,839.0,2643.0,3-oxoacid CoA-transferase,kegg:C00091 + kegg:C00164 = kegg:C00042 + kegg:C00332,CHB_13705 + CHB_15380 = CHB_15345 + CHB_30031,succinyl-CoA(aq) + acetoacetate(aq) = succinate(aq) + acetoacetyl-CoA(aq),Stern J.R.; J. Biol. Chem.; 221 33 (1956).,56STE_720,13345796.0, ,303.15,7.0,0.0028, ,spectrophotometry,Tris (0.067 mol dm-3) + HCl  +  Tris (0.10 mol dm-3),mol/L;Tris-HCl=0.067  ,2.8.3.5, ,0.0 MgCl2, , , 
829,844.0,2647.0,3-oxoacid CoA-transferase,kegg:C00091 + kegg:C00164 = kegg:C00042 + kegg:C00332,CHB_13705 + CHB_15380 = CHB_15345 + CHB_30031,succinyl-CoA(aq) + acetoacetate(aq) = succinate(aq) + acetoacetyl-CoA(aq),Stern J.R.; J. Biol. Chem.; 221 33 (1956).,56STE_720,13345796.0, ,303.15,7.5,0.0049, ,spectrophotometry,Tris (0.067 mol dm-3) + HCl  +  Tris (0.10 mol dm-3),2.28 = -log[Mg+2] _ mol/L;Tris-HCl=0.067;(Mg)1(Cl)2=0.005 _ MgCl2 (0.0053 mol/L) _ ,2.8.3.5, ,0.0053 MgCl2, , , 
830,840.0,2644.0,3-oxoacid CoA-transferase,kegg:C00091 + kegg:C00164 = kegg:C00042 + kegg:C00332,CHB_13705 + CHB_15380 = CHB_15345 + CHB_30031,succinyl-CoA(aq) + acetoacetate(aq) = succinate(aq) + acetoacetyl-CoA(aq),Stern J.R.; J. Biol. Chem.; 221 33 (1956).,56STE_720,13345796.0, ,303.15,7.5,0.004, ,spectrophotometry,Tris (0.067 mol dm-3) + HCl  +  Tris (0.10 mol dm-3),mol/L;Tris-HCl=0.067  ,2.8.3.5, ,0.0 MgCl2, , , 
831,845.0,2645.0,3-oxoacid CoA-transferase,kegg:C00091 + kegg:C00164 = kegg:C00042 + kegg:C00332,CHB_13705 + CHB_15380 = CHB_15345 + CHB_30031,succinyl-CoA(aq) + acetoacetate(aq) = succinate(aq) + acetoacetyl-CoA(aq),Stern J.R.; J. Biol. Chem.; 221 33 (1956).,56STE_720,13345796.0, ,303.15,8.1,0.0048, ,spectrophotometry,Tris (0.067 mol dm-3) + HCl  +  Tris (0.10 mol dm-3),2.28 = -log[Mg+2] _ mol/L;Tris-HCl=0.067;(Mg)1(Cl)2=0.005 _ MgCl2 (0.0053 mol/L) _ ,2.8.3.5, ,0.0053 MgCl2, , , 
832,841.0,2648.0,3-oxoacid CoA-transferase,kegg:C00091 + kegg:C00164 = kegg:C00042 + kegg:C00332,CHB_13705 + CHB_15380 = CHB_15345 + CHB_30031,succinyl-CoA(aq) + acetoacetate(aq) = succinate(aq) + acetoacetyl-CoA(aq),Stern J.R.; J. Biol. Chem.; 221 33 (1956).,56STE_720,13345796.0, ,303.15,8.1,0.0039, ,spectrophotometry,Tris (0.067 mol dm-3) + HCl  +  Tris (0.10 mol dm-3),mol/L;Tris-HCl=0.067  ,2.8.3.5, ,0.0 MgCl2, , , 
833,846.0,2649.0,3-oxoacid CoA-transferase,kegg:C00091 + kegg:C00164 = kegg:C00042 + kegg:C00332,CHB_13705 + CHB_15380 = CHB_15345 + CHB_30031,succinyl-CoA(aq) + acetoacetate(aq) = succinate(aq) + acetoacetyl-CoA(aq),Stern J.R.; J. Biol. Chem.; 221 33 (1956).,56STE_720,13345796.0, ,303.15,9.2,0.003, ,spectrophotometry,Tris (0.067 mol dm-3) + HCl  +  Tris (0.10 mol dm-3),2.28 = -log[Mg+2] _ mol/L;Tris-HCl=0.067;(Mg)1(Cl)2=0.005 _ MgCl2 (0.0053 mol/L) _ ,2.8.3.5, ,0.0053 MgCl2, , , 
834,842.0,2646.0,3-oxoacid CoA-transferase,kegg:C00091 + kegg:C00164 = kegg:C00042 + kegg:C00332,CHB_13705 + CHB_15380 = CHB_15345 + CHB_30031,succinyl-CoA(aq) + acetoacetate(aq) = succinate(aq) + acetoacetyl-CoA(aq),Stern J.R.; J. Biol. Chem.; 221 33 (1956).,56STE_720,13345796.0, ,303.15,9.2,0.0055, ,spectrophotometry,Tris (0.067 mol dm-3) + HCl  +  Tris (0.10 mol dm-3),mol/L;Tris-HCl=0.067  ,2.8.3.5, ,0.0 MgCl2, , , 
835,859.0,1345.0,ribulose-phosphate 3-epimerase,kegg:C00199 = kegg:C00231,CHB_17363 = CHB_16332,D-ribulose 5-phosphate(aq) = D-xylulose 5-phosphate(aq),Stumpf P.K.; Horecker B.L.; J. Biol. Chem.; 218 753 (1956).,56STU/HOR_1245,13295228.0, ,310.15,7.5,0.83, ,spectrophotometry,Tris (0.025 mol dm-3),mol/L;Tris=0.025;D-xylulose 5-phosphate=0.000284091;D-ribulose 5-phosphate=0.000340909  ,5.1.3.1, , , , , 
836,, ,3a-hydroxysteroid dehydrogenase, , ,"5Î±-androstane-3Î±-ol-17-one(aq) + NAD(aq) = 5Î±-androstane-3,17-dione(aq) + NADH(aq)",Talalay P.; Marcus P.I.; J. Biol. Chem.; 218 675 (1956).,56TAL/MAR_166, , ,298.15,6.0,0.0058, ,spectrophotometry,orthophosphate (0.033 mol dm-3) and pyrophosphate (0.033 mol dm-3), ,1.1.1.50, , , , , 
837,, ,3a-hydroxysteroid dehydrogenase, , ,"5Î±-androstane-3Î±-ol-17-one(aq) + NAD(aq) = 5Î±-androstane-3,17-dione(aq) + NADH(aq)",Talalay P.; Marcus P.I.; J. Biol. Chem.; 218 675 (1956).,56TAL/MAR_166, , ,298.15,7.0,0.058, ,spectrophotometry,orthophosphate (0.033 mol dm-3) and pyrophosphate (0.033 mol dm-3), ,1.1.1.50, , , , , 
838,, ,3a-hydroxysteroid dehydrogenase, , ,"5Î±-androstane-3Î±-ol-17-one(aq) + NAD(aq) = 5Î±-androstane-3,17-dione(aq) + NADH(aq)",Talalay P.; Marcus P.I.; J. Biol. Chem.; 218 675 (1956).,56TAL/MAR_166, , ,298.15,8.0,0.58, ,spectrophotometry,orthophosphate (0.033 mol dm-3) and pyrophosphate (0.033 mol dm-3), ,1.1.1.50, , , , , 
839,, ,3a-hydroxysteroid dehydrogenase, , ,"5Î±-androstane-3Î±-ol-17-one(aq) + NAD(aq) = 5Î±-androstane-3,17-dione(aq) + NADH(aq)",Talalay P.; Marcus P.I.; J. Biol. Chem.; 218 675 (1956).,56TAL/MAR_166, , ,298.15,9.0,5.8, ,spectrophotometry,orthophosphate (0.033 mol dm-3) and pyrophosphate (0.033 mol dm-3), ,1.1.1.50, , , , , 
840,860,2720.0,3(or 17)_-hydroxysteroid dehydrogenase,kegg:C00535 + kegg:C00003 = kegg:C00280 + kegg:C00004,CHB_15846 + CHB_17347 = CHB_16422 + CHB_16908,"4-androstene-17Î²-ol-3-one(aq) + NAD(aq) = 4-androstene-3,17-dione(aq) + NADH(aq)",Talalay P.; Marcus P.I.; J. Biol. Chem.; 218 675 (1956).,56TAL/MAR_179,13295222.0, ,298.15,6.0,0.026, ,spectrophotometry,orthophosphate (0.033 mol dm-3) and pyrophosphate (0.033 mol dm-3),mol/L;phosphate buffer=0.033 _ nan _ ,1.1.1.51, , ,, , 
841,,2723.0,3(or 17)_-hydroxysteroid dehydrogenase,kegg:C00535 + kegg:C00003 = kegg:C00280 + kegg:C00004, ,"4-androstene-17Î²-ol-3-one(aq) + NAD(aq) = 4-androstene-3,17-dione(aq) + NADH(aq)",Talalay P.; Marcus P.I.; J. Biol. Chem.; 218 675 (1956).,56TAL/MAR_179,13295222.0, ,298.15,7.0,0.26, ,spectrophotometry,orthophosphate (0.033 mol dm-3) and pyrophosphate (0.033 mol dm-3), ,1.1.1.51, , , , , 
842,,2721.0,3(or 17)_-hydroxysteroid dehydrogenase,kegg:C00535 + kegg:C00003 = kegg:C00280 + kegg:C00004, ,"4-androstene-17Î²-ol-3-one(aq) + NAD(aq) = 4-androstene-3,17-dione(aq) + NADH(aq)",Talalay P.; Marcus P.I.; J. Biol. Chem.; 218 675 (1956).,56TAL/MAR_179,13295222.0, ,298.15,8.0,2.6, ,spectrophotometry,orthophosphate (0.033 mol dm-3) and pyrophosphate (0.033 mol dm-3), ,1.1.1.51, , , , , 
843,,2722.0,3(or 17)_-hydroxysteroid dehydrogenase,kegg:C00535 + kegg:C00003 = kegg:C00280 + kegg:C00004, ,"4-androstene-17Î²-ol-3-one(aq) + NAD(aq) = 4-androstene-3,17-dione(aq) + NADH(aq)",Talalay P.; Marcus P.I.; J. Biol. Chem.; 218 675 (1956).,56TAL/MAR_179,13295222.0, ,298.15,9.0,26, ,spectrophotometry,orthophosphate (0.033 mol dm-3) and pyrophosphate (0.033 mol dm-3), ,1.1.1.51, , , , , 
844,, ,3a-hydroxysteroid dehydrogenase, , ,"5Î²-pregnane-3Î±,17Î±,21-triol-11,20-dione(aq) + NAD(aq) = 5Î²-pregnane-17Î±,21-diol-3,11,20-trione(aq) + NADH(aq)",Tomkins G.M.; J. Biol. Chem.; 218 437 (1956).,56TOM_173,13278351.0, ,298.15,7.0,0.89, ,spectrophotometry,phosphate (0.020 mol dm-3), ,1.1.1.50, , , , , 
845,, ,3a-hydroxysteroid dehydrogenase, , ,"5Î²-pregnane-3Î±,17Î±,21-triol-11,20-dione(aq) + NAD(aq) = 5Î²-pregnane-17Î±,21-diol-3,11,20-trione(aq) + NADH(aq)",Tomkins G.M.; J. Biol. Chem.; 218 437 (1956).,56TOM_173,13278351.0, ,298.15,7.8,5.8, ,spectrophotometry,phosphate (0.020 mol dm-3), ,1.1.1.50, , , , , 
846,876.0,1398.0,mannitol-1-phosphate dehydrogenase,kegg:C00644 + kegg:C00003 = kegg:C00085 + kegg:C00004,CHB_15846 + CHB_16298 = CHB_16908 + CHB_61553,D-mannitol 1-phosphate(aq) + NAD(aq) = D-fructose 6-phosphate(aq) + NADH(aq),Wolff J.B.; Kaplan N.O.; J. Biol. Chem.; 218 849 (1956).,56WOL/KAP_76,13295236.0, ,296.15,7.0,0.0049, ,chemical analysis and spectrophotometry, ,mol/L;phosphate buffer=0.55  ,1.1.1.17, , , , , 
847,877,1255.0,ribulose-phosphate 3-epimerase,kegg:C00199 = kegg:C00231,CHB_17363 = CHB_16332,D-ribulose 5-phosphate(aq) = D-xylulose 5-phosphate(aq),Ashwell G.; Hickman J.; J. Biol. Chem.; 226 65 (1957).,57ASH/HIC_1246,13428737.0, ,310.15,7.5,1.4, ,spectrophotometry,imidazole (0.01 mol dm-3),mol/L;imidazole buffer=0.01;D-xylulose 5-phosphate=0.00455;D-ribulose 5-phosphate=0.0031 _ nan _ ,5.1.3.1, , ,, , 
848,878.0,731.0,L-ribulose-phosphate 4-epimerase,kegg:C01101 = kegg:C00231,CHB_17666 = CHB_16332,L-ribulose 5-phosphate(aq) = D-xylulose 5-phosphate(aq),Burma D.P.; Horecker B.L.; Biochim. Biophys. Acta; 24 660 (1957).,57BUR/HOR_1263, , ,308.15,7.0,1.0, ,enzymatic assay,Tris (0.2 mol dm-3),mol/L;Tris=0.0588;(NH4)2(SO4)1=0.000178  ,5.1.3.4, , , , , 
849,882.0,3350.0,adenylate kinase,2 kegg:C00008 = kegg:C00020 + kegg:C00002,2 CHB_16761 = CHB_15422 + CHB_16027,2 ADP(aq) = AMP(aq) + ATP(aq),Callaghan O.H.; Biochem. J.; 67 651 (1957).,57CAL_638,13488919.0,10.1042/bj0670651,303.15,6.12,0.69, ,chromatography,2-amino 2-hydroxymethylpropane-13 diol (0.075 mol dm-3),mol/L;Tris buffer=0.075;ADP=0.015;(Mg)1(Cl)2=0.01;cysteine-HCl=0.006;AMP=0;ATP=0  ,2.7.4.3, , , , , 
850,881.0,3351.0,adenylate kinase,2 kegg:C00008 = kegg:C00020 + kegg:C00002,2 CHB_16761 = CHB_15422 + CHB_16027,2 ADP(aq) = AMP(aq) + ATP(aq),Callaghan O.H.; Biochem. J.; 67 651 (1957).,57CAL_638,13488919.0,10.1042/bj0670651,303.15,6.81,0.47, ,chromatography,2-amino 2-hydroxymethylpropane-13 diol (0.075 mol dm-3),mol/L;Tris buffer=0.075;ADP=0.015;(Mg)1(Cl)2=0.01;cysteine-HCl=0.006;AMP=0;ATP=0  ,2.7.4.3, , , , , 
851,880.0,3352.0,adenylate kinase,2 kegg:C00008 = kegg:C00020 + kegg:C00002,2 CHB_16761 = CHB_15422 + CHB_16027,2 ADP(aq) = AMP(aq) + ATP(aq),Callaghan O.H.; Biochem. J.; 67 651 (1957).,57CAL_638,13488919.0,10.1042/bj0670651,303.15,7.5,0.46, ,chromatography,2-amino 2-hydroxymethylpropane-13 diol (0.075 mol dm-3),mol/L;Tris buffer=0.075;ADP=0.015;(Mg)1(Cl)2=0.01;cysteine-HCl=0.006;AMP=0;ATP=0  ,2.7.4.3, , , , , 
852,879.0,3353.0,adenylate kinase,2 kegg:C00008 = kegg:C00020 + kegg:C00002,2 CHB_16761 = CHB_15422 + CHB_16027,2 ADP(aq) = AMP(aq) + ATP(aq),Callaghan O.H.; Biochem. J.; 67 651 (1957).,57CAL_638,13488919.0,10.1042/bj0670651,303.15,7.88,0.4, ,chromatography,2-amino 2-hydroxymethylpropane-13 diol (0.075 mol dm-3),mol/L;Tris buffer=0.075;ADP=0.015;(Mg)1(Cl)2=0.01;cysteine-HCl=0.006;AMP=0;ATP=0  ,2.7.4.3, , , , , 
853,,282.0,thetin-homocysteine S-methyltransferase,kegg:C03392 + kegg:C00155 = kegg:C03173 + kegg:C00073, ,dimethylacetothetin(aq) + L-homocysteine(aq) = S-methylthioglycolate(aq) + L-methionine(aq),Durell J.; Sturtevant J.M.; Biochim. Biophys. Acta; 26 282 (1957).,57DUR/STU_339, , ,298.15,7.1, , ,calorimetry,phosphate (0.034 mol dm-3), ,2.1.1.3, , , , ,-57.7
854,883.0, ,adenine phosphoribosyltransferase, ,CHB_17111 + PBC_9679 = CHB_18361 + MAN_10145,5-amino-4-imidazolecarboxamide(aq) + 5-phospho-Î±-D-ribose 1-diphosphate(aq) = 5-amino-1-Î²-D-ribosyl-4-imidazolecarboxamide 5'-phosphate(aq) + pyrophosphate(aq),Flaks J.G.; Erwin M.J.; Buchanan J.M.; J. Biol. Chem.; 228 201 (1957).,57FLA/ERW_476,13475309.0, ,311.15,8.0,9.7, ,spectrophotometry,Tris (0.1 mol dm-3) + HCl,mol/L;Tris buffer=0.1;5-amino-4-imidazolecarboxamide=0.0001;5-phospho--D-ribose 1-diphosphate=0.00025;(Mg)1(Cl)2=0.002;pyrophosphate=0.001;5-amino-1--D-ribosyl-4-imidazolecarboxamide 5'-phosphate=0  ,2.4.2.7, , , , , 
855,884.0, ,aryl sulfotransferase, ,CHB_17980 + CHB_39360 = CHB_17985 + MAN_10126,"3,5-dinitrophenol(aq) + 3'-phosphoadenylylsulfate(aq) = 3,5-dinitrophenolsulfate(aq) + adenosine 3',5'-biphosphate(aq)",Gregory J.D.; Lipmann F.; J. Biol. Chem.; 229 1081 (1957).,57GRE/LIP_715, , ,303.15,7.8,4.1, ,spectrophotometry,Tris (0.11 mol dm-3) + HCl,mol/L;Tris=0.1  ,2.8.2.1, , , , , 
856,885.0, ,aryl sulfotransferase, ,CHB_16836 + CHB_17980 = CHB_17985 + CHB_35422,"4-nitrophenol(aq) + 3'-phosphoadenylylsulfate(aq) = 4-nitrophenol sulfate(aq) + adenosine 3',5'-biphosphate(aq)",Gregory J.D.; Lipmann F.; J. Biol. Chem.; 229 1081 (1957).,57GRE/LIP_716,13502367.0, ,303.15,7.8,26.4, ,spectrophotometry,Tris (0.11 mol dm-3) + HCl,mol/L;Tris=0.1  ,2.8.2.1, , , , , 
857,886.0,2698.0,L-lactate dehydrogenase,kegg:C00186 + kegg:C00003 = kegg:C00022 + kegg:C00004,CHB_15846 + CHB_16651 = CHB_15361 + CHB_16908,(S)-lactate(aq) + NAD(aq) = pyruvate(aq) + NADH(aq),Hohorst H.J.; Biochem. Z.; 328 509 (1957).,57HOH_102,13426146.0, ,298.15,9.5,0.0173, ,spectrophotometry,glycine + NaOH,   ,1.1.1.27, , , , , 
858,887.0,3038.0,glycerate dehydrogenase,kegg:C00258 + kegg:C00003 = kegg:C00168 + kegg:C00004,CHB_15846 + CHB_16659 = CHB_16908 + CHB_30841,(R)-glycerate(aq) + NAD(aq) = hydroxypyruvate(aq) + NADH(aq),Holzer H.; Holldorf A.; Biochem. Z.; 329 292 (1957).,57HOL/HOL_113,13522707.0, ,296.15,7.0,3.70E-06, ,spectrophotometry,Tris or diethanolamine,   ,1.1.1.29, , , , , 
859,888.0,3039.0,glycerate dehydrogenase,kegg:C00258 + kegg:C00003 = kegg:C00168 + kegg:C00004,CHB_15846 + CHB_16659 = CHB_16908 + CHB_30841,(R)-glycerate(aq) + NAD(aq) = hydroxypyruvate(aq) + NADH(aq),Holzer H.; Holldorf A.; Biochem. Z.; 329 292 (1957).,57HOL/HOL_113,13522707.0, ,296.15,7.4,8.57E-06, ,spectrophotometry,Tris or diethanolamine,   ,1.1.1.29, , , , , 
860,889.0,3043.0,glycerate dehydrogenase,kegg:C00258 + kegg:C00003 = kegg:C00168 + kegg:C00004,CHB_15846 + CHB_16659 = CHB_16908 + CHB_30841,(R)-glycerate(aq) + NAD(aq) = hydroxypyruvate(aq) + NADH(aq),Holzer H.; Holldorf A.; Biochem. Z.; 329 292 (1957).,57HOL/HOL_113,13522707.0, ,296.15,7.8,2.49E-05, ,spectrophotometry,Tris or diethanolamine,   ,1.1.1.29, , , , , 
861,890.0,3045.0,glycerate dehydrogenase,kegg:C00258 + kegg:C00003 = kegg:C00168 + kegg:C00004,CHB_15846 + CHB_16659 = CHB_16908 + CHB_30841,(R)-glycerate(aq) + NAD(aq) = hydroxypyruvate(aq) + NADH(aq),Holzer H.; Holldorf A.; Biochem. Z.; 329 292 (1957).,57HOL/HOL_113,13522707.0, ,296.15,8.0,2.73E-05, ,spectrophotometry,Tris or diethanolamine,   ,1.1.1.29, , , , , 
862,891.0,3040.0,glycerate dehydrogenase,kegg:C00258 + kegg:C00003 = kegg:C00168 + kegg:C00004,CHB_15846 + CHB_16659 = CHB_16908 + CHB_30841,(R)-glycerate(aq) + NAD(aq) = hydroxypyruvate(aq) + NADH(aq),Holzer H.; Holldorf A.; Biochem. Z.; 329 292 (1957).,57HOL/HOL_113,13522707.0, ,296.15,8.4,9.34E-05, ,spectrophotometry,Tris or diethanolamine,   ,1.1.1.29, , , , , 
863,892.0,3041.0,glycerate dehydrogenase,kegg:C00258 + kegg:C00003 = kegg:C00168 + kegg:C00004,CHB_15846 + CHB_16659 = CHB_16908 + CHB_30841,(R)-glycerate(aq) + NAD(aq) = hydroxypyruvate(aq) + NADH(aq),Holzer H.; Holldorf A.; Biochem. Z.; 329 292 (1957).,57HOL/HOL_113,13522707.0, ,296.15,8.8,0.000163, ,spectrophotometry,Tris or diethanolamine,   ,1.1.1.29, , , , , 
864,893.0,3042.0,glycerate dehydrogenase,kegg:C00258 + kegg:C00003 = kegg:C00168 + kegg:C00004,CHB_15846 + CHB_16659 = CHB_16908 + CHB_30841,(R)-glycerate(aq) + NAD(aq) = hydroxypyruvate(aq) + NADH(aq),Holzer H.; Holldorf A.; Biochem. Z.; 329 292 (1957).,57HOL/HOL_113,13522707.0, ,296.15,9.0,0.000465, ,spectrophotometry,Tris or diethanolamine,   ,1.1.1.29, , , , , 
865,894.0,3044.0,glycerate dehydrogenase,kegg:C00258 + kegg:C00003 = kegg:C00168 + kegg:C00004,CHB_15846 + CHB_16659 = CHB_16908 + CHB_30841,(R)-glycerate(aq) + NAD(aq) = hydroxypyruvate(aq) + NADH(aq),Holzer H.; Holldorf A.; Biochem. Z.; 329 292 (1957).,57HOL/HOL_113,13522707.0, ,296.15,9.4,0.00071, ,spectrophotometry,Tris or diethanolamine,   ,1.1.1.29, , , , , 
866,895.0,1720.0,L-xylulose reductase,kegg:C00379 + kegg:C00006 = kegg:C00312 + kegg:C00005,CHB_17151 + CHB_18009 = CHB_16474 + MAN_10210,xylitol(aq) + NADP(aq) = L-xylulose(aq) + NADPH(aq),Hollmann S.; Touster O.; J. Biol. Chem.; 225 87 (1957).,57HOL/TOU_56,13416220.0, ,298.15,7.0,0.000858, ,spectrophotometry,Tris (0.05 mol dm-3),mol/L;Tris buffer=0.05;NADP=0.00013;(Mg)1(Cl)2=0.008;xylitol=0.0066;L-xylulose=0;NADPH=0  ,1.1.1.10, , , , , 
867,896.0,1721.0,L-xylulose reductase,kegg:C00379 + kegg:C00006 = kegg:C00312 + kegg:C00005,CHB_17151 + CHB_18009 = CHB_16474 + MAN_10210,xylitol(aq) + NADP(aq) = L-xylulose(aq) + NADPH(aq),Hollmann S.; Touster O.; J. Biol. Chem.; 225 87 (1957).,57HOL/TOU_56,13416220.0, ,298.15,8.0,0.00858, ,spectrophotometry,Tris (0.05 mol dm-3),   ,1.1.1.10, , , , , 
868,897.0,3488.0,glycine hydroxymethyltransferase,kegg:C00037 + kegg:C00084 = kegg:C00188,CHB_15343 + CHB_15428 = CHB_16857,glycine(aq) + acetaldehyde(aq) = L-threonine(aq),Karasek M.A.; Greenberg D.M.; J. Biol. Chem.; 227 191 (1957).,57KAR/GRE_347,13449064.0, ,310.15,7.6,56, ,spectrophotometry,phosphate (0.001 mol dm-3),mol/L;phosphate buffer=0.001  ,2.1.2.1, , , , , 
869,898.0,931.0,UDPglucose 4-epimerase,kegg:C00029 = kegg:C00052,CHB_18066 = CHB_18307,UDPglucose(aq) = UDPgalactose(aq),Maxwell E.S.; J. Biol. Chem.; 229 139 (1957).,57MAX_1249,13491567.0, ,298.15,8.7,0.33, ,spectrophotometry,glycine (0.1 mol dm-3),mol/L;glycine buffer=0.1  ,5.1.3.2, , , , , 
870,899.0,4416.0,ornithine carbamoyltransferase,kegg:C00169 + kegg:C00077 = kegg:C00327 + kegg:C00009,CHB_15729 + CHB_17672 = CHB_16349 + CHB_26078,carbamoyl phosphate(aq) + L-ornithine(aq) = L-citrulline(aq) + orthophosphate(aq),Reichard P.; Acta Chem. Scand.; 11 523 (1957).,57REI_362, , ,310.15,7.4,100000, ,radioactivity,Tris (0.1 mol dm-3),mol/L;Tris buffer=0.1;L-citrulline=0.028;orthophosphate=0.047;carbamoyl phosphate=0;L-ornithine=0  ,2.1.3.3, , , , , 
871,906.0,26.0,hexokinase,kegg:C00002 + kegg:C00031 = kegg:C00008 + kegg:C00092,CHB_15422 + CHB_4167 = CHB_16761 + CHB_4170,ATP(aq) + D-glucose(aq) = ADP(aq) + D-glucose 6-phosphate(aq),Robbins E.A.; Boyer P.D.; J. Biol. Chem.; 224 121 (1957).,57ROB/BOY_544,13398392.0, ,303.15,5.7,88, ,radioactivity,phosphate,0.84 = -log[Mg+2] _ mol/L;phosphate=0.1;(Mg)1(Cl)2=0.146 _ MgCl2 (0.146 mol/L) _ ,2.7.1.1, ,0.146 MgCl2, , , 
872,922.0,37.0,hexokinase,kegg:C00002 + kegg:C00031 = kegg:C00008 + kegg:C00092,CHB_15422 + CHB_4167 = CHB_16761 + CHB_4170,ATP(aq) + D-glucose(aq) = ADP(aq) + D-glucose 6-phosphate(aq),Robbins E.A.; Boyer P.D.; J. Biol. Chem.; 224 121 (1957).,57ROB/BOY_544,13398392.0, ,303.15,5.94,222, ,radioactivity,phosphate,2.66 = -log[Mg+2] _ mol/L;phosphate=0.1;(Mg)1(Cl)2=0.00217 _ MgCl2 (0.00217 mol/L) _ ,2.7.1.1, ,0.00217 MgCl2, , , 
873,924.0,20.0,hexokinase,kegg:C00002 + kegg:C00031 = kegg:C00008 + kegg:C00092,CHB_15422 + CHB_4167 = CHB_16761 + CHB_4170,ATP(aq) + D-glucose(aq) = ADP(aq) + D-glucose 6-phosphate(aq),Robbins E.A.; Boyer P.D.; J. Biol. Chem.; 224 121 (1957).,57ROB/BOY_544,13398392.0, ,303.15,5.94,230, ,radioactivity,phosphate,2.66 = -log[Mg+2] _ mol/L;phosphate=0.1;(Mg)1(Cl)2=0.00217 _ MgCl2 (0.00217 mol/L) _ ,2.7.1.1, ,0.00217 MgCl2, , , 
874,910.0,32.0,hexokinase,kegg:C00002 + kegg:C00031 = kegg:C00008 + kegg:C00092,CHB_15422 + CHB_4167 = CHB_16761 + CHB_4170,ATP(aq) + D-glucose(aq) = ADP(aq) + D-glucose 6-phosphate(aq),Robbins E.A.; Boyer P.D.; J. Biol. Chem.; 224 121 (1957).,57ROB/BOY_544,13398392.0, ,303.15,5.94,172, ,radioactivity,phosphate,1.0 = -log[Mg+2] _ mol/L;phosphate=0.1;(Mg)1(Cl)2=0.099 _ MgCl2 (0.099 mol/L) _ ,2.7.1.1, ,0.099 MgCl2, , , 
875,905.0,25.0,hexokinase,kegg:C00002 + kegg:C00031 = kegg:C00008 + kegg:C00092,CHB_15422 + CHB_4167 = CHB_16761 + CHB_4170,ATP(aq) + D-glucose(aq) = ADP(aq) + D-glucose 6-phosphate(aq),Robbins E.A.; Boyer P.D.; J. Biol. Chem.; 224 121 (1957).,57ROB/BOY_544,13398392.0, ,303.15,5.99,139, ,radioactivity,phosphate,0.83 = -log[Mg+2] _ mol/L;phosphate=0.1;(Mg)1(Cl)2=0.149 _ MgCl2 (0.149 mol/L) _ ,2.7.1.1, ,0.149 MgCl2, , , 
876,920.0,18.0,hexokinase,kegg:C00002 + kegg:C00031 = kegg:C00008 + kegg:C00092,CHB_15422 + CHB_4167 = CHB_16761 + CHB_4170,ATP(aq) + D-glucose(aq) = ADP(aq) + D-glucose 6-phosphate(aq),Robbins E.A.; Boyer P.D.; J. Biol. Chem.; 224 121 (1957).,57ROB/BOY_544,13398392.0, ,303.15,6.0,430, ,radioactivity,phosphate,2.6 = -log[Mg+2] _ mol/L;phosphate=0.1;(Mg)1(Cl)2=0.0025 _ MgCl2 (0.0025 mol/L) _ ,2.7.1.1, ,0.0025 MgCl2, , , 
877,921.0,35.0,hexokinase,kegg:C00002 + kegg:C00031 = kegg:C00008 + kegg:C00092,CHB_15422 + CHB_4167 = CHB_16761 + CHB_4170,ATP(aq) + D-glucose(aq) = ADP(aq) + D-glucose 6-phosphate(aq),Robbins E.A.; Boyer P.D.; J. Biol. Chem.; 224 121 (1957).,57ROB/BOY_544,13398392.0, ,303.15,6.0,618, ,radioactivity,phosphate,2.6 = -log[Mg+2] _ mol/L;phosphate=0.1;(Mg)1(Cl)2=0.0025 _ MgCl2 (0.0025 mol/L) _ ,2.7.1.1, ,0.0025 MgCl2, , , 
878,918.0,33.0,hexokinase,kegg:C00002 + kegg:C00031 = kegg:C00008 + kegg:C00092,CHB_15422 + CHB_4167 = CHB_16761 + CHB_4170,ATP(aq) + D-glucose(aq) = ADP(aq) + D-glucose 6-phosphate(aq),Robbins E.A.; Boyer P.D.; J. Biol. Chem.; 224 121 (1957).,57ROB/BOY_544,13398392.0, ,303.15,6.0,304, ,radioactivity,phosphate,2.4 = -log[Mg+2] _ mol/L;phosphate=0.1;(Mg)1(Cl)2=0.00485 _ MgCl2 (0.00485 mol/L) _ ,2.7.1.1, ,0.00395 MgCl2, , , 
879,912.0,28.0,hexokinase,kegg:C00002 + kegg:C00031 = kegg:C00008 + kegg:C00092,CHB_15422 + CHB_4167 = CHB_16761 + CHB_4170,ATP(aq) + D-glucose(aq) = ADP(aq) + D-glucose 6-phosphate(aq),Robbins E.A.; Boyer P.D.; J. Biol. Chem.; 224 121 (1957).,57ROB/BOY_544,13398392.0, ,303.15,6.0,193, ,radioactivity,phosphate,1.07 = -log[Mg+2] _ mol/L;phosphate=0.1;(Mg)1(Cl)2=0.0855 _ MgCl2 (0.0855 mol/L) _ ,2.7.1.1, ,0.0855 MgCl2, , , 
880,909.0,29.0,hexokinase,kegg:C00002 + kegg:C00031 = kegg:C00008 + kegg:C00092,CHB_15422 + CHB_4167 = CHB_16761 + CHB_4170,ATP(aq) + D-glucose(aq) = ADP(aq) + D-glucose 6-phosphate(aq),Robbins E.A.; Boyer P.D.; J. Biol. Chem.; 224 121 (1957).,57ROB/BOY_544,13398392.0, ,303.15,6.0,222, ,radioactivity,phosphate,0.98 = -log[Mg+2] _ mol/L;phosphate=0.1;(Mg)1(Cl)2=0.105 _ MgCl2 (0.105 mol/L) _ ,2.7.1.1, ,0.105 MgCl2, , , 
881,919.0,19.0,hexokinase,kegg:C00002 + kegg:C00031 = kegg:C00008 + kegg:C00092,CHB_15422 + CHB_4167 = CHB_16761 + CHB_4170,ATP(aq) + D-glucose(aq) = ADP(aq) + D-glucose 6-phosphate(aq),Robbins E.A.; Boyer P.D.; J. Biol. Chem.; 224 121 (1957).,57ROB/BOY_544,13398392.0, ,303.15,6.01,300, ,radioactivity,phosphate,2.31 = -log[Mg+2] _ mol/L;phosphate=0.1;(Mg)1(Cl)2=0.00395 _ MgCl2 (0.00395 mol/L) _ ,2.7.1.1, ,0.00485 MgCl2, , , 
882,913.0,34.0,hexokinase,kegg:C00002 + kegg:C00031 = kegg:C00008 + kegg:C00092,CHB_15422 + CHB_4167 = CHB_16761 + CHB_4170,ATP(aq) + D-glucose(aq) = ADP(aq) + D-glucose 6-phosphate(aq),Robbins E.A.; Boyer P.D.; J. Biol. Chem.; 224 121 (1957).,57ROB/BOY_544,13398392.0, ,303.15,6.01,123, ,radioactivity,phosphate,1.1 = -log[Mg+2] _ mol/L;phosphate=0.1;(Mg)1(Cl)2=0.08 _ MgCl2 (0.08 mol/L) _ ,2.7.1.1, ,0.08 MgCl2, , , 
883,925.0,30.0,hexokinase,kegg:C00002 + kegg:C00031 = kegg:C00008 + kegg:C00092,CHB_15422 + CHB_4167 = CHB_16761 + CHB_4170,ATP(aq) + D-glucose(aq) = ADP(aq) + D-glucose 6-phosphate(aq),Robbins E.A.; Boyer P.D.; J. Biol. Chem.; 224 121 (1957).,57ROB/BOY_544,13398392.0, ,303.15,6.02,249, ,radioactivity,phosphate,2.67 = -log[Mg+2] _ mol/L;phosphate=0.1;(Mg)1(Cl)2=0.00216 _ MgCl2 (0.00216 mol/L) _ ,2.7.1.1, ,0.00216 MgCl2, , , 
884,900.0,17.0,hexokinase,kegg:C00002 + kegg:C00031 = kegg:C00008 + kegg:C00092,CHB_15422 + CHB_4167 = CHB_16761 + CHB_4170,ATP(aq) + D-glucose(aq) = ADP(aq) + D-glucose 6-phosphate(aq),Robbins E.A.; Boyer P.D.; J. Biol. Chem.; 224 121 (1957).,57ROB/BOY_544,13398392.0, ,303.15,6.02,203, ,radioactivity,phosphate,1.96 = -log[Mg+2] _ mol/L;phosphate=0.1;(Mg)1(Cl)2=0.177 _ MgCl2 (0.177 mol/L) _ ,2.7.1.1, ,0.01084 MgCl2, , , 
885,916.0,27.0,hexokinase,kegg:C00002 + kegg:C00031 = kegg:C00008 + kegg:C00092,CHB_15422 + CHB_4167 = CHB_16761 + CHB_4170,ATP(aq) + D-glucose(aq) = ADP(aq) + D-glucose 6-phosphate(aq),Robbins E.A.; Boyer P.D.; J. Biol. Chem.; 224 121 (1957).,57ROB/BOY_544,13398392.0, ,303.15,6.03,245, ,radioactivity,phosphate,2.12 = -log[Mg+2] _ mol/L;phosphate=0.1;(Mg)1(Cl)2=0.00756 _ MgCl2 (0.00756 mol/L) _ ,2.7.1.1, ,0.00756 MgCl2, , , 
886,914.0,36.0,hexokinase,kegg:C00002 + kegg:C00031 = kegg:C00008 + kegg:C00092,CHB_15422 + CHB_4167 = CHB_16761 + CHB_4170,ATP(aq) + D-glucose(aq) = ADP(aq) + D-glucose 6-phosphate(aq),Robbins E.A.; Boyer P.D.; J. Biol. Chem.; 224 121 (1957).,57ROB/BOY_544,13398392.0, ,303.15,6.03,186, ,radioactivity,phosphate,1.85 = -log[Mg+2] _ mol/L;phosphate=0.1;(Mg)1(Cl)2=0.014 _ MgCl2 (0.014 mol/L) _ ,2.7.1.1, ,0.014 MgCl2, , , 
887,908.0,45.0,hexokinase,kegg:C00002 + kegg:C00031 = kegg:C00008 + kegg:C00092,CHB_15422 + CHB_4167 = CHB_16761 + CHB_4170,ATP(aq) + D-glucose(aq) = ADP(aq) + D-glucose 6-phosphate(aq),Robbins E.A.; Boyer P.D.; J. Biol. Chem.; 224 121 (1957).,57ROB/BOY_544,13398392.0, ,303.15,6.03,260, ,radioactivity,phosphate,0.93 = -log[Mg+2] _ mol/L;phosphate=0.1;(Mg)1(Cl)2=0.117 _ MgCl2 (0.117 mol/L) _ ,2.7.1.1, ,0.117 MgCl2, , , 
888,915.0,23.0,hexokinase,kegg:C00002 + kegg:C00031 = kegg:C00008 + kegg:C00092,CHB_15422 + CHB_4167 = CHB_16761 + CHB_4170,ATP(aq) + D-glucose(aq) = ADP(aq) + D-glucose 6-phosphate(aq),Robbins E.A.; Boyer P.D.; J. Biol. Chem.; 224 121 (1957).,57ROB/BOY_544,13398392.0, ,303.15,6.03,205, ,radioactivity,phosphate,0.75 = -log[Mg+2] _ mol/L;phosphate=0.1;(Mg)1(Cl)2=0.0108 _ MgCl2 (0.01084 mol/L) _ ,2.7.1.1, ,0.177 MgCl2, , , 
889,901.0,41.0,hexokinase,kegg:C00002 + kegg:C00031 = kegg:C00008 + kegg:C00092,CHB_15422 + CHB_4167 = CHB_16761 + CHB_4170,ATP(aq) + D-glucose(aq) = ADP(aq) + D-glucose 6-phosphate(aq),Robbins E.A.; Boyer P.D.; J. Biol. Chem.; 224 121 (1957).,57ROB/BOY_544,13398392.0, ,303.15,6.03,214, ,radioactivity,phosphate,0.75 = -log[Mg+2] _ mol/L;phosphate=0.1;(Mg)1(Cl)2=0.177 _ MgCl2 (0.177 mol/L) _ ,2.7.1.1, ,0.177 MgCl2, , , 
890,911.0,42.0,hexokinase,kegg:C00002 + kegg:C00031 = kegg:C00008 + kegg:C00092,CHB_15422 + CHB_4167 = CHB_16761 + CHB_4170,ATP(aq) + D-glucose(aq) = ADP(aq) + D-glucose 6-phosphate(aq),Robbins E.A.; Boyer P.D.; J. Biol. Chem.; 224 121 (1957).,57ROB/BOY_544,13398392.0, ,303.15,6.04,184, ,radioactivity,phosphate,1.04 = -log[Mg+2] _ mol/L;phosphate=0.1;(Mg)1(Cl)2=0.0903 _ MgCl2 (0.0903 mol/L) _ ,2.7.1.1, ,0.0903 MgCl2, , , 
891,907.0,22.0,hexokinase,kegg:C00002 + kegg:C00031 = kegg:C00008 + kegg:C00092,CHB_15422 + CHB_4167 = CHB_16761 + CHB_4170,ATP(aq) + D-glucose(aq) = ADP(aq) + D-glucose 6-phosphate(aq),Robbins E.A.; Boyer P.D.; J. Biol. Chem.; 224 121 (1957).,57ROB/BOY_544,13398392.0, ,303.15,6.04,154, ,radioactivity,phosphate,0.92 = -log[Mg+2] _ mol/L;phosphate=0.1;(Mg)1(Cl)2=0.119 _ MgCl2 (0.119 mol/L) _ ,2.7.1.1, ,0.119 MgCl2, , , 
892,926.0,39.0,hexokinase,kegg:C00002 + kegg:C00031 = kegg:C00008 + kegg:C00092,CHB_15422 + CHB_4167 = CHB_16761 + CHB_4170,ATP(aq) + D-glucose(aq) = ADP(aq) + D-glucose 6-phosphate(aq),Robbins E.A.; Boyer P.D.; J. Biol. Chem.; 224 121 (1957).,57ROB/BOY_544,13398392.0, ,303.15,6.07,294, ,radioactivity,phosphate,2.67 = -log[Mg+2] _ mol/L;phosphate=0.1;(Mg)1(Cl)2=0.00214 _ MgCl2 (0.00214 mol/L) _ ,2.7.1.1, ,0.00214 MgCl2, , , 
893,927.0,46.0,hexokinase,kegg:C00002 + kegg:C00031 = kegg:C00008 + kegg:C00092,CHB_15422 + CHB_4167 = CHB_16761 + CHB_4170,ATP(aq) + D-glucose(aq) = ADP(aq) + D-glucose 6-phosphate(aq),Robbins E.A.; Boyer P.D.; J. Biol. Chem.; 224 121 (1957).,57ROB/BOY_544,13398392.0, ,303.15,6.07,299, ,radioactivity,phosphate,2.67 = -log[Mg+2] _ mol/L;phosphate=0.1;(Mg)1(Cl)2=0.000214 _ MgCl2 (0.00214 mol/L) _ ,2.7.1.1, ,0.00214 MgCl2, , , 
894,928.0,44.0,hexokinase,kegg:C00002 + kegg:C00031 = kegg:C00008 + kegg:C00092,CHB_15422 + CHB_4167 = CHB_16761 + CHB_4170,ATP(aq) + D-glucose(aq) = ADP(aq) + D-glucose 6-phosphate(aq),Robbins E.A.; Boyer P.D.; J. Biol. Chem.; 224 121 (1957).,57ROB/BOY_544,13398392.0, ,303.15,6.07,303, ,radioactivity,phosphate,2.67 = -log[Mg+2] _ mol/L;phosphate=0.1;(Mg)1(Cl)2=0.00214 _ MgCl2 (0.00214 mol/L) _ ,2.7.1.1, ,0.00214 MgCl2, , , 
895,917.0,43.0,hexokinase,kegg:C00002 + kegg:C00031 = kegg:C00008 + kegg:C00092,CHB_15422 + CHB_4167 = CHB_16761 + CHB_4170,ATP(aq) + D-glucose(aq) = ADP(aq) + D-glucose 6-phosphate(aq),Robbins E.A.; Boyer P.D.; J. Biol. Chem.; 224 121 (1957).,57ROB/BOY_544,13398392.0, ,303.15,6.08,356, ,radioactivity,phosphate,2.31 = -log[Mg+2] _ mol/L;phosphate=0.1;(Mg)1(Cl)2=0.00492 _ MgCl2 (0.00492 mol/L) _ ,2.7.1.1, ,0.00492 MgCl2, , , 
896,929.0,21.0,hexokinase,kegg:C00002 + kegg:C00031 = kegg:C00008 + kegg:C00092,CHB_15422 + CHB_4167 = CHB_16761 + CHB_4170,ATP(aq) + D-glucose(aq) = ADP(aq) + D-glucose 6-phosphate(aq),Robbins E.A.; Boyer P.D.; J. Biol. Chem.; 224 121 (1957).,57ROB/BOY_544,13398392.0, ,303.15,6.12,277, ,radioactivity,phosphate,2.69 = -log[Mg+2] _ mol/L;phosphate=0.1;(Mg)1(Cl)2=0.00205 _ MgCl2 (0.00205 mol/L) _ ,2.7.1.1, ,0.00205 MgCl2, , , 
897,904.0,31.0,hexokinase,kegg:C00002 + kegg:C00031 = kegg:C00008 + kegg:C00092,CHB_15422 + CHB_4167 = CHB_16761 + CHB_4170,ATP(aq) + D-glucose(aq) = ADP(aq) + D-glucose 6-phosphate(aq),Robbins E.A.; Boyer P.D.; J. Biol. Chem.; 224 121 (1957).,57ROB/BOY_544,13398392.0, ,303.15,6.34,286, ,radioactivity,phosphate,0.82 = -log[Mg+2] _ mol/L;phosphate=0.1;(Mg)1(Cl)2=0.151 _ MgCl2 (0.151 mol/L) _ ,2.7.1.1, ,0.151 MgCl2, , , 
898,903.0,40.0,hexokinase,kegg:C00002 + kegg:C00031 = kegg:C00008 + kegg:C00092,CHB_15422 + CHB_4167 = CHB_16761 + CHB_4170,ATP(aq) + D-glucose(aq) = ADP(aq) + D-glucose 6-phosphate(aq),Robbins E.A.; Boyer P.D.; J. Biol. Chem.; 224 121 (1957).,57ROB/BOY_544,13398392.0, ,303.15,6.67,540, ,radioactivity,phosphate,0.82 = -log[Mg+2] _ mol/L;phosphate=0.1;(Mg)1(Cl)2=0.153 _ MgCl2 (0.153 mol/L) _ ,2.7.1.1, ,0.153 MgCl2, , , 
899,902.0,24.0,hexokinase,kegg:C00002 + kegg:C00031 = kegg:C00008 + kegg:C00092,CHB_15422 + CHB_4167 = CHB_16761 + CHB_4170,ATP(aq) + D-glucose(aq) = ADP(aq) + D-glucose 6-phosphate(aq),Robbins E.A.; Boyer P.D.; J. Biol. Chem.; 224 121 (1957).,57ROB/BOY_544,13398392.0, ,303.15,7.0,1310, ,radioactivity,phosphate,0.81 = -log[Mg+2] _ mol/L;phosphate=0.1;(Mg)1(Cl)2=0.1755 _ MgCl2 (0.155 mol/L) _ ,2.7.1.1, ,0.155 MgCl2, , , 
900,932,4116.0,3-hydroxyisobutyrate dehydrogenase,kegg:C01188 + kegg:C00003 = kegg:C00349 + kegg:C00004,CHB_11805 + CHB_15846 = CHB_16256 + CHB_16908,3-hydroxy-2-methylpropanoate(aq) + NAD(aq) = 2-methyl-3-oxopropanoate(aq) + NADH(aq),Robinson W.G.; Coon M.J.; J. Biol. Chem.; 225 511 (1957).,57ROB/COO_122,13416257.0, ,298.15,10.0,0.12, ,spectrophotometry,Tris (0.017 mol dm-3),mol/L;Tris buffer=0.017 _ nan _ ,1.1.1.31, , ,, , 
901,930.0,4118.0,3-hydroxyisobutyrate dehydrogenase,kegg:C01188 + kegg:C00003 = kegg:C00349 + kegg:C00004,CHB_11805 + CHB_15846 = CHB_16256 + CHB_16908,3-hydroxy-2-methylpropanoate(aq) + NAD(aq) = 2-methyl-3-oxopropanoate(aq) + NADH(aq),Robinson W.G.; Coon M.J.; J. Biol. Chem.; 225 511 (1957).,57ROB/COO_122,13416257.0, ,298.15,8.0,0.0031, ,spectrophotometry,Tris (0.017 mol dm-3),mol/L;Tris buffer=0.017  ,1.1.1.31, , , , , 
902,931.0,4117.0,3-hydroxyisobutyrate dehydrogenase,kegg:C01188 + kegg:C00003 = kegg:C00349 + kegg:C00004,CHB_11805 + CHB_15846 = CHB_16256 + CHB_16908,3-hydroxy-2-methylpropanoate(aq) + NAD(aq) = 2-methyl-3-oxopropanoate(aq) + NADH(aq),Robinson W.G.; Coon M.J.; J. Biol. Chem.; 225 511 (1957).,57ROB/COO_122,13416257.0, ,298.15,9.0,0.036, ,spectrophotometry,Tris (0.017 mol dm-3),mol/L;Tris buffer=0.017  ,1.1.1.31, , , , , 
903,933.0,928.0,phosphoglycerate mutase,kegg:C00631 = kegg:C00197,CHB_17835 = CHB_17794,2-phospho-D-glycerate(aq) = 3-phospho-D-glycerate(aq),Rodwell V.W.; Towne J.C.; Grisolia S.; J. Biol. Chem.; 228 875 (1957).,57ROD/TOW_1390,13475367.0, ,303.15,4.6,6, ,spectrophotometry,potassium acetate (0.1 mol dm-3),mol/L;potassium acetate=0.1;2-phospho-D-glycerate=0.0037;3-phospho-D-glycerate=0.022  ,5.4.2.1, , , , , 
904,934.0,929.0,phosphoglycerate mutase,kegg:C00631 = kegg:C00197,CHB_17835 = CHB_17794,2-phospho-D-glycerate(aq) = 3-phospho-D-glycerate(aq),Rodwell V.W.; Towne J.C.; Grisolia S.; J. Biol. Chem.; 228 875 (1957).,57ROD/TOW_1390,13475367.0, ,303.15,5.01,6.6, ,spectrophotometry,potassium acetate (0.1 mol dm-3),mol/L;potassium acetate=0.1;2-phospho-D-glycerate=0.0034;3-phospho-D-glycerate=0.0223  ,5.4.2.1, , , , , 
905,935.0,924.0,phosphoglycerate mutase,kegg:C00631 = kegg:C00197,CHB_17835 = CHB_17794,2-phospho-D-glycerate(aq) = 3-phospho-D-glycerate(aq),Rodwell V.W.; Towne J.C.; Grisolia S.; J. Biol. Chem.; 228 875 (1957).,57ROD/TOW_1390,13475367.0, ,303.15,5.15,6.2, ,spectrophotometry,potassium acetate (0.1 mol dm-3),mol/L;potassium acetate=0.1;2-phospho-D-glycerate=0.0036;3-phospho-D-glycerate=0.0221  ,5.4.2.1, , , , , 
906,936.0,925.0,phosphoglycerate mutase,kegg:C00631 = kegg:C00197,CHB_17835 = CHB_17794,2-phospho-D-glycerate(aq) = 3-phospho-D-glycerate(aq),Rodwell V.W.; Towne J.C.; Grisolia S.; J. Biol. Chem.; 228 875 (1957).,57ROD/TOW_1390,13475367.0, ,303.15,5.43,6, ,spectrophotometry,potassium acetate (0.1 mol dm-3),mol/L;potassium acetate=0.1;2-phospho-D-glycerate=0.0037;3-phospho-D-glycerate=0.022  ,5.4.2.1, , , , , 
907,937.0,930.0,phosphoglycerate mutase,kegg:C00631 = kegg:C00197,CHB_17835 = CHB_17794,2-phospho-D-glycerate(aq) = 3-phospho-D-glycerate(aq),Rodwell V.W.; Towne J.C.; Grisolia S.; J. Biol. Chem.; 228 875 (1957).,57ROD/TOW_1390,13475367.0, ,303.15,5.7,6.3, ,spectrophotometry,potassium acetate (0.1 mol dm-3),mol/L;potassium acetate=0.1;2-phospho-D-glycerate=0.0035;3-phospho-D-glycerate=0.0222  ,5.4.2.1, , , , , 
908,938.0,926.0,phosphoglycerate mutase,kegg:C00631 = kegg:C00197,CHB_17835 = CHB_17794,2-phospho-D-glycerate(aq) = 3-phospho-D-glycerate(aq),Rodwell V.W.; Towne J.C.; Grisolia S.; J. Biol. Chem.; 228 875 (1957).,57ROD/TOW_1390,13475367.0, ,303.15,6.1,6.8, ,spectrophotometry,potassium acetate (0.1 mol dm-3),mol/L;potassium acetate=0.1;2-phospho-D-glycerate=0.0033;3-phospho-D-glycerate=0.0224  ,5.4.2.1, , , , , 
909,939.0,927.0,phosphoglycerate mutase,kegg:C00631 = kegg:C00197,CHB_17835 = CHB_17794,2-phospho-D-glycerate(aq) = 3-phospho-D-glycerate(aq),Rodwell V.W.; Towne J.C.; Grisolia S.; J. Biol. Chem.; 228 875 (1957).,57ROD/TOW_1390,13475367.0, ,303.15,6.65,5.8, ,spectrophotometry,potassium acetate (0.1 mol dm-3),mol/L;potassium acetate=0.1;2-phospho-D-glycerate=0.0038;3-phospho-D-glycerate=0.0219  ,5.4.2.1, , , , , 
910,940.0,3106.0,dihydrolipoamide dehydrogenase,kegg:C02147 + kegg:C00003 = kegg:C00725 + kegg:C00004,CHB_15846 + CHB_18047 = CHB_16908 + CHB_30313,dihydro-Î±-lipoate(aq) + NAD(aq) = Î±-lipoate(aq) + NADH(aq),Sanadi D.R.; Searls R.L.; Biochim. Biophys. Acta; 24 220 (1957).,57SAN/SEA_323, , ,295.15,7.1,0.21, ,spectrophotometry,phosphate (0.026 mol dm-3),mol/L;phosphate buffer=0.04  ,1.8.1.4, , , , , 
911,941.0,414.0,isocitrate lyase,kegg:C00311 = kegg:C00042 + kegg:C00048,CHB_16087 = CHB_16891 + CHB_30031,isocitrate(aq) = succinate(aq) + glyoxylate(aq),Smith R.A.; Gunsalus I.C.; J. Biol. Chem.; 229 305 (1957).,57SMI/GUN_1114,13491582.0, ,300.15,7.6,0.029, ,spectrophotometry,Tris (0.067 mol dm-3),mol/L;Tris buffer=0.067;(Mg)1(Cl)2=0.002;cysteine-HCl=0.00133;succinate=0.002580952;glyoxylate=0.00244;isocitrate=0.000323667  ,4.1.3.1, , , , , 
912,942.0,1313.0,3-hydroxyacyl-CoA dehydrogenase,kegg:C01144 + kegg:C00003 = kegg:C00332 + kegg:C00004,CHB_15453 + CHB_15846 = CHB_16908 + CHB_57286,(S)-3-hydroxybutanoyl-CoA(aq) + NAD(aq) = 3-oxobutanoyl-CoA(aq) + NADH(aq),Stern J.R.; Biochim. Biophys. Acta; 26 448 (1957).,57STE_125, , ,298.15,9.6,0.86, ,spectrophotometry, ,   ,1.1.1.35, , , , , 
913,, ,3a-hydroxysteroid dehydrogenase, , ,"5Î±-androstane-3Î±-ol-17-one(aq) + NAD(aq) = 5Î±-androstane-3,17-dione(aq) + NADH(aq)",Talalay P.; Rec. Chem. Prog. (Kresge-Hooker Sci. Lib.); 18 31 (1957).,57TAL_167, , ,298.15,7.0,0.0742, ,spectrophotometry, , ,1.1.1.50, , , , , 
914,, ,3a-hydroxysteroid dehydrogenase, , ,"5Î±-androstane-3Î±,17Î²-diol(aq) + NAD(aq) = 5Î±-androstane-17Î²-ol-3-one(aq) + NADH(aq)",Talalay P.; Rec. Chem. Prog. (Kresge-Hooker Sci. Lib.); 18 31 (1957).,57TAL_170, , ,298.15,7.0,0.0668, ,spectrophotometry, , ,1.1.1.50, , , , , 
915,, ,3a-hydroxysteroid dehydrogenase, , ,"5Î²-androstane-3Î±-ol-17-one(aq) + NAD(aq) = 5Î²-androstane-3,17-dione(aq) + NADH(aq)",Talalay P.; Rec. Chem. Prog. (Kresge-Hooker Sci. Lib.); 18 31 (1957).,57TAL_171, , ,298.15,7.0,0.0157, ,spectrophotometry, , ,1.1.1.50, , , , , 
916,, ,3a-hydroxysteroid dehydrogenase, , ,"5Î²-pregnane-3Î±,17Î±,21-triol-11,20-dione(aq) + NAD(aq) = 5Î²-pregnane-17Î±,21-diol-3,11,20-trione(aq) + NADH(aq)",Talalay P.; Rec. Chem. Prog. (Kresge-Hooker Sci. Lib.); 18 31 (1957).,57TAL_174, , ,298.15,7.0,0.0107, ,spectrophotometry, , ,1.1.1.50, , , , , 
917,944.0, ,3(or 17)_-hydroxysteroid dehydrogenase, ,CHB_15846 + PBC_11301 = CHB_16908 + MAN_10012,"5Î±-androstane-3Î²,17Î±-diol(aq) + NAD(aq) = 5Î±-androstane-17Î±-ol-3-one(aq) + NADH(aq)",Talalay P.; Rec. Chem. Prog. (Kresge-Hooker Sci. Lib.); 18 31 (1957).,57TAL_177, , ,298.15,7.0,0.0211, ,spectrophotometry, ,   ,1.1.1.51, , , , , 
918,943.0,3001.0,3(or 17)_-hydroxysteroid dehydrogenase,kegg:C00535 + kegg:C00003 = kegg:C00280 + kegg:C00004,CHB_15846 + CHB_17347 = CHB_16422 + CHB_16908,"4-androstene-17Î²-ol-3-one(aq) + NAD(aq) = 4-androstene-3,17-dione(aq) + NADH(aq)",Talalay P.; Rec. Chem. Prog. (Kresge-Hooker Sci. Lib.); 18 31 (1957).,57TAL_180, , ,298.15,7.0,0.37, ,spectrophotometry, ,   ,1.1.1.51, , , , , 
919,948.0, ,3(or 17)_-hydroxysteroid dehydrogenase, ,CHB_15846 + MAN_10156 = CHB_16908 + MAN_10157,"5Î±-pregnane-3Î²,17Î±,21-triol-11,20-dione(aq) + NAD(aq) = 5Î±-pregnane-17Î±,21-diol-3,11,20-trione(aq) + NADH(aq)",Talalay P.; Rec. Chem. Prog. (Kresge-Hooker Sci. Lib.); 18 31 (1957).,57TAL_182, , ,298.15,7.0,0.0092, ,spectrophotometry, ,   ,1.1.1.51, , , , , 
920,950.0,2235.0,hexokinase,kegg:C00002 + kegg:C00031 = kegg:C00008 + kegg:C00092,CHB_15422 + CHB_4167 = CHB_16761 + CHB_4170,ATP(aq) + D-glucose(aq) = ADP(aq) + D-glucose 6-phosphate(aq),Vladimirov G.E.; Vlassova V.G.; Kolotilova A.I.; Lyzlova S.N.; Panteleyeva N.S.; Biokhimiya; 22 963 (1957).,57VLA/VLA_545,13499474.0, ,310.15,7.25,340, ,radioactivity,glycine,   ,2.7.1.1, , , , , 
921,1046.0,2922.0,alcohol dehydrogenase,kegg:C00469 + kegg:C00003 = kegg:C00084 + kegg:C00004,CHB_15846 + CHB_16236 = CHB_15343 + CHB_16908,ethanol(aq) + NAD(aq) = acetaldehyde(aq) + NADH(aq),Backlin K.-I.; Acta Chem. Scand.; 12 1279 (1958).,58BAC_14, , ,288.15,7.0,6.46E-05, ,spectrophotometry,phosphate,mol/L;IS=0.1  ,1.1.1.1, ,0.0 NaCl,0.1, , 
922,1051.0,2926.0,alcohol dehydrogenase,kegg:C00469 + kegg:C00003 = kegg:C00084 + kegg:C00004,CHB_15846 + CHB_16236 = CHB_15343 + CHB_16908,ethanol(aq) + NAD(aq) = acetaldehyde(aq) + NADH(aq),Backlin K.-I.; Acta Chem. Scand.; 12 1279 (1958).,58BAC_14, , ,288.15,8.0,0.000642, ,spectrophotometry,phosphate,mol/L;IS=0.1  ,1.1.1.1, ,0.0 NaCl,0.1, , 
923,1056.0,2930.0,alcohol dehydrogenase,kegg:C00469 + kegg:C00003 = kegg:C00084 + kegg:C00004,CHB_15846 + CHB_16236 = CHB_15343 + CHB_16908,ethanol(aq) + NAD(aq) = acetaldehyde(aq) + NADH(aq),Backlin K.-I.; Acta Chem. Scand.; 12 1279 (1958).,58BAC_14, , ,288.15,9.0,0.00635, ,spectrophotometry,phosphate,mol/L;IS=0.1  ,1.1.1.1, ,0.0 NaCl,0.1, , 
924,1038.0,2915.0,alcohol dehydrogenase,kegg:C00469 + kegg:C00003 = kegg:C00084 + kegg:C00004,CHB_15846 + CHB_16236 = CHB_15343 + CHB_16908,ethanol(aq) + NAD(aq) = acetaldehyde(aq) + NADH(aq),Backlin K.-I.; Acta Chem. Scand.; 12 1279 (1958).,58BAC_14, , ,293.15,10.0,0.0795, ,spectrophotometry,phosphate,mol/L;IS=0.1  ,1.1.1.1, ,0.0 NaCl,0.1, , 
925,1040.0,2916.0,alcohol dehydrogenase,kegg:C00469 + kegg:C00003 = kegg:C00084 + kegg:C00004,CHB_15846 + CHB_16236 = CHB_15343 + CHB_16908,ethanol(aq) + NAD(aq) = acetaldehyde(aq) + NADH(aq),Backlin K.-I.; Acta Chem. Scand.; 12 1279 (1958).,58BAC_14, , ,293.15,7.0,7.36E-05, ,spectrophotometry,phosphate,mol/L;IS=0.05  ,1.1.1.1, ,0.0 NaCl,0.05, , 
926,1039.0,2917.0,alcohol dehydrogenase,kegg:C00469 + kegg:C00003 = kegg:C00084 + kegg:C00004,CHB_15846 + CHB_16236 = CHB_15343 + CHB_16908,ethanol(aq) + NAD(aq) = acetaldehyde(aq) + NADH(aq),Backlin K.-I.; Acta Chem. Scand.; 12 1279 (1958).,58BAC_14, , ,293.15,7.0,8.07E-05, ,spectrophotometry,phosphate,mol/L;IS=0.096  ,1.1.1.1, ,0.0 NaCl,0.096, , 
927,1035.0,2939.0,alcohol dehydrogenase,kegg:C00469 + kegg:C00003 = kegg:C00084 + kegg:C00004,CHB_15846 + CHB_16236 = CHB_15343 + CHB_16908,ethanol(aq) + NAD(aq) = acetaldehyde(aq) + NADH(aq),Backlin K.-I.; Acta Chem. Scand.; 12 1279 (1958).,58BAC_14, , ,293.15,7.0,7.95E-05, ,spectrophotometry,phosphate,mol/L;IS=0.1  ,1.1.1.1, ,0.0 NaCl,0.1, , 
928,1047.0,2936.0,alcohol dehydrogenase,kegg:C00469 + kegg:C00003 = kegg:C00084 + kegg:C00004,CHB_15846 + CHB_16236 = CHB_15343 + CHB_16908,ethanol(aq) + NAD(aq) = acetaldehyde(aq) + NADH(aq),Backlin K.-I.; Acta Chem. Scand.; 12 1279 (1958).,58BAC_14, , ,293.15,7.0,8.00E-05, ,spectrophotometry,phosphate,mol/L;IS=0.1  ,1.1.1.1, ,0.0 NaCl,0.1, , 
929,1041.0,2935.0,alcohol dehydrogenase,kegg:C00469 + kegg:C00003 = kegg:C00084 + kegg:C00004,CHB_15846 + CHB_16236 = CHB_15343 + CHB_16908,ethanol(aq) + NAD(aq) = acetaldehyde(aq) + NADH(aq),Backlin K.-I.; Acta Chem. Scand.; 12 1279 (1958).,58BAC_14, , ,293.15,7.0,9.27E-05, ,spectrophotometry,phosphate,mol/L;IS=0.189  ,1.1.1.1, ,0.0 NaCl,0.189, , 
930,1043.0,2918.0,alcohol dehydrogenase,kegg:C00469 + kegg:C00003 = kegg:C00084 + kegg:C00004,CHB_15846 + CHB_16236 = CHB_15343 + CHB_16908,ethanol(aq) + NAD(aq) = acetaldehyde(aq) + NADH(aq),Backlin K.-I.; Acta Chem. Scand.; 12 1279 (1958).,58BAC_14, , ,293.15,7.0,9.25E-05, ,spectrophotometry,phosphate,mol/L;IS=0.259 _ NaCl (0.167mol/L) _ ,1.1.1.1, ,0.0 NaCl,0.259, , 
931,1042.0,2919.0,alcohol dehydrogenase,kegg:C00469 + kegg:C00003 = kegg:C00084 + kegg:C00004,CHB_15846 + CHB_16236 = CHB_15343 + CHB_16908,ethanol(aq) + NAD(aq) = acetaldehyde(aq) + NADH(aq),Backlin K.-I.; Acta Chem. Scand.; 12 1279 (1958).,58BAC_14, , ,293.15,7.0,9.97E-05, ,spectrophotometry,phosphate,mol/L;IS=0.376  ,1.1.1.1, ,0.167 NaCl,0.376, , 
932,1044.0,2920.0,alcohol dehydrogenase,kegg:C00469 + kegg:C00003 = kegg:C00084 + kegg:C00004,CHB_15846 + CHB_16236 = CHB_15343 + CHB_16908,ethanol(aq) + NAD(aq) = acetaldehyde(aq) + NADH(aq),Backlin K.-I.; Acta Chem. Scand.; 12 1279 (1958).,58BAC_14, , ,293.15,7.0,0.0001047, ,spectrophotometry,phosphate,mol/L;IS=0.423 _ NaCl (0.333mol/L) _ ,1.1.1.1, ,0.333 NaCl,0.423, , 
933,1045.0,2921.0,alcohol dehydrogenase,kegg:C00469 + kegg:C00003 = kegg:C00084 + kegg:C00004,CHB_15846 + CHB_16236 = CHB_15343 + CHB_16908,ethanol(aq) + NAD(aq) = acetaldehyde(aq) + NADH(aq),Backlin K.-I.; Acta Chem. Scand.; 12 1279 (1958).,58BAC_14, , ,293.15,7.0,0.0001184, ,spectrophotometry,phosphate,mol/L;IS=0.749 _ NaCl (0.667mol/L) _ ,1.1.1.1, ,0.667 NaCl,0.749, , 
934,1052.0,2927.0,alcohol dehydrogenase,kegg:C00469 + kegg:C00003 = kegg:C00084 + kegg:C00004,CHB_15846 + CHB_16236 = CHB_15343 + CHB_16908,ethanol(aq) + NAD(aq) = acetaldehyde(aq) + NADH(aq),Backlin K.-I.; Acta Chem. Scand.; 12 1279 (1958).,58BAC_14, , ,293.15,8.0,0.000795, ,spectrophotometry,phosphate,mol/L;IS=0.1  ,1.1.1.1, ,0.0 NaCl,0.1, , 
935,1036.0,2913.0,alcohol dehydrogenase,kegg:C00469 + kegg:C00003 = kegg:C00084 + kegg:C00004,CHB_15846 + CHB_16236 = CHB_15343 + CHB_16908,ethanol(aq) + NAD(aq) = acetaldehyde(aq) + NADH(aq),Backlin K.-I.; Acta Chem. Scand.; 12 1279 (1958).,58BAC_14, , ,293.15,8.0,0.00084, ,spectrophotometry,phosphate,mol/L;IS=0.1  ,1.1.1.1, ,0.0 NaCl,0.1, , 
936,1057.0,2931.0,alcohol dehydrogenase,kegg:C00469 + kegg:C00003 = kegg:C00084 + kegg:C00004,CHB_15846 + CHB_16236 = CHB_15343 + CHB_16908,ethanol(aq) + NAD(aq) = acetaldehyde(aq) + NADH(aq),Backlin K.-I.; Acta Chem. Scand.; 12 1279 (1958).,58BAC_14, , ,293.15,9.0,0.00794, ,spectrophotometry,phosphate,mol/L;IS=0.1  ,1.1.1.1, ,0.0 NaCl,0.1, , 
937,1037.0,2914.0,alcohol dehydrogenase,kegg:C00469 + kegg:C00003 = kegg:C00084 + kegg:C00004,CHB_15846 + CHB_16236 = CHB_15343 + CHB_16908,ethanol(aq) + NAD(aq) = acetaldehyde(aq) + NADH(aq),Backlin K.-I.; Acta Chem. Scand.; 12 1279 (1958).,58BAC_14, , ,293.15,9.0,0.00807, ,spectrophotometry,phosphate,mol/L;IS=0.1  ,1.1.1.1, ,0.0 NaCl,0.1, , 
938,1048.0,2923.0,alcohol dehydrogenase,kegg:C00469 + kegg:C00003 = kegg:C00084 + kegg:C00004,CHB_15846 + CHB_16236 = CHB_15343 + CHB_16908,ethanol(aq) + NAD(aq) = acetaldehyde(aq) + NADH(aq),Backlin K.-I.; Acta Chem. Scand.; 12 1279 (1958).,58BAC_14, , ,298.15,7.0,9.77E-05, ,spectrophotometry,phosphate,mol/L;IS=0.1  ,1.1.1.1, ,0.0 NaCl,0.1, , 
939,1053.0,2937.0,alcohol dehydrogenase,kegg:C00469 + kegg:C00003 = kegg:C00084 + kegg:C00004,CHB_15846 + CHB_16236 = CHB_15343 + CHB_16908,ethanol(aq) + NAD(aq) = acetaldehyde(aq) + NADH(aq),Backlin K.-I.; Acta Chem. Scand.; 12 1279 (1958).,58BAC_14, , ,298.15,8.0,0.000966, ,spectrophotometry,phosphate,mol/L;IS=0.1  ,1.1.1.1, ,0.0 NaCl,0.1, , 
940,1058.0,2932.0,alcohol dehydrogenase,kegg:C00469 + kegg:C00003 = kegg:C00084 + kegg:C00004,CHB_15846 + CHB_16236 = CHB_15343 + CHB_16908,ethanol(aq) + NAD(aq) = acetaldehyde(aq) + NADH(aq),Backlin K.-I.; Acta Chem. Scand.; 12 1279 (1958).,58BAC_14, , ,298.15,9.0,0.00972, ,spectrophotometry,phosphate,mol/L;IS=0.1  ,1.1.1.1, ,0.0 NaCl,0.1, , 
941,1049.0,2924.0,alcohol dehydrogenase,kegg:C00469 + kegg:C00003 = kegg:C00084 + kegg:C00004,CHB_15846 + CHB_16236 = CHB_15343 + CHB_16908,ethanol(aq) + NAD(aq) = acetaldehyde(aq) + NADH(aq),Backlin K.-I.; Acta Chem. Scand.; 12 1279 (1958).,58BAC_14, , ,303.15,7.0,0.0001202, ,spectrophotometry,phosphate,mol/L;IS=0.1  ,1.1.1.1, ,0.0 NaCl,0.1, , 
942,1054.0,2928.0,alcohol dehydrogenase,kegg:C00469 + kegg:C00003 = kegg:C00084 + kegg:C00004,CHB_15846 + CHB_16236 = CHB_15343 + CHB_16908,ethanol(aq) + NAD(aq) = acetaldehyde(aq) + NADH(aq),Backlin K.-I.; Acta Chem. Scand.; 12 1279 (1958).,58BAC_14, , ,303.15,8.0,0.001175, ,spectrophotometry,phosphate,mol/L;IS=0.1  ,1.1.1.1, ,0.0 NaCl,0.1, , 
943,1059.0,2938.0,alcohol dehydrogenase,kegg:C00469 + kegg:C00003 = kegg:C00084 + kegg:C00004,CHB_15846 + CHB_16236 = CHB_15343 + CHB_16908,ethanol(aq) + NAD(aq) = acetaldehyde(aq) + NADH(aq),Backlin K.-I.; Acta Chem. Scand.; 12 1279 (1958).,58BAC_14, , ,303.15,9.0,0.012, ,spectrophotometry,phosphate,mol/L;IS=0.1  ,1.1.1.1, ,0.0 NaCl,0.1, , 
944,1050.0,2925.0,alcohol dehydrogenase,kegg:C00469 + kegg:C00003 = kegg:C00084 + kegg:C00004,CHB_15846 + CHB_16236 = CHB_15343 + CHB_16908,ethanol(aq) + NAD(aq) = acetaldehyde(aq) + NADH(aq),Backlin K.-I.; Acta Chem. Scand.; 12 1279 (1958).,58BAC_14, , ,308.15,7.0,0.0001445, ,spectrophotometry,phosphate,mol/L;IS=0.1  ,1.1.1.1, ,0.0 NaCl,0.1, , 
945,1055.0,2929.0,alcohol dehydrogenase,kegg:C00469 + kegg:C00003 = kegg:C00084 + kegg:C00004,CHB_15846 + CHB_16236 = CHB_15343 + CHB_16908,ethanol(aq) + NAD(aq) = acetaldehyde(aq) + NADH(aq),Backlin K.-I.; Acta Chem. Scand.; 12 1279 (1958).,58BAC_14, , ,308.15,8.0,0.001413, ,spectrophotometry,phosphate,mol/L;IS=0.1  ,1.1.1.1, ,0.0 NaCl,0.1, , 
946,1060.0,2933.0,alcohol dehydrogenase,kegg:C00469 + kegg:C00003 = kegg:C00084 + kegg:C00004,CHB_15846 + CHB_16236 = CHB_15343 + CHB_16908,ethanol(aq) + NAD(aq) = acetaldehyde(aq) + NADH(aq),Backlin K.-I.; Acta Chem. Scand.; 12 1279 (1958).,58BAC_14, , ,308.15,9.0,0.01454, ,spectrophotometry,phosphate,mol/L;IS=0.1  ,1.1.1.1, ,0.0 NaCl,0.1, , 
947,1062.0,2208.0,ribose-5-phosphate isomerase,kegg:C00117 = kegg:C00199,CHB_52742 = CHB_17363,D-ribose 5-phosphate(aq) = D-ribulose 5-phosphate(aq),Bruns F.H.; Noltmann E.; Vahlhaus E.; Biochem. Z.; 330 483 (1958).,58BRU/NOL_1334,13596391.0, ,273.15,7.5,0.31, ,spectrophotometry,Tris,   ,5.3.1.6, , , , , 
948,1061.0,2207.0,ribose-5-phosphate isomerase,kegg:C00117 = kegg:C00199,CHB_52742 = CHB_17363,D-ribose 5-phosphate(aq) = D-ribulose 5-phosphate(aq),Bruns F.H.; Noltmann E.; Vahlhaus E.; Biochem. Z.; 330 483 (1958).,58BRU/NOL_1334,13596391.0, ,310.15,7.5,0.28, ,spectrophotometry,Tris,   ,5.3.1.6, , , , , 
949,1063.0,216.0,L-ribulose-phosphate 4-epimerase,kegg:C01101 = kegg:C00231,CHB_17666 = CHB_16332,L-ribulose 5-phosphate(aq) = D-xylulose 5-phosphate(aq),Burma D.P.; Horecker B.L.; J. Biol. Chem.; 231 1053 (1958).,58BUR/HOR_1264,13539036.0, ,310.15,7.0,1.2, ,enzymatic assay,Tris (0.042 mol dm-3),mol/L;Tris=0.042  ,5.1.3.4, , , , , 
950,, ,"a,a-trehalose-phosphate synthase (UDP-forming)", , ,"UDPglucose(aq) + D-glucose 6-phosphate(aq) = UDP(aq) + Î±,Î±-trehalose 6-phosphate(aq)",Cabib E.; Leloir L.F.; J. Biol. Chem.; 231 259 (1958).,58CAB/LEL_432,13538966.0, ,310.15,6.1,40, ,enzymatic assay and spectrophotometry, , ,2.4.1.15, , , , , 
951,1066,4052.0,ribitol dehydrogenase,kegg:C00474 + kegg:C00003 = kegg:C00309 + kegg:C00004,CHB_15846 + CHB_15963 = CHB_16908 + CHB_28552,ribitol(aq) + NAD(aq) = D-ribulose(aq) + NADH(aq),Fromm H.J.; J. Biol. Chem.; 233 1049 (1958).,58FRO2_187,13598730.0, ,310.15,7.4,0.0031, ,spectrophotometry,Tris (0.1 mol dm-3) + HCl,mol/L;Tris=0.43 _ nan _ ,1.1.1.56, , ,, , 
952,,4050.0,ribitol dehydrogenase,kegg:C00474 + kegg:C00003 = kegg:C00309 + kegg:C00004, ,ribitol(aq) + NAD(aq) = D-ribulose(aq) + NADH(aq),Fromm H.J.; J. Biol. Chem.; 233 1049 (1958).,58FRO2_187,13598730.0, ,310.15,8.0,0.0096, ,spectrophotometry,Tris (0.1 mol dm-3) + HCl, ,1.1.1.56, , , , , 
953,,4051.0,ribitol dehydrogenase,kegg:C00474 + kegg:C00003 = kegg:C00309 + kegg:C00004, ,ribitol(aq) + NAD(aq) = D-ribulose(aq) + NADH(aq),Fromm H.J.; J. Biol. Chem.; 233 1049 (1958).,58FRO2_187,13598730.0, ,310.15,8.5,0.07, ,spectrophotometry,Tris (0.1 mol dm-3) + HCl, ,1.1.1.56, , , , , 
954,1065.0,1232.0,adenylosuccinate synthase,kegg:C00044 + kegg:C00130 + kegg:C00049 = kegg:C00035 + kegg:C00009 + kegg:C03794,CHB_15996 + CHB_17202 + CHB_29991 = CHB_15919 + CHB_17552 + CHB_26078,GTP(aq) + IMP(aq) + L-aspartate(aq) = GDP(aq) + phosphate(aq) + adenylosuccinate(aq),Fromm H.J.; Biochim. Biophys. Acta; 29 255 (1958).,58FRO_1443, , ,310.15,8.0,2.9, ,spectrophotometry,glycine (0.071 mol dm-3),mol/L;glycine=0.071;(Mg)1(SO4)1=0.018;GTP=0.0034;IMP=0.00007;L-aspartate=0.00112;adenylosuccinate=0.00066;GDP=0.00097;orthophosphate=0.00122  ,6.3.4.4, , , , , 
955,1069.0,2660.0,L-arabinose isomerase,kegg:C00259 = kegg:C00508,CHB_17535 = MAN_10208,L-arabinose(aq) = L-ribulose(aq),Heath E.C.; Horecker B.L.; Smyrniotis P.Z.; Takagi Y.; J. Biol. Chem.; 231 1031 (1958).,58HEA/HOR_1297,13539034.0, ,298.15,7.0,0.11, ,polarimetry,triethanolamine (0.10 mol dm-3),mol/L;Tris=0.1  ,5.3.1.4, , , , , 
956,1070.0,2658.0,L-arabinose isomerase,kegg:C00259 = kegg:C00508,CHB_17535 = MAN_10208,L-arabinose(aq) = L-ribulose(aq),Heath E.C.; Horecker B.L.; Smyrniotis P.Z.; Takagi Y.; J. Biol. Chem.; 231 1031 (1958).,58HEA/HOR_1297,13539034.0, ,310.15,7.0,0.16, ,polarimetry,triethanolamine (0.10 mol dm-3),mol/L;Tris=0.1  ,5.3.1.4, , , , , 
957,1071.0,2659.0,L-arabinose isomerase,kegg:C00259 = kegg:C00508,CHB_17535 = MAN_10208,L-arabinose(aq) = L-ribulose(aq),Heath E.C.; Horecker B.L.; Smyrniotis P.Z.; Takagi Y.; J. Biol. Chem.; 231 1031 (1958).,58HEA/HOR_1297,13539034.0, ,326.15,7.0,0.19, ,polarimetry,triethanolamine (0.10 mol dm-3),mol/L;Tris=0.1  ,5.3.1.4, , , , , 
958,1075.0,4240.0,estradiol 17_-dehydrogenase,kegg:C00951 + kegg:C00003 = kegg:C00468 + kegg:C00004,CHB_15846 + CHB_16469 = CHB_16908 + CHB_17263,estradiol-17Î²(aq) + NAD(aq) = estrone(aq) + NADH(aq),Langer L.J.; Engel L.L.; J. Biol. Chem.; 233 583 (1958).,58LAN/ENG_194,13575417.0, ,298.15,10.0,180, ,spectrophotometry,phosphate Tris and carbonate/bicarbonate,mol/L;sodium bicarbonate buffer=0.3  ,1.1.1.62, , , , , 
959,1072.0,4237.0,estradiol 17_-dehydrogenase,kegg:C00951 + kegg:C00003 = kegg:C00468 + kegg:C00004,CHB_15846 + CHB_16469 = CHB_16908 + CHB_17263,estradiol-17Î²(aq) + NAD(aq) = estrone(aq) + NADH(aq),Langer L.J.; Engel L.L.; J. Biol. Chem.; 233 583 (1958).,58LAN/ENG_194,13575417.0, ,298.15,7.0,0.18, ,spectrophotometry,phosphate Tris and carbonate/bicarbonate,mol/L;potassium phosphate buffer=0.3  ,1.1.1.62, , , , , 
960,1073.0,4239.0,estradiol 17_-dehydrogenase,kegg:C00951 + kegg:C00003 = kegg:C00468 + kegg:C00004,CHB_15846 + CHB_16469 = CHB_16908 + CHB_17263,estradiol-17Î²(aq) + NAD(aq) = estrone(aq) + NADH(aq),Langer L.J.; Engel L.L.; J. Biol. Chem.; 233 583 (1958).,58LAN/ENG_194,13575417.0, ,298.15,8.0,1.8, ,spectrophotometry,phosphate Tris and carbonate/bicarbonate,mol/L;Tris buffer=0.3  ,1.1.1.62, , , , , 
961,1074.0,4238.0,estradiol 17_-dehydrogenase,kegg:C00951 + kegg:C00003 = kegg:C00468 + kegg:C00004,CHB_15846 + CHB_16469 = CHB_16908 + CHB_17263,estradiol-17Î²(aq) + NAD(aq) = estrone(aq) + NADH(aq),Langer L.J.; Engel L.L.; J. Biol. Chem.; 233 583 (1958).,58LAN/ENG_194,13575417.0, ,298.15,9.0,18, ,spectrophotometry,phosphate Tris and carbonate/bicarbonate,mol/L;sodium bicarbonate buffer=0.3  ,1.1.1.62, , , , , 
962,1076.0,3313.0,cytidylate kinase,kegg:C00002 + kegg:C00239 = kegg:C00008 + kegg:C00705,CHB_15422 + CHB_15918 = CHB_16761 + CHB_28846,ATP(aq) + dCMP(aq) = ADP(aq) + dCDP(aq),Maley F.; Ochoa S.; J. Biol. Chem.; 233 1538 (1958).,58MAL/OCH_673,13610869.0, ,303.15,7.5,1.49, ,spectrophotometry,Tris (0.1 mol dm-3) + HCl,mol/L;Tris=0.1;(Mg)1(Cl)2=0.02;ATP=0.00546;dCMP=0.00201;ADP=0.00424;dCDP=0.0038  ,2.7.4.14, , , , , 
963,1078.0,174.0,mannose-6-phosphate isomerase,kegg:C00275 = kegg:C00085,CHB_43896 = CHB_61553,D-mannose 6-phosphate(aq) = D-fructose 6-phosphate(aq),Noltmann E.; Bruns F.H.; Biochem. Z.; 330 514 (1958).,58NOL/BRU_1346, , ,310.15,5.9,1.8, ,spectrophotometry,acetate,   ,5.3.1.8, , , , , 
964,1077.0,507.0,glucose-6-phosphate isomerase,kegg:C00092 = kegg:C00085,CHB_4170 = CHB_61553,D-glucose 6-phosphate(aq) = D-fructose 6-phosphate(aq),Noltmann E.; Bruns F.H.; Biochem. Z.; 330 514 (1958).,58NOL/BRU_1353,13596394.0, ,310.15,7.5,0.67, ,spectrophotometry,barbital,   ,5.3.1.9, , , , , 
965,1079.0,1241.0,sulfate adenylyltransferase,kegg:C00002 + kegg:C00059 = kegg:C00224 + kegg:C00013,CHB_15422 + CHB_16189 = CHB_17709 + CHB_18361,ATP(aq) + sulfate(aq) = adenosine 5'-phosphosulfate(aq) + pyrophosphate(aq),Robbins P.W.; Lipmann F.; J. Biol. Chem.; 233 686 (1958).,58ROB/LIP_678,13575437.0, ,310.15,8.0,1.10E-08, , ,Tris (0.1 mol dm-3) + HCl,mol/L;Tris-HCl=0.1;ATP=0.01;(K)2(SO4)1=0.02;(Mg)1(Cl)2=0.005;adenosine 5'-phosphosulfate=0.000025;pyrophosphate=0.000025;sulfate=0  ,2.7.7.4, , , , , 
966,1081.0,3897.0,ribulose-phosphate 3-epimerase,kegg:C00199 = kegg:C00231,CHB_17363 = CHB_16332,D-ribulose 5-phosphate(aq) = D-xylulose 5-phosphate(aq),Tabachnick M.; Srere P.A.; Cooper J.; Racker E.; Arch. Biochem. Biophys.; 74 315 (1958).,58TAB/SRE_1247, , ,310.15,7.5,3, ,enzymatic assay and spectrophotometry,glycylglycine (0.056 mol dm-3),mol/L;glycylglycine buffer=0.056;D-xylulose 5-phosphate=0.0167283;D-ribulose 5-phosphate=0.00549393  ,5.1.3.1, , , , , 
967,1080.0,3885.0,ribose-5-phosphate isomerase,kegg:C00117 = kegg:C00199,CHB_52742 = CHB_17363,D-ribose 5-phosphate(aq) = D-ribulose 5-phosphate(aq),Tabachnick M.; Srere P.A.; Cooper J.; Racker E.; Arch. Biochem. Biophys.; 74 315 (1958).,58TAB/SRE_1335,13534662.0,10.1016/0003-9861(58)90003-1,310.15,7.5,0.32, ,enzymatic assay and spectrophotometry,glycylglycine (0.056 mol dm-3),mol/L;glycylglycine buffer=0.056;D-ribose 5-phosphate=0.0168755;D-ribulose 5-phosphate=0.00534676  ,5.3.1.6, , , , , 
968,1085.0,3027.0,UTP-glucose-1-phosphate uridylyltransferase,kegg:C00075 + kegg:C00103 = kegg:C00013 + kegg:C00029,CHB_15713 + CHB_16077 = CHB_18066 + CHB_18361,UTP(aq) + Î±-D-glucose 1-phosphate(aq) = pyrophosphate(aq) + UDPglucose(aq),Turner D.H.; Turner J.F.; Biochem. J.; 69 448 (1958).,58TUR/TUR_684,13560389.0,10.1042/bj0690448,303.15,7.0,0.286, ,chromatography and spectrophotometry,Tris (0.2 mol dm-3) + HCl,2.6 = -log[Mg+2] _ mol/L;Tris-HCl=0.2;(Na)1=0.0368;pyrophosphate=0.0092;D-glucose 1-phosphate=0.0268;UDPglucose=0.002;(Mg)1(Cl)2=0.0025;UTP=0 _ MgCl2 (0.0025 mol/L) _ ,2.7.7.9, ,0.0025 MgCl2, , , 
969,1084.0,3026.0,UTP-glucose-1-phosphate uridylyltransferase,kegg:C00075 + kegg:C00103 = kegg:C00013 + kegg:C00029,CHB_15713 + CHB_16077 = CHB_18066 + CHB_18361,UTP(aq) + Î±-D-glucose 1-phosphate(aq) = pyrophosphate(aq) + UDPglucose(aq),Turner D.H.; Turner J.F.; Biochem. J.; 69 448 (1958).,58TUR/TUR_684,13560389.0,10.1042/bj0690448,303.15,7.9,0.119, ,chromatography and spectrophotometry,Tris (0.2 mol dm-3) + HCl,2.6 = -log[Mg+2] _ mol/L;Tris-HCl=0.2;(Na)1=0.0368;pyrophosphate=0.0092;D-glucose 1-phosphate=0.0268;UDPglucose=0.002;(Mg)1(Cl)2=0.0025;UTP=0 _ MgCl2 (0.0025 mol/L) _ ,2.7.7.9, ,0.0025 MgCl2, , , 
970,1083.0,3028.0,UTP-glucose-1-phosphate uridylyltransferase,kegg:C00075 + kegg:C00103 = kegg:C00013 + kegg:C00029,CHB_15713 + CHB_16077 = CHB_18066 + CHB_18361,UTP(aq) + Î±-D-glucose 1-phosphate(aq) = pyrophosphate(aq) + UDPglucose(aq),Turner D.H.; Turner J.F.; Biochem. J.; 69 448 (1958).,58TUR/TUR_684,13560389.0,10.1042/bj0690448,303.15,7.9,0.139, ,chromatography and spectrophotometry,Tris (0.2 mol dm-3) + HCl,2.3 = -log[Mg+2] _ mol/L;Tris-HCl=0.2;(Na)1=0.0368;pyrophosphate=0.0092;D-glucose 1-phosphate=0.0268;UDPglucose=0.002;(Mg)1(Cl)2=0.005;UTP=0 _ MgCl2 (0.005 mol/L) _ ,2.7.7.9, ,0.005 MgCl2, , , 
971,1082.0,3029.0,UTP-glucose-1-phosphate uridylyltransferase,kegg:C00075 + kegg:C00103 = kegg:C00013 + kegg:C00029,CHB_15713 + CHB_16077 = CHB_18066 + CHB_18361,UTP(aq) + Î±-D-glucose 1-phosphate(aq) = pyrophosphate(aq) + UDPglucose(aq),Turner D.H.; Turner J.F.; Biochem. J.; 69 448 (1958).,58TUR/TUR_684,13560389.0,10.1042/bj0690448,303.15,7.9,0.263, ,chromatography and spectrophotometry,Tris (0.2 mol dm-3) + HCl,2.0 = -log[Mg+2] _ mol/L;Tris-HCl=0.2;(Na)1=0.0368;pyrophosphate=0.0092;D-glucose 1-phosphate=0.0268;UDPglucose=0.002;(Mg)1(Cl)2=0.01;UTP=0 _ MgCl2 (0.01 mol/L) _ ,2.7.7.9, ,0.01 MgCl2, , , 
972,1086.0,3809.0,sulfate adenylyltransferase and inorganic pyrophosphatase,kegg:C00002 + kegg:C00059 + kegg:C00001 = kegg:C00224 + 2 kegg:C00009,CHB_15377 + CHB_15422 + CHB_16189 = CHB_17709 + 2 CHB_26078,ATP(aq) + sulfate(aq) + H2O(l) = adenylyl sulfate(aq) + 2 orthophosphate(aq),Wilson L.G.; Bandurski R.S.; J. Biol. Chem.; 233 975 (1958).,58WIL/BAN_1068, , ,303.15,7.5,6.00E-07, ,chemical analysis and radioactivity,Tris (0.02 mol dm-3) + HCl,mol/L;ATP=0.01;(Na)2=0.04;sulfate=0.02;(Mg)1(Cl)2=0.002;Tris-HCl=0.1;EDTA=0.0006;orthophosphate=0;adenosine 5'-phosphosulfate=0  ,2.7.7.4 & 2.7.7.4 & 3.6.1.1 & 3.6.1.1, , , , , 
973,1088.0, ,sulfate adenylyltransferase, ,CHB_15422 + CHB_16189 = CHB_17709 + CHB_18361,ATP(aq) + sulfate(aq) = adenosine 5'-phosphosulfate(aq) + pyrophosphate(aq)  This is an approximate result.,Wilson L.G.; Bandurski R.S.; J. Biol. Chem.; 233 975 (1958).,58WIL/BAN_679, , ,303.15,7.5,4.00E-08, ,chemical analysis and radioactivity,Tris (0.02 mol dm-3) + HCl,mol/L;ATP=0.01;(Na)2=0.04;sulfate=0.02;(Mg)1(Cl)2=0.002;Tris-HCl=0.1;EDTA=0.0006;adenosine 5'-phosphosulfate=0;pyrophosphate=0  ,2.7.7.4, , , , , 
974,1087.0,2578.0,sulfate adenylyltransferase and inorganic pyrophosphatase,kegg:C00002 + kegg:C00059 + kegg:C00001 = 2 kegg:C00009 + kegg:C00224, ,ATP(aq) + sulfate(aq) + H2O(l) = 2 orthophosphate(aq) + adenosine 5'-phosphosulfate(aq),Wilson L.G.; Bandurski R.S.; J. Biol. Chem.; 233 975 (1958).,58WIL/BAN_681,13587526.0, ,303.15,7.5,6.00E-07, ,chemical analysis and radioactivity,Tris (0.02 mol dm-3) + HCl,   ,2.7.7.4 & 2.7.7.4 & 3.6.1.1 & 3.6.1.1, , , , , 
975,1089.0,2383.0,L-ribulose-phosphate 4-epimerase,kegg:C01101 = kegg:C00231,CHB_17666 = CHB_16332,L-ribulose 5-phosphate(aq) = D-xylulose 5-phosphate(aq),Wolin M.J.; Simpson F.J.; Wood W.A.; J. Biol. Chem.; 232 559 (1958).,58WOL/SIM_1265,13549442.0, ,297.15,8.4,1.86, ,enzymatic assay,glycylglycine (0.1 mol dm-3),mol/L;glycylglycine buffer=0.2;D-xylulose 5-phosphate=0.13;L-ribulose 5-phosphate=0.07  ,5.1.3.4, , , , , 
976,1099.0,3888.0,glycerol-3-phosphate dehydrogenase (NAD+),kegg:C00093 + kegg:C00003 = kegg:C00111 + kegg:C00004,CHB_15846 + CHB_15978 = CHB_16108 + CHB_16908,sn-glycerol 3-phosphate + NAD(aq) = dihydroxyacetone phosphate(aq) + NADH(aq),Young H.L.; Pace N.; Arch. Biochem. Biophys.; 75 125 (1958).,58YOU/PAC_45,13534693.0,10.1016/0003-9861(58)90403-x,282.95,7.0,9.62E-05, ,spectrophotometry,phosphate (0.2 mol dm-3),mol/L;phosphate buffer=0.2  ,1.1.1.8, , , , , 
977,1098.0,3892.0,glycerol-3-phosphate dehydrogenase (NAD+),kegg:C00093 + kegg:C00003 = kegg:C00111 + kegg:C00004,CHB_15846 + CHB_15978 = CHB_16108 + CHB_16908,sn-glycerol 3-phosphate + NAD(aq) = dihydroxyacetone phosphate(aq) + NADH(aq),Young H.L.; Pace N.; Arch. Biochem. Biophys.; 75 125 (1958).,58YOU/PAC_45,13534693.0,10.1016/0003-9861(58)90403-x,294.58,7.0,7.15E-05, ,spectrophotometry,phosphate (0.2 mol dm-3),mol/L;phosphate buffer=0.2  ,1.1.1.8, , , , , 
978,1097.0,3894.0,glycerol-3-phosphate dehydrogenase (NAD+),kegg:C00093 + kegg:C00003 = kegg:C00111 + kegg:C00004,CHB_15846 + CHB_15978 = CHB_16108 + CHB_16908,sn-glycerol 3-phosphate + NAD(aq) = dihydroxyacetone phosphate(aq) + NADH(aq),Young H.L.; Pace N.; Arch. Biochem. Biophys.; 75 125 (1958).,58YOU/PAC_45,13534693.0,10.1016/0003-9861(58)90403-x,295.26,7.0,6.64E-05, ,spectrophotometry,phosphate (0.2 mol dm-3),mol/L;phosphate buffer=0.2  ,1.1.1.8, , , , , 
979,,3889.0,glycerol-3-phosphate dehydrogenase (NAD+),kegg:C00093 + kegg:C00003 = kegg:C00111 + kegg:C00004, ,sn-glycerol 3-phosphate + NAD(aq) = dihydroxyacetone phosphate(aq) + NADH(aq),Young H.L.; Pace N.; Arch. Biochem. Biophys.; 75 125 (1958).,58YOU/PAC_45,13534693.0,10.1016/0003-9861(58)90403-x,297.65,7.0,5.80E-05, ,spectrophotometry,phosphate (0.2 mol dm-3), ,1.1.1.8, , , , , 
980,1096.0,3890.0,glycerol-3-phosphate dehydrogenase (NAD+),kegg:C00093 + kegg:C00003 = kegg:C00111 + kegg:C00004,CHB_15846 + CHB_15978 = CHB_16108 + CHB_16908,sn-glycerol 3-phosphate + NAD(aq) = dihydroxyacetone phosphate(aq) + NADH(aq),Young H.L.; Pace N.; Arch. Biochem. Biophys.; 75 125 (1958).,58YOU/PAC_45,13534693.0,10.1016/0003-9861(58)90403-x,298.28,7.0,5.59E-05, ,spectrophotometry,phosphate (0.2 mol dm-3),mol/L;phosphate buffer=0.2  ,1.1.1.8, , , , , 
981,1095.0,3893.0,glycerol-3-phosphate dehydrogenase (NAD+),kegg:C00093 + kegg:C00003 = kegg:C00111 + kegg:C00004,CHB_15846 + CHB_15978 = CHB_16108 + CHB_16908,sn-glycerol 3-phosphate + NAD(aq) = dihydroxyacetone phosphate(aq) + NADH(aq),Young H.L.; Pace N.; Arch. Biochem. Biophys.; 75 125 (1958).,58YOU/PAC_45,13534693.0,10.1016/0003-9861(58)90403-x,301.06,7.0,5.34E-05, ,spectrophotometry,phosphate (0.2 mol dm-3),mol/L;phosphate buffer=0.2  ,1.1.1.8, , , , , 
982,1094.0,3891.0,glycerol-3-phosphate dehydrogenase (NAD+),kegg:C00093 + kegg:C00003 = kegg:C00111 + kegg:C00004,CHB_15846 + CHB_15978 = CHB_16108 + CHB_16908,sn-glycerol 3-phosphate + NAD(aq) = dihydroxyacetone phosphate(aq) + NADH(aq),Young H.L.; Pace N.; Arch. Biochem. Biophys.; 75 125 (1958).,58YOU/PAC_45,13534693.0,10.1016/0003-9861(58)90403-x,309.7,7.0,3.07E-05, ,spectrophotometry,phosphate (0.2 mol dm-3),mol/L;phosphate buffer=0.2  ,1.1.1.8, , , , , 
983,1100.0,2757.0,cellobiose phosphorylase,kegg:C00185 + kegg:C00009 = kegg:C00031 + kegg:C00103,CHB_17057 + CHB_26078 = CHB_16077 + CHB_4167,cellobiose(aq) + orthophosphate(aq) = D-glucose(aq) + Î±-D-glucose 1-phosphate(aq),"Alexander J. K.; ""Studies on a Purified Cellobiose Phosphorylase""; Thesis Montana State College (1959).",59ALE_443, , ,310.15,7.0,0.23, ,enzymatic assay,barbital acetate (0.01 mol dm-3),mol/L;barbital acetate buffer=0.00357  ,2.4.1.20, , , , , 
984,1101.0,4509.0,phosphoglucomutase,kegg:C00103 = kegg:C00092,CHB_16077 = CHB_4170,Î±-D-glucose 1-phosphate(aq) = Î±-D-glucose 6-phosphate(aq),Atkinson M.R.; Johnson E.; Morton R.K.; Nature; 184 1925 (1959).,59ATK/JOH_1402, , ,298.15,7.0,17, ,enzymatic assay and spectrophotometry,NaOH + HCl,mol/L;(Mg)1(Cl)2=0.025;D-glucose 6-phosphate=0.00943;D-glucose 1-phosphate=0.000593333  ,5.4.2.2, , , , , 
985,1103.0,979.0,methylaspartate ammonia-lyase,kegg:C03618 = kegg:C01732 + kegg:C00014,CHB_47980 = CHB_16134 + CHB_36986,L-threo-3-methylaspartate(aq) = 2-methylfumarate(aq) + ammonia(aq),Barker H.A.; Smyth R.D.; Wilson R.M.; Weissbach H.; J. Biol. Chem.; 234 320 (1959).,59BAR/SMY_1214,13630903.0, ,298.15,7.9,0.238, ,spectrophotometry,{Tris (0.05 mol dm-3) + HCl} and ethanolamine (0.05 mol dm-3),mol/L;Tris-HCl=0.05;(K)1(Cl)1=0.01;(Mg)1(Cl)2=0.001;L-threo-3-methylaspartate=0.00007475;2-methylfumarate=0.00012425;ammonia=0.15;(SO4)1=0.075  ,4.3.1.2, , , , , 
986,1102.0,980.0,methylaspartate ammonia-lyase,kegg:C03618 = kegg:C01732 + kegg:C00014,CHB_47980 = CHB_16134 + CHB_36986,L-threo-3-methylaspartate(aq) = 2-methylfumarate(aq) + ammonia(aq),Barker H.A.; Smyth R.D.; Wilson R.M.; Weissbach H.; J. Biol. Chem.; 234 320 (1959).,59BAR/SMY_1214,13630903.0, ,298.15,9.7,0.306, ,spectrophotometry,{Tris (0.05 mol dm-3) + HCl} and ethanolamine (0.05 mol dm-3),mol/L;ethanolamine chloride=0.05;(K)1(Cl)1=0.01;(Mg)1(Cl)2=0.001;L-threo-3-methylaspartate=0.000048375;2-methylfumarate=0.000150625;ammonia=0.1058;(SO4)1=0.0529  ,4.3.1.2, , , , , 
987,1104.0,2409.0,glutaminase,kegg:C00064 + kegg:C00001 = kegg:C00025 + kegg:C00014,CHB_15377 + CHB_18050 = CHB_16134 + CHB_29985,L-glutamine(aq) + H2O(l) = L-glutamate(aq) + ammonia(aq),Benzinger T.H.; Kitzinger C.; Hems R.; Burton K.; Biochem. J.; 71 400 (1959).,59BEN/KIT_990,13628584.0,10.1042/bj0710400,298.15,5.5,896, ,calorimetry, ,mol/L;ammonia=0.517333333;L-glutamate=0.517333333  ,3.5.1.2, , , , , 
988,1105,2572.0,transaldolase,kegg:C00095 + kegg:C00118 = kegg:C00085 + kegg:C00577,CHB_29052 + CHB_37721 = CHB_17378 + CHB_61553,D-fructose(aq) + D-glyceraldehyde-3-phosphate(aq) = D-fructose 6-phosphate(aq) + D-glyceraldehyde(aq),Bonsignore A.; Pontremoli S.; Grazi E.; Mangiarotti M.; Biochem. Biophys. Res. Commun.; 1 79 (1959).,59BON/PON_370, , ,303.15,7.6,0.27, ,enzymatic assay,triethanolamine (0.02 mol dm-3),mol/L;triethanolamine=0.02;EDTA=0.005;D-fructose 6-phosphate=0.001145;D-glyceraldehyde-3-phosphate=0.0024 _ nan _ ,2.2.1.2, , ,, , 
989,1106.0,1539.0,adenylate kinase,2 kegg:C00008 = kegg:C00020 + kegg:C00002,2 CHB_16761 = CHB_15422 + CHB_16027,2 ADP(aq) = AMP(aq) + ATP(aq),Callaghan O.H.; Weber G.; Biochem. J.; 73 473 (1959).,59CAL/WEB_639,13806976.0,10.1042/bj0730473,303.15,7.5,0.42, ,chromatography,Tris (0.020 mol dm-3) + HCl,mol/L;Tris-HCl=0.02;(Mg)1(Cl)2=0.0015;ADP=0.00175;AMP=0.00115;ATP=0.00113333  ,2.7.4.3, , , , , 
990,1107.0,4080.0,phosphoglycerate mutase,kegg:C00631 = kegg:C00197,CHB_17835 = CHB_17794,2-phospho-D-glycerate(aq) = 3-phospho-D-glycerate(aq),Chiba H.; Sugimoto E.; Bull. Agric. Chem. Soc. Jpn.; 23 207 (1959).,59CHI/SUG_1391, , ,298.15,5.0,4.9, ,polarimetry,acetate,mol/L;acetate buffer=0.1;2-phospho-D-glycerate=0.00464156;3-phospho-D-glycerate=0.02275844  ,5.4.2.1, , , , , 
991,1108.0,4077.0,phosphoglycerate mutase,kegg:C00631 = kegg:C00197,CHB_17835 = CHB_17794,2-phospho-D-glycerate(aq) = 3-phospho-D-glycerate(aq),Chiba H.; Sugimoto E.; Bull. Agric. Chem. Soc. Jpn.; 23 207 (1959).,59CHI/SUG_1391, , ,298.15,5.4,5.3, ,polarimetry,acetate,mol/L;acetate buffer=0.1;2-phospho-D-glycerate=0.00434564;3-phospho-D-glycerate=0.02305436  ,5.4.2.1, , , , , 
992,1109.0,4081.0,phosphoglycerate mutase,kegg:C00631 = kegg:C00197,CHB_17835 = CHB_17794,2-phospho-D-glycerate(aq) = 3-phospho-D-glycerate(aq),Chiba H.; Sugimoto E.; Bull. Agric. Chem. Soc. Jpn.; 23 207 (1959).,59CHI/SUG_1391, , ,298.15,5.9,5.35, ,polarimetry,acetate,mol/L;acetate buffer=0.1;2-phospho-D-glycerate=0.0043155;3-phospho-D-glycerate=0.0230845  ,5.4.2.1, , , , , 
993,1110.0,4078.0,phosphoglycerate mutase,kegg:C00631 = kegg:C00197,CHB_17835 = CHB_17794,2-phospho-D-glycerate(aq) = 3-phospho-D-glycerate(aq),Chiba H.; Sugimoto E.; Bull. Agric. Chem. Soc. Jpn.; 23 207 (1959).,59CHI/SUG_1391, , ,298.15,6.5,5.1, ,polarimetry,acetate,mol/L;acetate buffer=0.1;2-phospho-D-glycerate=0.00448538;3-phospho-D-glycerate=0.02291462  ,5.4.2.1, , , , , 
994,1111.0,4079.0,phosphoglycerate mutase,kegg:C00631 = kegg:C00197,CHB_17835 = CHB_17794,2-phospho-D-glycerate(aq) = 3-phospho-D-glycerate(aq),Chiba H.; Sugimoto E.; Bull. Agric. Chem. Soc. Jpn.; 23 207 (1959).,59CHI/SUG_1391, , ,298.15,7.2,5.25, ,polarimetry,acetate,mol/L;acetate buffer=0.1;2-phospho-D-glycerate=0.004384;3-phospho-D-glycerate=0.023016  ,5.4.2.1, , , , , 
995,1115,748.0,gluconate 2-dehydrogenase,kegg:C00257 + kegg:C00006 = kegg:C06473 + kegg:C00005,CHB_18009 + CHB_18391 = CHB_16474 + CHB_27469,D-gluconate(aq) + NADP(aq) = 2-oxo-D-gluconate(aq) + NADPH(aq),De Ley J.; Defloor J.; Biochim. Biophys. Acta; 33 47 (1959).,59DEL/DEF_233, , ,293.15,6.98,0.000474, ,spectrophotometry,phosphate and (Tris + HCl),mol/L;Tris-HCl=0.02;D-gluconate=0.024966667 _ nan _ ,1.1.99.3, , ,, , 
996,1119,753.0,gluconate 2-dehydrogenase,kegg:C00257 + kegg:C00006 = kegg:C06473 + kegg:C00005,CHB_18009 + CHB_18391 = CHB_16474 + CHB_27469,D-gluconate(aq) + NADP(aq) = 2-oxo-D-gluconate(aq) + NADPH(aq),De Ley J.; Defloor J.; Biochim. Biophys. Acta; 33 47 (1959).,59DEL/DEF_233, , ,293.15,7.03,0.000723, ,spectrophotometry,phosphate and (Tris + HCl),mol/L;Tris-HCl=0.02;D-gluconate=0.0083 _ nan _ ,1.1.99.3, , ,, , 
997,1112.0,746.0,gluconate 2-dehydrogenase,kegg:C00257 + kegg:C00006 = kegg:C06473 + kegg:C00005,CHB_18009 + CHB_18391 = CHB_16474 + CHB_27469,D-gluconate(aq) + NADP(aq) = 2-oxo-D-gluconate(aq) + NADPH(aq),De Ley J.; Defloor J.; Biochim. Biophys. Acta; 33 47 (1959).,59DEL/DEF_233, , ,293.15,7.12,0.00082, ,spectrophotometry,phosphate and (Tris + HCl),mol/L;Tris-HCl=0.02;D-gluconate=0.016633333  ,1.1.99.3, , , , , 
998,1116.0,756.0,gluconate 2-dehydrogenase,kegg:C00257 + kegg:C00006 = kegg:C06473 + kegg:C00005,CHB_18009 + CHB_18391 = CHB_16474 + CHB_27469,D-gluconate(aq) + NADP(aq) = 2-oxo-D-gluconate(aq) + NADPH(aq),De Ley J.; Defloor J.; Biochim. Biophys. Acta; 33 47 (1959).,59DEL/DEF_233, , ,293.15,7.24,0.000637, ,spectrophotometry,phosphate and (Tris + HCl),mol/L;Tris-HCl=0.02;D-gluconate=0.024966667  ,1.1.99.3, , , , , 
999,1120,754.0,gluconate 2-dehydrogenase,kegg:C00257 + kegg:C00006 = kegg:C06473 + kegg:C00005,CHB_18009 + CHB_18391 = CHB_16474 + CHB_27469,D-gluconate(aq) + NADP(aq) = 2-oxo-D-gluconate(aq) + NADPH(aq),De Ley J.; Defloor J.; Biochim. Biophys. Acta; 33 47 (1959).,59DEL/DEF_233, , ,293.15,7.39,0.000922, ,spectrophotometry,phosphate and (Tris + HCl),mol/L;Tris-HCl=0.02;D-gluconate=0.0083 _ nan _ ,1.1.99.3, , ,, , 
1000,1117.0,749.0,gluconate 2-dehydrogenase,kegg:C00257 + kegg:C00006 = kegg:C06473 + kegg:C00005,CHB_18009 + CHB_18391 = CHB_16474 + CHB_27469,D-gluconate(aq) + NADP(aq) = 2-oxo-D-gluconate(aq) + NADPH(aq),De Ley J.; Defloor J.; Biochim. Biophys. Acta; 33 47 (1959).,59DEL/DEF_233, , ,293.15,7.79,0.00299, ,spectrophotometry,phosphate and (Tris + HCl),mol/L;Tris-HCl=0.02;D-gluconate=0.024966667  ,1.1.99.3, , , , , 
1001,1113.0,755.0,gluconate 2-dehydrogenase,kegg:C00257 + kegg:C00006 = kegg:C06473 + kegg:C00005,CHB_18009 + CHB_18391 = CHB_16474 + CHB_27469,D-gluconate(aq) + NADP(aq) = 2-oxo-D-gluconate(aq) + NADPH(aq),De Ley J.; Defloor J.; Biochim. Biophys. Acta; 33 47 (1959).,59DEL/DEF_233, , ,293.15,7.86,0.00337, ,spectrophotometry,phosphate and (Tris + HCl),mol/L;Tris-HCl=0.02;D-gluconate=0.0166  ,1.1.99.3, , , , , 
1002,1121.0,750.0,gluconate 2-dehydrogenase,kegg:C00257 + kegg:C00006 = kegg:C06473 + kegg:C00005,CHB_18009 + CHB_18391 = CHB_16474 + CHB_27469,D-gluconate(aq) + NADP(aq) = 2-oxo-D-gluconate(aq) + NADPH(aq),De Ley J.; Defloor J.; Biochim. Biophys. Acta; 33 47 (1959).,59DEL/DEF_233, , ,293.15,7.89,0.00339, ,spectrophotometry,phosphate and (Tris + HCl),mol/L;Tris-HCl=0.02;D-gluconate=0.0083  ,1.1.99.3, , , , , 
1003,1118.0,751.0,gluconate 2-dehydrogenase,kegg:C00257 + kegg:C00006 = kegg:C06473 + kegg:C00005,CHB_18009 + CHB_18391 = CHB_16474 + CHB_27469,D-gluconate(aq) + NADP(aq) = 2-oxo-D-gluconate(aq) + NADPH(aq),De Ley J.; Defloor J.; Biochim. Biophys. Acta; 33 47 (1959).,59DEL/DEF_233, , ,293.15,8.25,0.0128, ,spectrophotometry,phosphate and (Tris + HCl),mol/L;Tris-HCl=0.02;D-gluconate=0.024933333  ,1.1.99.3, , , , , 
1004,1114.0,747.0,gluconate 2-dehydrogenase,kegg:C00257 + kegg:C00006 = kegg:C06473 + kegg:C00005,CHB_18009 + CHB_18391 = CHB_16474 + CHB_27469,D-gluconate(aq) + NADP(aq) = 2-oxo-D-gluconate(aq) + NADPH(aq),De Ley J.; Defloor J.; Biochim. Biophys. Acta; 33 47 (1959).,59DEL/DEF_233, , ,293.15,8.31,0.0113, ,spectrophotometry,phosphate and (Tris + HCl),mol/L;Tris-HCl=0.02;D-gluconate=0.016566667  ,1.1.99.3, , , , , 
1005,1122.0,752.0,gluconate 2-dehydrogenase,kegg:C00257 + kegg:C00006 = kegg:C06473 + kegg:C00005,CHB_18009 + CHB_18391 = CHB_16474 + CHB_27469,D-gluconate(aq) + NADP(aq) = 2-oxo-D-gluconate(aq) + NADPH(aq),De Ley J.; Defloor J.; Biochim. Biophys. Acta; 33 47 (1959).,59DEL/DEF_233, , ,293.15,8.36,0.0116, ,spectrophotometry,phosphate and (Tris + HCl),mol/L;Tris-HCl=0.02;D-gluconate=0.0083  ,1.1.99.3, , , , , 
1006,1123.0,3066.0,3-hydroxypropionate dehydrogenase,kegg:C01013 + kegg:C00003 = kegg:C00222 + kegg:C00004,CHB_15846 + CHB_16510 = CHB_16908 + CHB_33190,3-hydroxypropanoate(aq) + NAD(aq) = 3-oxopropanoate(aq) + NADH(aq),Den H.; Robinson W.G.; Coon M.J.; J. Biol. Chem.; 234 1666  (1959).,59DEN/ROB_190,13672942.0, ,298.15,9.0,0.009, ,chromatography and spectrophotometry,pyrophosphate (0.017 mol dm-3),mol/L;pyrophosphate buffer=0.0167;3-hydroxypropanoate=0.0933;NAD=0.001;3-oxopropanoate=0;NADH=0  ,1.1.1.59, , , , , 
1007,1124.0,2423.0,glutamate dehydrogenase (NAD(P)+),kegg:C00025 + kegg:C00006 + kegg:C00001 = kegg:C00026 + kegg:C00005 + kegg:C00014,CHB_15377 + CHB_18009 + CHB_29985 = CHB_16134 + CHB_16474 + CHB_16810,L-glutamate(aq) + NADP(aq) + H2O(l) = 2-oxoglutarate(aq) + NADPH(aq) + ammonia(aq),Frieden C.; J. Biol. Chem.; 234 2891 (1959).,59FRI_283,13825045.0, ,298.15,8.0,4.50E-06, ,spectrophotometry,Tris (0.01 mol dm-3) + acetate,mol/L;Tris-acetate buffer=0.01  ,1.4.1.3, , , , , 
1008,1125.0,1305.0,dihydrolipoamide dehydrogenase,kegg:C02147 + kegg:C00003 = kegg:C00725 + kegg:C00004,CHB_15846 + CHB_18047 = CHB_16908 + CHB_30313,dihydro-Î±-lipoate(aq) + NAD(aq) = Î±-lipoate(aq) + NADH(aq),Goldman D.S.; Biochim. Biophys. Acta; 32 80 (1959).,59GOL_322, , ,295.15,6.0,0.0055, ,spectrophotometry,phosphate (0.06 mol dm-3),mol/L;phosphate buffer=0.06;dihydro--lipoate=0.0017236  ,1.8.1.4, , , , , 
1009,1126.0,272.0,adenosylhomocysteinase,kegg:C00021 + kegg:C00001 = kegg:C00212 + kegg:C00155,CHB_15377 + CHB_16680 = CHB_16335 + CHB_17588,S-adenosyl-L-homocysteine(aq) + H2O(l) = adenosine(aq) + L-homocysteine(aq),de la Haba G.; Cantoni G.L.; J. Biol. Chem.; 234 603 (1959).,59HAB/CAN_951,13641268.0, ,310.15,6.3,1.40E-06, ,enzymatic assay,potassium phosphate (0.04 mol dm-3),mol/L;(K)1(H2PO4)1=0.04;S-adenosyl-L-homocysteine=0.00285  ,3.3.1.1, , , , , 
1010,1127.0, ,D-xylulose reductase, ,CHB_15846 + PBC_120700 = CHB_16908 + CHS_9553766,allitol(aq) + NAD(aq) = D-psicose(aq) + NADH(aq),Hollmann S.; Hoppe-Seyler's Z. Physiol. Chem.; 317 193 (1959).,59HOL_46, , ,298.15,7.0,0.000144, ,spectrophotometry,Tris (0.05 mol dm-3),mol/L;Tris=0.05  ,1.1.1.9, , , , , 
1011,1128.0, ,D-xylulose reductase, ,CHB_15846 + PBC_120700 = CHB_16908 + CHS_9553766,allitol(aq) + NAD(aq) = D-psicose(aq) + NADH(aq),Hollmann S.; Hoppe-Seyler's Z. Physiol. Chem.; 317 193 (1959).,59HOL_46, , ,298.15,8.0,0.00144, ,spectrophotometry,Tris (0.05 mol dm-3),mol/L;Tris=0.05  ,1.1.1.9, , , , , 
1012,1129.0, ,D-xylulose reductase, ,CHB_15846 + PBC_101748 = CHB_16908 + MAN_10206,D-glycero-D-glucoheptitol(aq) + NAD(aq) = D-sedoheptulose(aq) + NADH(aq),Hollmann S.; Hoppe-Seyler's Z. Physiol. Chem.; 317 193 (1959).,59HOL_47, , ,298.15,7.0,0.000554, ,spectrophotometry,Tris (0.05 mol dm-3),mol/L;Tris=0.05  ,1.1.1.9, , , , , 
1013,1130.0, ,D-xylulose reductase, ,CHB_15846 + PBC_101748 = CHB_16908 + MAN_10206,D-glycero-D-glucoheptitol(aq) + NAD(aq) = D-sedoheptulose(aq) + NADH(aq),Hollmann S.; Hoppe-Seyler's Z. Physiol. Chem.; 317 193 (1959).,59HOL_47, , ,298.15,8.0,0.00554, ,spectrophotometry,Tris (0.05 mol dm-3),mol/L;Tris=0.05  ,1.1.1.9, , , , , 
1014,1131.0,3475.0,D-xylulose reductase,kegg:C01507 + kegg:C00003 = kegg:C00247 + kegg:C00004,CHB_15846 + CHB_17924 = CHB_16908 + CHB_37721,L-iditol(aq) + NAD(aq) = L-sorbose(aq) + NADH(aq),Hollmann S.; Hoppe-Seyler's Z. Physiol. Chem.; 317 193 (1959).,59HOL_48, , ,298.15,7.0,0.00423, ,spectrophotometry,Tris (0.05 mol dm-3),mol/L;Tris=0.05  ,1.1.1.9, , , , , 
1015,1132.0,3476.0,D-xylulose reductase,kegg:C01507 + kegg:C00003 = kegg:C00247 + kegg:C00004,CHB_15846 + CHB_17924 = CHB_16908 + CHB_37721,L-iditol(aq) + NAD(aq) = L-sorbose(aq) + NADH(aq),Hollmann S.; Hoppe-Seyler's Z. Physiol. Chem.; 317 193 (1959).,59HOL_48, , ,298.15,8.0,0.0423, ,spectrophotometry,Tris (0.05 mol dm-3),mol/L;Tris=0.05  ,1.1.1.9, , , , , 
1016,1137.0,2848.0,D-xylulose reductase,kegg:C00474 + kegg:C00003 = kegg:C00309 + kegg:C00004,CHB_15846 + CHB_15963 = CHB_16908 + CHB_28552,ribitol(aq) + NAD(aq) = D-ribulose(aq) + NADH(aq),Hollmann S.; Hoppe-Seyler's Z. Physiol. Chem.; 317 193 (1959).,59HOL_49, , ,298.15,7.0,0.000175, ,spectrophotometry,Tris (0.05 mol dm-3),mol/L;Tris=0.05  ,1.1.1.9, , , , , 
1017,1138.0,2849.0,D-xylulose reductase,kegg:C00474 + kegg:C00003 = kegg:C00309 + kegg:C00004,CHB_15846 + CHB_15963 = CHB_16908 + CHB_28552,ribitol(aq) + NAD(aq) = D-ribulose(aq) + NADH(aq),Hollmann S.; Hoppe-Seyler's Z. Physiol. Chem.; 317 193 (1959).,59HOL_49, , ,298.15,8.0,0.00175, ,spectrophotometry,Tris (0.05 mol dm-3),mol/L;Tris=0.05  ,1.1.1.9, , , , , 
1018,1133.0,2608.0,D-xylulose reductase,kegg:C00794 + kegg:C00003 = kegg:C00095 + kegg:C00004,CHB_15846 + CHB_18202 = CHB_16908 + CHB_48649,D-sorbitol(aq) + NAD(aq) = D-fructose(aq) + NADH(aq),Hollmann S.; Hoppe-Seyler's Z. Physiol. Chem.; 317 193 (1959).,59HOL_50, , ,298.15,7.0,0.00419, ,spectrophotometry,Tris (0.05 mol dm-3),mol/L;Tris=0.05  ,1.1.1.9, , , , , 
1019,1134.0,2609.0,D-xylulose reductase,kegg:C00794 + kegg:C00003 = kegg:C00095 + kegg:C00004,CHB_15846 + CHB_18202 = CHB_16908 + CHB_48649,D-sorbitol(aq) + NAD(aq) = D-fructose(aq) + NADH(aq),Hollmann S.; Hoppe-Seyler's Z. Physiol. Chem.; 317 193 (1959).,59HOL_50, , ,298.15,8.0,0.0419, ,spectrophotometry,Tris (0.05 mol dm-3),mol/L;Tris=0.05  ,1.1.1.9, , , , , 
1020,1135.0, ,D-xylulose reductase, ,CHB_15846 + CHB_42090 = CHB_16908 + CHB_27913,L-threitol(aq) + NAD(aq) = L-erythrulose(aq) + NADH(aq),Hollmann S.; Hoppe-Seyler's Z. Physiol. Chem.; 317 193 (1959).,59HOL_51, , ,298.15,7.0,6.91E-05, ,spectrophotometry,Tris (0.05 mol dm-3),mol/L;Tris=0.05  ,1.1.1.9, , , , , 
1021,1136.0, ,D-xylulose reductase, ,CHB_15846 + CHB_42090 = CHB_16908 + CHB_27913,L-threitol(aq) + NAD(aq) = L-erythrulose(aq) + NADH(aq),Hollmann S.; Hoppe-Seyler's Z. Physiol. Chem.; 317 193 (1959).,59HOL_51, , ,298.15,8.0,0.000691, ,spectrophotometry,Tris (0.05 mol dm-3),mol/L;Tris=0.05  ,1.1.1.9, , , , , 
1022,1139.0,2606.0,D-xylulose reductase,kegg:C00379 + kegg:C00003 = kegg:C00310 + kegg:C00004,CHB_15846 + CHB_17151 = CHB_16908 + CHS_388344,xylitol(aq) + NAD(aq) = D-xylulose(aq) + NADH(aq),Hollmann S.; Hoppe-Seyler's Z. Physiol. Chem.; 317 193 (1959).,59HOL_52, , ,298.15,7.0,0.000418, ,spectrophotometry,Tris (0.05 mol dm-3),mol/L;Tris=0.05  ,1.1.1.9, , , , , 
1023,1140.0,2607.0,D-xylulose reductase,kegg:C00379 + kegg:C00003 = kegg:C00310 + kegg:C00004,CHB_15846 + CHB_17151 = CHB_16908 + CHS_388344,xylitol(aq) + NAD(aq) = D-xylulose(aq) + NADH(aq),Hollmann S.; Hoppe-Seyler's Z. Physiol. Chem.; 317 193 (1959).,59HOL_52, , ,298.15,8.0,0.00418, ,spectrophotometry,Tris (0.05 mol dm-3),mol/L;Tris=0.05  ,1.1.1.9, , , , , 
1024,1141.0,2612.0,L-xylulose reductase,kegg:C00379 + kegg:C00006 = kegg:C00312 + kegg:C00005,CHB_17151 + CHB_18009 = CHB_16474 + MAN_10210,xylitol(aq) + NADP(aq) = L-xylulose(aq) + NADPH(aq),Hollmann S.; Hoppe-Seyler's Z. Physiol. Chem.; 317 193 (1959).,59HOL_57,14402710.0,10.1515/bchm2.1959.317.1.193,298.15,7.0,0.000297, ,spectrophotometry,Tris (0.05 mol dm-3),mol/L;Tris=0.05  ,1.1.1.10, , , , , 
1025,1142.0,2611.0,L-xylulose reductase,kegg:C00379 + kegg:C00006 = kegg:C00312 + kegg:C00005,CHB_17151 + CHB_18009 = CHB_16474 + MAN_10210,xylitol(aq) + NADP(aq) = L-xylulose(aq) + NADPH(aq),Hollmann S.; Hoppe-Seyler's Z. Physiol. Chem.; 317 193 (1959).,59HOL_57,14402710.0,10.1515/bchm2.1959.317.1.193,298.15,8.0,0.00297, ,spectrophotometry,Tris (0.05 mol dm-3),mol/L;Tris=0.05  ,1.1.1.10, , , , , 
1026,1143.0,2610.0,L-xylulose reductase,kegg:C00379 + kegg:C00006 = kegg:C00312 + kegg:C00005,CHB_17151 + CHB_18009 = CHB_16474 + MAN_10210,xylitol(aq) + NADP(aq) = L-xylulose(aq) + NADPH(aq),Hollmann S.; Hoppe-Seyler's Z. Physiol. Chem.; 317 193 (1959).,59HOL_57,14402710.0,10.1515/bchm2.1959.317.1.193,298.15,8.24,0.00516, ,spectrophotometry,Tris (0.05 mol dm-3),mol/L;Tris=0.05  ,1.1.1.10, , , , , 
1027,1144.0,4236.0,phosphoglycerate mutase,kegg:C00631 = kegg:C00197,CHB_17835 = CHB_17794,2-phospho-D-glycerate(aq) = 3-phospho-D-glycerate(aq),Ito N.; Grisolia S.; J. Biol. Chem.; 234 242 (1959).,59ITO/GRI_1392,13630886.0, ,303.15, ,8, , , ,   ,5.4.2.1, , , , , 
1028,1145.0,372.0,nucleoside-phosphate kinase,kegg:C00002 + kegg:C00015 = kegg:C00008 + kegg:C00075,CHB_15422 + CHB_17659 = CHB_15713 + CHB_16761,ATP(aq) + UDP(aq) = ADP(aq) + UTP(aq),Kirkland R.J.A.; Turner J.F.; Biochem. J.; 72 716 (1959).,59KIR/TUR_663,14409347.0,10.1042/bj0720716,303.15,8.0,0.91, ,paper chromatography and spectrophotometry,Tris (0.050 mol dm-3) + HCl,mol/L;Tris-HCl=0.05;(Mg)1(Cl)2=0.00253;ADP=0.000976427;UTP=0.000976427;ATP=0.00102357;UDP=0.00102357  ,2.7.4.4, , , , , 
1029,,540.0,asparaginase,kegg:C00152 + kegg:C00001 = kegg:C00049 + kegg:C00014, ,L-asparagine(aq) + H2O(l) = L-aspartate(aq) + ammonia(aq),Kitzinger C.; Hems R.; Biochem. J.; 71 395 (1959).,59KIT/HEM_986, , ,295,8.5, , ,calorimetry,borate (0.01 mol dm-3), ,3.5.1.1, , , , ,-21.5
1030,,841.0,glutaminase,kegg:C00064 + kegg:C00001 = kegg:C00025 + kegg:C00014, ,L-glutamine(aq) + H2O(l) = L-glutamate(aq) + ammonia(aq),Kitzinger C.; Hems R.; Biochem. J.; 71 395 (1959).,59KIT/HEM_991,13628583.0,10.1042/bj0710395,295,4.5, , ,calorimetry,acetate (0.010 mol dm-3), ,3.5.1.2, , , , ,-22
1031,1152.0,3789.0,pyruvate kinase,kegg:C00002 + kegg:C00022 = kegg:C00008 + kegg:C00074,CHB_15361 + CHB_15422 = CHB_16761 + CHB_18021,ATP(aq) + pyruvate(aq) = ADP(aq) + phosphoenolpyruvate(aq),Krimsky I.; J. Biol. Chem.; 234 232 (1959).,59KRI_564,13630884.0, ,303.15,7.72,0.000386, ,enzymatic assay,Tris (0.067 mol dm-3),mol/L;pyruvate=0.0856;phosphoenolpyruvate=0.00042;ATP=0.00469;ADP=0.00037;Tris=0.067;(Mg)1(Cl)2=0.00067;(K)1=0.086  ,2.7.1.40, , , , , 
1032,1157.0,3797.0,pyruvate kinase,kegg:C00002 + kegg:C00022 = kegg:C00008 + kegg:C00074,CHB_15361 + CHB_15422 = CHB_16761 + CHB_18021,ATP(aq) + pyruvate(aq) = ADP(aq) + phosphoenolpyruvate(aq),Krimsky I.; J. Biol. Chem.; 234 232 (1959).,59KRI_564,13630884.0, ,303.15,7.72,0.00045, ,enzymatic assay,Tris (0.067 mol dm-3),mol/L;pyruvate=0.0856;phosphoenolpyruvate=0.00042;ATP=0.00458;ADP=0.00042;Tris=0.067;(Mg)1(Cl)2=0.00067;(K)1=0.086  ,2.7.1.40, , , , , 
1033,1153.0,3788.0,pyruvate kinase,kegg:C00002 + kegg:C00022 = kegg:C00008 + kegg:C00074,CHB_15361 + CHB_15422 = CHB_16761 + CHB_18021,ATP(aq) + pyruvate(aq) = ADP(aq) + phosphoenolpyruvate(aq),Krimsky I.; J. Biol. Chem.; 234 232 (1959).,59KRI_564,13630884.0, ,303.15,7.72,0.00049, ,enzymatic assay,Tris (0.067 mol dm-3),mol/L;pyruvate=0.0856;phosphoenolpyruvate=0.00042;ATP=0.0045;ADP=0.00045;Tris=0.067;(Mg)1(Cl)2=0.00067;(K)1=0.086  ,2.7.1.40, , , , , 
1034,1150.0,3799.0,pyruvate kinase,kegg:C00002 + kegg:C00022 = kegg:C00008 + kegg:C00074,CHB_15361 + CHB_15422 = CHB_16761 + CHB_18021,ATP(aq) + pyruvate(aq) = ADP(aq) + phosphoenolpyruvate(aq),Krimsky I.; J. Biol. Chem.; 234 232 (1959).,59KRI_564,13630884.0, ,303.15,7.94,0.000552, ,enzymatic assay,Tris (0.067 mol dm-3),mol/L;pyruvate=0.0855;phosphoenolpyruvate=0.00053;ATP=0.00458;ADP=0.00041;Tris=0.067;(Mg)1(Cl)2=0.00067;(K)1=0.086  ,2.7.1.40, , , , , 
1035,1151.0,3795.0,pyruvate kinase,kegg:C00002 + kegg:C00022 = kegg:C00008 + kegg:C00074,CHB_15361 + CHB_15422 = CHB_16761 + CHB_18021,ATP(aq) + pyruvate(aq) = ADP(aq) + phosphoenolpyruvate(aq),Krimsky I.; J. Biol. Chem.; 234 232 (1959).,59KRI_564,13630884.0, ,303.15,7.94,0.000685, ,enzymatic assay,Tris (0.067 mol dm-3),mol/L;pyruvate=0.0855;phosphoenolpyruvate=0.00054;ATP=0.00443;ADP=0.00048;Tris=0.067;(Mg)1(Cl)2=0.00067;(K)1=0.086  ,2.7.1.40, , , , , 
1036,1156.0,3794.0,pyruvate kinase,kegg:C00002 + kegg:C00022 = kegg:C00008 + kegg:C00074,CHB_15361 + CHB_15422 = CHB_16761 + CHB_18021,ATP(aq) + pyruvate(aq) = ADP(aq) + phosphoenolpyruvate(aq),Krimsky I.; J. Biol. Chem.; 234 232 (1959).,59KRI_564,13630884.0, ,303.15,7.94,0.000735, ,enzymatic assay,Tris (0.067 mol dm-3),mol/L;pyruvate=0.0855;phosphoenolpyruvate=0.00053;ATP=0.00447;ADP=0.00053;Tris=0.067;(Mg)1(Cl)2=0.00067;(K)1=0.086  ,2.7.1.40, , , , , 
1037,1148.0,3793.0,pyruvate kinase,kegg:C00002 + kegg:C00022 = kegg:C00008 + kegg:C00074,CHB_15361 + CHB_15422 = CHB_16761 + CHB_18021,ATP(aq) + pyruvate(aq) = ADP(aq) + phosphoenolpyruvate(aq),Krimsky I.; J. Biol. Chem.; 234 232 (1959).,59KRI_564,13630884.0, ,303.15,8.31,0.00152, ,enzymatic assay,Tris (0.067 mol dm-3),mol/L;pyruvate=0.0852;phosphoenolpyruvate=0.0008;ATP=0.00439;ADP=0.00071;Tris=0.067;(Mg)1(Cl)2=0.00067;(K)1=0.086  ,2.7.1.40, , , , , 
1038,1155,3790.0,pyruvate kinase,kegg:C00002 + kegg:C00022 = kegg:C00008 + kegg:C00074,CHB_15361 + CHB_15422 = CHB_16761 + CHB_18021,ATP(aq) + pyruvate(aq) = ADP(aq) + phosphoenolpyruvate(aq),Krimsky I.; J. Biol. Chem.; 234 232 (1959).,59KRI_564,13630884.0, ,303.15,8.31,0.000179, ,enzymatic assay,Tris (0.067 mol dm-3),mol/L;pyruvate=0.0852;phosphoenolpyruvate=0.0008;ATP=0.0042;ADP=0.0008;Tris=0.067;(Mg)1(Cl)2=0.00067;(K)1=0.086 _ nan _ ,2.7.1.40, , ,, , 
1039,1149.0,3796.0,pyruvate kinase,kegg:C00002 + kegg:C00022 = kegg:C00008 + kegg:C00074,CHB_15361 + CHB_15422 = CHB_16761 + CHB_18021,ATP(aq) + pyruvate(aq) = ADP(aq) + phosphoenolpyruvate(aq),Krimsky I.; J. Biol. Chem.; 234 232 (1959).,59KRI_564,13630884.0, ,303.15,8.31,0.00208, ,enzymatic assay,Tris (0.067 mol dm-3),mol/L;pyruvate=0.0852;phosphoenolpyruvate=0.0008;ATP=0.0042;ADP=0.00093;Tris=0.067;(Mg)1(Cl)2=0.00067;(K)1=0.086  ,2.7.1.40, , , , , 
1040,1146.0,3791.0,pyruvate kinase,kegg:C00002 + kegg:C00022 = kegg:C00008 + kegg:C00074,CHB_15361 + CHB_15422 = CHB_16761 + CHB_18021,ATP(aq) + pyruvate(aq) = ADP(aq) + phosphoenolpyruvate(aq),Krimsky I.; J. Biol. Chem.; 234 232 (1959).,59KRI_564,13630884.0, ,303.15,8.7,0.00413, ,enzymatic assay,Tris (0.067 mol dm-3),mol/L;pyruvate=0.0848;phosphoenolpyruvate=0.00118;ATP=0.00402;ADP=0.00119;Tris=0.067;(Mg)1(Cl)2=0.00067;(K)1=0.086  ,2.7.1.40, , , , , 
1041,1154,3792.0,pyruvate kinase,kegg:C00002 + kegg:C00022 = kegg:C00008 + kegg:C00074,CHB_15361 + CHB_15422 = CHB_16761 + CHB_18021,ATP(aq) + pyruvate(aq) = ADP(aq) + phosphoenolpyruvate(aq),Krimsky I.; J. Biol. Chem.; 234 232 (1959).,59KRI_564,13630884.0, ,303.15,8.7,0.000429, ,enzymatic assay,Tris (0.067 mol dm-3),mol/L;pyruvate=0.0848;phosphoenolpyruvate=0.00118;ATP=0.00382;ADP=0.00118;Tris=0.067;(Mg)1(Cl)2=0.00067;(K)1=0.086 _ nan _ ,2.7.1.40, , ,, , 
1042,1147.0,3798.0,pyruvate kinase,kegg:C00002 + kegg:C00022 = kegg:C00008 + kegg:C00074,CHB_15361 + CHB_15422 = CHB_16761 + CHB_18021,ATP(aq) + pyruvate(aq) = ADP(aq) + phosphoenolpyruvate(aq),Krimsky I.; J. Biol. Chem.; 234 232 (1959).,59KRI_564,13630884.0, ,303.15,8.7,0.00495, ,enzymatic assay,Tris (0.067 mol dm-3),mol/L;pyruvate=0.0848;phosphoenolpyruvate=0.00118;ATP=0.00387;ADP=0.00137;Tris=0.067;(Mg)1(Cl)2=0.00067;(K)1=0.086  ,2.7.1.40, , , , , 
1043,1158.0,4427.0,phosphoglucomutase,kegg:C00103 = kegg:C00092,CHB_16077 = CHB_4170,Î±-D-glucose 1-phosphate(aq) = Î±-D-glucose 6-phosphate(aq),McCoy E.E.; Najjar V.A.; J. Biol. Chem.; 234 3017 (1959).,59MCC/NAJ_1403, , ,303.15,7.5,17.2, ,enzymatic assay,histidine (0.04 mol dm-3),mol/L;D-glucose 6-phosphate=0.00378022;D-glucose 1-phosphate=0.00021978;(Mg)1(Cl)2=0.0012;histidine buffer=0.04  ,5.4.2.2, , , , , 
1044,1159.0,2400.0,pyruvate kinase,kegg:C00002 + kegg:C00022 = kegg:C00008 + kegg:C00074,CHB_15361 + CHB_15422 = CHB_16761 + CHB_18021,ATP(aq) + pyruvate(aq) = ADP(aq) + phosphoenolpyruvate(aq),McQuate J.T.; Utter M.F.; J. Biol. Chem.; 234 2151 (1959).,59MCQ/UTT_565,13673030.0, ,303.15,7.4,0.000155, ,enzymatic assay and spectrophotometry,Tris (0.050 mol dm-3),mol/L;(K)1(Cl)1=0.067;(Mg)1(Cl)2=0.002;Tris=0.05;pyruvate=0.033;ATP=0.005245;ADP=0.000166;phosphoenolpyruvate=0.0001605  ,2.7.1.40, , , , , 
1045,1160.0,2401.0,pyruvate kinase,kegg:C00002 + kegg:C00022 = kegg:C00008 + kegg:C00074,CHB_15361 + CHB_15422 = CHB_16761 + CHB_18021,ATP(aq) + pyruvate(aq) = ADP(aq) + phosphoenolpyruvate(aq),McQuate J.T.; Utter M.F.; J. Biol. Chem.; 234 2151 (1959).,59MCQ/UTT_565,13673030.0, ,303.15,8.0,0.000451, ,enzymatic assay and spectrophotometry,Tris (0.050 mol dm-3),mol/L;(K)1(Cl)1=0.067;(Mg)1(Cl)2=0.002;Tris=0.05;pyruvate=0.03335;ATP=0.00514;ADP=0.0002835;phosphoenolpyruvate=0.0002695  ,2.7.1.40, , , , , 
1046,1161.0,2402.0,pyruvate kinase,kegg:C00002 + kegg:C00022 = kegg:C00008 + kegg:C00074,CHB_15361 + CHB_15422 = CHB_16761 + CHB_18021,ATP(aq) + pyruvate(aq) = ADP(aq) + phosphoenolpyruvate(aq),McQuate J.T.; Utter M.F.; J. Biol. Chem.; 234 2151 (1959).,59MCQ/UTT_565,13673030.0, ,303.15,8.4,0.0011, ,enzymatic assay and spectrophotometry,Tris (0.050 mol dm-3),mol/L;(K)1(Cl)1=0.067;(Mg)1(Cl)2=0.002;Tris=0.05;pyruvate=0.0332;ATP=0.004985;ADP=0.000432;phosphoenolpyruvate=0.000422  ,2.7.1.40, , , , , 
1047,1162.0,2403.0,pyruvate kinase,kegg:C00002 + kegg:C00022 = kegg:C00008 + kegg:C00074,CHB_15361 + CHB_15422 = CHB_16761 + CHB_18021,ATP(aq) + pyruvate(aq) = ADP(aq) + phosphoenolpyruvate(aq),McQuate J.T.; Utter M.F.; J. Biol. Chem.; 234 2151 (1959).,59MCQ/UTT_565,13673030.0, ,303.15,9.0,0.00272, ,enzymatic assay and spectrophotometry,Tris (0.050 mol dm-3),mol/L;(K)1(Cl)1=0.067;(Mg)1(Cl)2=0.002;Tris=0.05;pyruvate=0.0324;ATP=0.00605;ADP=0.000747;phosphoenolpyruvate=0.000717  ,2.7.1.40, , , , , 
1048,1163.0,4082.0,alcohol dehydrogenase,kegg:C00854 + kegg:C00003 = kegg:C00414 + kegg:C00004,CHB_15846 + CHB_18099 = CHB_16908 + CHB_17854,cyclohexanol(aq) + NAD(aq) = cyclohexanone(aq) + NADH(aq),Merritt A.D.; Tomkins G.M.; J. Biol. Chem.; 234 2778 (1959).,59MER/TOM_5, , ,298.15,7.2,0.09, ,spectrophotometry,phosphate (0.001 mol dm-3),mol/L;phosphate buffer=0.001  ,1.1.1.1, , , , , 
1049,1164.0,4083.0,alcohol dehydrogenase,kegg:C00854 + kegg:C00003 = kegg:C00414 + kegg:C00004,CHB_15846 + CHB_18099 = CHB_16908 + CHB_17854,cyclohexanol(aq) + NAD(aq) = cyclohexanone(aq) + NADH(aq),Merritt A.D.; Tomkins G.M.; J. Biol. Chem.; 234 2778 (1959).,59MER/TOM_5, , ,298.15,7.5,0.158, ,spectrophotometry,phosphate (0.001 mol dm-3),mol/L;phosphate buffer=0.001  ,1.1.1.1, , , , , 
1050,1165.0,4084.0,alcohol dehydrogenase,kegg:C00854 + kegg:C00003 = kegg:C00414 + kegg:C00004,CHB_15846 + CHB_18099 = CHB_16908 + CHB_17854,cyclohexanol(aq) + NAD(aq) = cyclohexanone(aq) + NADH(aq),Merritt A.D.; Tomkins G.M.; J. Biol. Chem.; 234 2778 (1959).,59MER/TOM_5, , ,298.15,9.5,19, ,spectrophotometry,phosphate (0.001 mol dm-3),mol/L;glycine-NaOH buffer=0.001  ,1.1.1.1, , , , , 
1051,1166.0,4039.0,adenylosuccinate lyase,kegg:C04823 = kegg:C00122 + kegg:C04677,CHB_18319 = CHB_29806 + MAN_10145,N-(5-amino-1-Î²-D-ribosyl-4-imidazoyl-carbonyl)-L-aspartic acid 5'-phosphate(aq) = fumarate(aq) +  5-amino-1-Î²-D-ribosyl-4-imidazolecarboxamide 5'-phosphate(aq),Miller R.W.; Lukens L.N.; Buchanan J.M.; J. Biol. Chem.; 234 1806 (1959).,59MIL/LUK_1225,13672968.0, ,310.15,7.2,0.0023, ,"spectrophotometry, chromatography, and radioactivity",phosphate (0.023 mol dm-3),mol/L;phosphate buffer=0.02  ,4.3.2.2, , , , , 
1052,1167.0,2272.0,ribitol dehydrogenase,kegg:C00474 + kegg:C00003 = kegg:C00309 + kegg:C00004,CHB_15846 + CHB_15963 = CHB_16908 + CHB_28552,ribitol(aq) + NAD(aq) = D-ribulose(aq) + NADH(aq),Nordlie R.C.; Fromm H.J.; J. Biol. Chem.; 234 2523 (1959).,59NOR/FRO_188,14427582.0, ,301.15,8.0,0.00717, ,spectrophotometry,Tris (0.1 mol dm-3) + HCl,mol/L;Tris-HCl=0.034  ,1.1.1.56, , , , , 
1053,1178.0,2206.0,dihydrolipoamide dehydrogenase,kegg:C02147 + kegg:C00003 = kegg:C00725 + kegg:C00004,CHB_15846 + CHB_18047 = CHB_16908 + CHB_30313,dihydro-Î±-lipoate(aq) + NAD(aq) = Î±-lipoate(aq) + NADH(aq),Sanadi D.R.; Langley M.; Searls R.L.; J. Biol. Chem.; 234 178 (1959).,59SAN/LAN_324, , ,295.15,7.1,0.13, ,spectrophotometry,phosphate (0.05 mol dm-3),mol/L;phosphate buffer = 0.05;EDTA=0.003  ,1.8.1.4, , , , , 
1054,1168.0,2196.0,dihydrolipoamide dehydrogenase,kegg:C00579 + kegg:C00003 = kegg:C00248 + kegg:C00004,CHB_15846 + CHB_17694 = CHB_16908 + CHB_17460,dihydrolipoamide(aq) + NAD(aq) = lipoamide(aq) + NADH(aq),Sanadi D.R.; Langley M.; Searls R.L.; J. Biol. Chem.; 234 178 (1959).,59SAN/LAN_326,13610916.0, ,295.15,6.23,0.081, ,spectrophotometry,phosphate (0.05 mol dm-3),mol/L;phosphate buffer = 0.05;EDTA=0.003  ,1.8.1.4, , , , , 
1055,1169.0,2197.0,dihydrolipoamide dehydrogenase,kegg:C00579 + kegg:C00003 = kegg:C00248 + kegg:C00004,CHB_15846 + CHB_17694 = CHB_16908 + CHB_17460,dihydrolipoamide(aq) + NAD(aq) = lipoamide(aq) + NADH(aq),Sanadi D.R.; Langley M.; Searls R.L.; J. Biol. Chem.; 234 178 (1959).,59SAN/LAN_326,13610916.0, ,295.15,6.86,0.18, ,spectrophotometry,phosphate (0.05 mol dm-3),mol/L;phosphate buffer = 0.05;EDTA=0.003  ,1.8.1.4, , , , , 
1056,1170.0,2204.0,dihydrolipoamide dehydrogenase,kegg:C00579 + kegg:C00003 = kegg:C00248 + kegg:C00004,CHB_15846 + CHB_17694 = CHB_16908 + CHB_17460,dihydrolipoamide(aq) + NAD(aq) = lipoamide(aq) + NADH(aq),Sanadi D.R.; Langley M.; Searls R.L.; J. Biol. Chem.; 234 178 (1959).,59SAN/LAN_326,13610916.0, ,295.15,7.19,0.28, ,spectrophotometry,phosphate (0.05 mol dm-3),mol/L;phosphate buffer = 0.05;EDTA=0.003  ,1.8.1.4, , , , , 
1057,1171.0,2201.0,dihydrolipoamide dehydrogenase,kegg:C00579 + kegg:C00003 = kegg:C00248 + kegg:C00004,CHB_15846 + CHB_17694 = CHB_16908 + CHB_17460,dihydrolipoamide(aq) + NAD(aq) = lipoamide(aq) + NADH(aq),Sanadi D.R.; Langley M.; Searls R.L.; J. Biol. Chem.; 234 178 (1959).,59SAN/LAN_326,13610916.0, ,295.15,7.53,0.36, ,spectrophotometry,phosphate (0.05 mol dm-3),mol/L;phosphate buffer = 0.05;EDTA=0.003  ,1.8.1.4, , , , , 
1058,1172.0,2198.0,dihydrolipoamide dehydrogenase,kegg:C00579 + kegg:C00003 = kegg:C00248 + kegg:C00004,CHB_15846 + CHB_17694 = CHB_16908 + CHB_17460,dihydrolipoamide(aq) + NAD(aq) = lipoamide(aq) + NADH(aq),Sanadi D.R.; Langley M.; Searls R.L.; J. Biol. Chem.; 234 178 (1959).,59SAN/LAN_326,13610916.0, ,295.15,7.74,0.65, ,spectrophotometry,phosphate (0.05 mol dm-3),mol/L;phosphate buffer = 0.05;EDTA=0.003  ,1.8.1.4, , , , , 
1059,1173.0,2199.0,dihydrolipoamide dehydrogenase,kegg:C00579 + kegg:C00003 = kegg:C00248 + kegg:C00004,CHB_15846 + CHB_17694 = CHB_16908 + CHB_17460,dihydrolipoamide(aq) + NAD(aq) = lipoamide(aq) + NADH(aq),Sanadi D.R.; Langley M.; Searls R.L.; J. Biol. Chem.; 234 178 (1959).,59SAN/LAN_326,13610916.0, ,295.15,7.9,1, ,spectrophotometry,phosphate (0.05 mol dm-3),mol/L;phosphate buffer = 0.05;EDTA=0.003  ,1.8.1.4, , , , , 
1060,1174.0,2205.0,dihydrolipoamide dehydrogenase,kegg:C00579 + kegg:C00003 = kegg:C00248 + kegg:C00004,CHB_15846 + CHB_17694 = CHB_16908 + CHB_17460,dihydrolipoamide(aq) + NAD(aq) = lipoamide(aq) + NADH(aq),Sanadi D.R.; Langley M.; Searls R.L.; J. Biol. Chem.; 234 178 (1959).,59SAN/LAN_326,13610916.0, ,295.15,8.23,1.5, ,spectrophotometry,phosphate (0.05 mol dm-3),mol/L;phosphate buffer = 0.05;EDTA=0.003  ,1.8.1.4, , , , , 
1061,1175.0,2203.0,dihydrolipoamide dehydrogenase,kegg:C00579 + kegg:C00003 = kegg:C00248 + kegg:C00004,CHB_15846 + CHB_17694 = CHB_16908 + CHB_17460,dihydrolipoamide(aq) + NAD(aq) = lipoamide(aq) + NADH(aq),Sanadi D.R.; Langley M.; Searls R.L.; J. Biol. Chem.; 234 178 (1959).,59SAN/LAN_326,13610916.0, ,295.15,8.42,2.6, ,spectrophotometry,phosphate (0.05 mol dm-3),mol/L;phosphate buffer = 0.05;EDTA=0.003  ,1.8.1.4, , , , , 
1062,1176.0,2200.0,dihydrolipoamide dehydrogenase,kegg:C00579 + kegg:C00003 = kegg:C00248 + kegg:C00004,CHB_15846 + CHB_17694 = CHB_16908 + CHB_17460,dihydrolipoamide(aq) + NAD(aq) = lipoamide(aq) + NADH(aq),Sanadi D.R.; Langley M.; Searls R.L.; J. Biol. Chem.; 234 178 (1959).,59SAN/LAN_326,13610916.0, ,295.15,8.59,3.6, ,spectrophotometry,phosphate (0.05 mol dm-3),mol/L;phosphate buffer = 0.05;EDTA=0.003  ,1.8.1.4, , , , , 
1063,1177.0,2202.0,dihydrolipoamide dehydrogenase,kegg:C00579 + kegg:C00003 = kegg:C00248 + kegg:C00004,CHB_15846 + CHB_17694 = CHB_16908 + CHB_17460,dihydrolipoamide(aq) + NAD(aq) = lipoamide(aq) + NADH(aq),Sanadi D.R.; Langley M.; Searls R.L.; J. Biol. Chem.; 234 178 (1959).,59SAN/LAN_326,13610916.0, ,295.15,9.08,4.8, ,spectrophotometry,phosphate (0.05 mol dm-3),mol/L;phosphate buffer = 0.05;EDTA=0.003  ,1.8.1.4, , , , , 
1064,1179.0,2407.0,4-aminobutyrate transaminase,kegg:C00334 + kegg:C00026 = kegg:C00232 + kegg:C00025,CHB_16810 + CHB_30566 = CHB_29985 + CHB_57706,4-aminobutanoate(aq) + 2-oxoglutarate(aq) = 4-oxobutanoate(aq) + L-glutamate(aq),Scott E.M.; Jakoby W.B.; J. Biol. Chem.; 234 932 (1959).,59SCO/JAK_526,13654294.0, ,311.15,8.1,0.14, ,spectrophotometry,pyrophosphate (0.1 mol dm-3),mol/L;pyrophosphate buffer=0.1  ,2.6.1.19, , , , , 
1065,1180.0,1872.0,sorbitol-6-phosphate dehydrogenase,kegg:C01096 + kegg:C00003 = kegg:C00085 + kegg:C00004,CHB_15846 + CHB_17044 = CHB_16908 + CHB_61553,D-sorbitol 6-phosphate(aq) + NAD(aq) = D-fructose 6-phosphate(aq) + NADH(aq),Shockley T.E.; Pride H.S.; J. Bacteriol.; 77 695 (1959).,59SHO/PRI_216,13664648.0, ,298.15,9.31,2.2, , ,Tris (0.035 mol dm-3),mol/L;Tris=0.035;NAD=0.00033;(Mg)1(Cl)2=0.0018;D-sorbitol 6-phosphate=0.0004;D-fructose 6-phosphate=0;NADH=0;pyruvate=0.0033  ,1.1.1.140, , , , , 
1066,1181.0,177.0,UDP-N-acetylglucosamine pyrophosphorylase,kegg:C00075 + kegg:C04256 = kegg:C00043 + kegg:C00013,CHB_15713 + PBC_440272 = CHB_16264 + CHB_18361,UTP(aq) + N-acetyl-Î±-D-glucosamine 1-phosphate(aq) = UDP-N-acetyl-D-glucosamine(aq) + pyrophosphate(aq),Strominger J.L.; Smith M.S.; J. Biol. Chem.; 234 1822 (1959).,59STR/SMI_702,13672971.0, ,310.15,7.4,0.5, ,chromatography and spectrophotometry,Tris (0.1 mol dm-3),mol/L;Tris=0.02;pyrophosphate=0.01;(Mg)1(Cl)2=0.001;UDP-N-acetyl-D-glucosamine=0.00105;UTP=0;N-acetyl--D-glucosamine 1-phosphate=0  ,2.7.7.23, , , , , 
1067,1182.0,1054.0,glutamate formiminotransferase,kegg:C00664 + kegg:C00025 = kegg:C00439 + kegg:C00101,CHB_15639 + CHB_29985 = CHB_15635 + CHB_7274,5-formiminotetrahydrofolate(aq) + L-glutamate(aq) = N-formimino-L-glutamate(aq) + tetrahydrofolate(aq),Tabor H.; Wyngarden L.; J. Biol. Chem.; 234 1830 (1959).,59TAB/WYN_355,13672973.0, ,298.15,6.7,1.3, ,spectrophotometry,triethanolamine sulfate,mol/L;triethanolamine sulfate buffer=0.1;2-mercaptoethanol=0.075  ,2.1.2.5, , , , , 
1068,, ,3a-hydroxysteroid dehydrogenase, , ,"5Î±-pregnane-3Î±,17Î±,21-triol-20-one(aq) + NAD(aq) = 5Î±-pregnane-17Î±,21-diol-3,20-dione(aq) + NADH(aq)","Talalay P.; Levy H.R.; in ""Steric Course of Microbiological Reactions""; G.E.W. Wolstenholme and C.M O'Connor eds.; Little Brown and Co. Boston (1959) pp. 53-75.",59TAL/LEV_172, , ,298.15,7.0,0.0113, ,spectrophotometry,phosphate (0.01 - 0.07 mol dm-3), ,1.1.1.50, , , , , 
1069,, ,3a-hydroxysteroid dehydrogenase, , ,"5Î±-pregnane-3Î±,17Î±,21-triol-20-one(aq) + NAD(aq) = 5Î±-pregnane-17Î±,21-diol-3,20-dione(aq) + NADH(aq)","Talalay P.; Levy H.R.; in ""Steric Course of Microbiological Reactions""; G.E.W. Wolstenholme and C.M O'Connor eds.; Little Brown and Co. Boston (1959) pp. 53-75.",59TAL/LEV_172, , ,298.15,8.0,0.113, ,spectrophotometry,phosphate (0.01 - 0.07 mol dm-3), ,1.1.1.50, , , , , 
1070,, ,3a-hydroxysteroid dehydrogenase, , ,"5Î±-pregnane-3Î±,17Î±,21-triol-20-one(aq) + NAD(aq) = 5Î±-pregnane-17Î±,21-diol-3,20-dione(aq) + NADH(aq)","Talalay P.; Levy H.R.; in ""Steric Course of Microbiological Reactions""; G.E.W. Wolstenholme and C.M O'Connor eds.; Little Brown and Co. Boston (1959) pp. 53-75.",59TAL/LEV_172, , ,298.15,9.0,1.13, ,spectrophotometry,phosphate (0.01 - 0.07 mol dm-3), ,1.1.1.50, , , , , 
1071,, ,3a-hydroxysteroid dehydrogenase, , ,"5Î²-pregnane-3Î±,17Î±,21-triol-11,20-dione(aq) + NAD(aq) = 5Î²-pregnane-17Î±,21-diol-3,11,20-trione(aq) + NADH(aq)","Talalay P.; Levy H.R.; in ""Steric Course of Microbiological Reactions""; G.E.W. Wolstenholme and C.M O'Connor eds.; Little Brown and Co. Boston (1959) pp. 53-75.",59TAL/LEV_175, , ,298.15,7.0,0.0107, ,spectrophotometry,phosphate (0.01 - 0.07 mol dm-3), ,1.1.1.50, , , , , 
1072,, ,3a-hydroxysteroid dehydrogenase, , ,"5Î²-pregnane-3Î±,17Î±,21-triol-11,20-dione(aq) + NAD(aq) = 5Î²-pregnane-17Î±,21-diol-3,11,20-trione(aq) + NADH(aq)","Talalay P.; Levy H.R.; in ""Steric Course of Microbiological Reactions""; G.E.W. Wolstenholme and C.M O'Connor eds.; Little Brown and Co. Boston (1959) pp. 53-75.",59TAL/LEV_175, , ,298.15,8.0,0.107, ,spectrophotometry,phosphate (0.01 - 0.07 mol dm-3), ,1.1.1.50, , , , , 
1073,, ,3a-hydroxysteroid dehydrogenase, , ,"5Î²-pregnane-3Î±,17Î±,21-triol-11,20-dione(aq) + NAD(aq) = 5Î²-pregnane-17Î±,21-diol-3,11,20-trione(aq) + NADH(aq)","Talalay P.; Levy H.R.; in ""Steric Course of Microbiological Reactions""; G.E.W. Wolstenholme and C.M O'Connor eds.; Little Brown and Co. Boston (1959) pp. 53-75.",59TAL/LEV_175, , ,298.15,9.0,1.07, ,spectrophotometry,phosphate (0.01 - 0.07 mol dm-3), ,1.1.1.50, , , , , 
1074,, ,3a-hydroxysteroid dehydrogenase, , ,"5Î²-pregnane-3Î±,17Î±,21-triol-20-one(aq) + NAD(aq) = 5Î²-pregnane-17Î±,21-diol-3,20-dione(aq) + NADH(aq)","Talalay P.; Levy H.R.; in ""Steric Course of Microbiological Reactions""; G.E.W. Wolstenholme and C.M O'Connor eds.; Little Brown and Co. Boston (1959) pp. 53-75.",59TAL/LEV_176, , ,298.15,7.0,0.0213, ,spectrophotometry,phosphate (0.01 - 0.07 mol dm-3), ,1.1.1.50, , , , , 
1075,, ,3a-hydroxysteroid dehydrogenase, , ,"5Î²-pregnane-3Î±,17Î±,21-triol-20-one(aq) + NAD(aq) = 5Î²-pregnane-17Î±,21-diol-3,20-dione(aq) + NADH(aq)","Talalay P.; Levy H.R.; in ""Steric Course of Microbiological Reactions""; G.E.W. Wolstenholme and C.M O'Connor eds.; Little Brown and Co. Boston (1959) pp. 53-75.",59TAL/LEV_176, , ,298.15,8.0,0.213, ,spectrophotometry,phosphate (0.01 - 0.07 mol dm-3), ,1.1.1.50, , , , , 
1076,, ,3a-hydroxysteroid dehydrogenase, , ,"5Î²-pregnane-3Î±,17Î±,21-triol-20-one(aq) + NAD(aq) = 5Î²-pregnane-17Î±,21-diol-3,20-dione(aq) + NADH(aq)","Talalay P.; Levy H.R.; in ""Steric Course of Microbiological Reactions""; G.E.W. Wolstenholme and C.M O'Connor eds.; Little Brown and Co. Boston (1959) pp. 53-75.",59TAL/LEV_176, , ,298.15,9.0,2.13, ,spectrophotometry,phosphate (0.01 - 0.07 mol dm-3), ,1.1.1.50, , , , , 
1077,1183.0,2755.0,3(or 17)_-hydroxysteroid dehydrogenase,kegg:C00535 + kegg:C00003 = kegg:C00280 + kegg:C00004,CHB_15846 + CHB_17347 = CHB_16422 + CHB_16908,"4-androstene-17Î²-ol-3-one(aq) + NAD(aq) = 4-androstene-3,17-dione(aq) + NADH(aq)","Talalay P.; Levy H.R.; in ""Steric Course of Microbiological Reactions""; G.E.W. Wolstenholme and C.M O'Connor eds.; Little Brown and Co. Boston (1959) pp. 53-75.",59TAL/LEV_181, , ,298.15,7.0,0.378, ,spectrophotometry,phosphate (0.01 - 0.07 mol dm-3),   ,1.1.1.51, , , , , 
1078,1184.0,2753.0,3(or 17)_-hydroxysteroid dehydrogenase,kegg:C00535 + kegg:C00003 = kegg:C00280 + kegg:C00004,CHB_15846 + CHB_17347 = CHB_16422 + CHB_16908,"4-androstene-17Î²-ol-3-one(aq) + NAD(aq) = 4-androstene-3,17-dione(aq) + NADH(aq)","Talalay P.; Levy H.R.; in ""Steric Course of Microbiological Reactions""; G.E.W. Wolstenholme and C.M O'Connor eds.; Little Brown and Co. Boston (1959) pp. 53-75.",59TAL/LEV_181, , ,298.15,8.0,3.78, ,spectrophotometry,phosphate (0.01 - 0.07 mol dm-3),   ,1.1.1.51, , , , , 
1079,1185.0,2754.0,3(or 17)_-hydroxysteroid dehydrogenase,kegg:C00535 + kegg:C00003 = kegg:C00280 + kegg:C00004,CHB_15846 + CHB_17347 = CHB_16422 + CHB_16908,"4-androstene-17Î²-ol-3-one(aq) + NAD(aq) = 4-androstene-3,17-dione(aq) + NADH(aq)","Talalay P.; Levy H.R.; in ""Steric Course of Microbiological Reactions""; G.E.W. Wolstenholme and C.M O'Connor eds.; Little Brown and Co. Boston (1959) pp. 53-75.",59TAL/LEV_181, , ,298.15,9.0,378, ,spectrophotometry,phosphate (0.01 - 0.07 mol dm-3),   ,1.1.1.51, , , , , 
1080,1186.0, ,3(or 17)_-hydroxysteroid dehydrogenase, ,CHB_15846 + MAN_10156 = CHB_16908 + MAN_10157,"5Î±-pregnane-3Î²,17Î±,21-triol-11,20-dione(aq) + NAD(aq) = 5Î±-pregnane-17Î±,21-diol-3,11,20-trione(aq) + NADH(aq)","Talalay P.; Levy H.R.; in ""Steric Course of Microbiological Reactions""; G.E.W. Wolstenholme and C.M O'Connor eds.; Little Brown and Co. Boston (1959) pp. 53-75.",59TAL/LEV_183, , ,298.15,7.0,0.0092, ,spectrophotometry,phosphate (0.01 - 0.07 mol dm-3),   ,1.1.1.51, , , , , 
1081,1188.0, ,3(or 17)_-hydroxysteroid dehydrogenase, ,CHB_15846 + MAN_10156 = CHB_16908 + MAN_10157,"5Î±-pregnane-3Î²,17Î±,21-triol-11,20-dione(aq) + NAD(aq) = 5Î±-pregnane-17Î±,21-diol-3,11,20-trione(aq) + NADH(aq)","Talalay P.; Levy H.R.; in ""Steric Course of Microbiological Reactions""; G.E.W. Wolstenholme and C.M O'Connor eds.; Little Brown and Co. Boston (1959) pp. 53-75.",59TAL/LEV_183, , ,298.15,8.0,0.092, ,spectrophotometry,phosphate (0.01 - 0.07 mol dm-3),   ,1.1.1.51, , , , , 
1082,1190.0, ,3(or 17)_-hydroxysteroid dehydrogenase, ,CHB_15846 + MAN_10156 = CHB_16908 + MAN_10157,"5Î±-pregnane-3Î²,17Î±,21-triol-11,20-dione(aq) + NAD(aq) = 5Î±-pregnane-17Î±,21-diol-3,11,20-trione(aq) + NADH(aq)","Talalay P.; Levy H.R.; in ""Steric Course of Microbiological Reactions""; G.E.W. Wolstenholme and C.M O'Connor eds.; Little Brown and Co. Boston (1959) pp. 53-75.",59TAL/LEV_183, , ,298.15,9.0,0.92, ,spectrophotometry,phosphate (0.01 - 0.07 mol dm-3),   ,1.1.1.51, , , , , 
1083,1194.0, ,3(or 17)_-hydroxysteroid dehydrogenase, ,CHB_15846 + MAN_10159 = CHB_16908 + MAN_10158,"5Î±-pregnane-3Î²,17Î±,21-triol-20-one(aq) + NAD(aq) = 5Î±-pregnane-17Î±,21-diol-3,20-dione(aq) + NADH(aq)","Talalay P.; Levy H.R.; in ""Steric Course of Microbiological Reactions""; G.E.W. Wolstenholme and C.M O'Connor eds.; Little Brown and Co. Boston (1959) pp. 53-75.",59TAL/LEV_184, , ,298.15,7.0,0.0188, ,spectrophotometry,phosphate (0.01 - 0.07 mol dm-3),   ,1.1.1.51, , , , , 
1084,1198.0, ,3(or 17)_-hydroxysteroid dehydrogenase, ,CHB_15846 + MAN_10159 = CHB_16908 + MAN_10158,"5Î±-pregnane-3Î²,17Î±,21-triol-20-one(aq) + NAD(aq) = 5Î±-pregnane-17Î±,21-diol-3,20-dione(aq) + NADH(aq)","Talalay P.; Levy H.R.; in ""Steric Course of Microbiological Reactions""; G.E.W. Wolstenholme and C.M O'Connor eds.; Little Brown and Co. Boston (1959) pp. 53-75.",59TAL/LEV_184, , ,298.15,8.0,0.188, ,spectrophotometry,phosphate (0.01 - 0.07 mol dm-3),   ,1.1.1.51, , , , , 
1085,1202.0, ,3(or 17)_-hydroxysteroid dehydrogenase, ,CHB_15846 + MAN_10159 = CHB_16908 + MAN_10158,"5Î±-pregnane-3Î²,17Î±,21-triol-20-one(aq) + NAD(aq) = 5Î±-pregnane-17Î±,21-diol-3,20-dione(aq) + NADH(aq)","Talalay P.; Levy H.R.; in ""Steric Course of Microbiological Reactions""; G.E.W. Wolstenholme and C.M O'Connor eds.; Little Brown and Co. Boston (1959) pp. 53-75.",59TAL/LEV_184, , ,298.15,9.0,1.88, ,spectrophotometry,phosphate (0.01 - 0.07 mol dm-3),   ,1.1.1.51, , , , , 
1086,1192.0, ,3(or 17)_-hydroxysteroid dehydrogenase, ,CHB_15846 + MAN_10159 = CHB_16908 + MAN_10158,"5Î²-pregnane-3Î²,17Î±,21-triol-20-one(aq) + NAD(aq) = 5Î²-pregnane-17Î±,21-diol-3,20-dione(aq) + NADH(aq)","Talalay P.; Levy H.R.; in ""Steric Course of Microbiological Reactions""; G.E.W. Wolstenholme and C.M O'Connor eds.; Little Brown and Co. Boston (1959) pp. 53-75.",59TAL/LEV_185, , ,298.15,7.0,0.0099, ,spectrophotometry,phosphate (0.01 - 0.07 mol dm-3),   ,1.1.1.51, , , , , 
1087,1196.0, ,3(or 17)_-hydroxysteroid dehydrogenase, ,CHB_15846 + MAN_10159 = CHB_16908 + MAN_10158,"5Î²-pregnane-3Î²,17Î±,21-triol-20-one(aq) + NAD(aq) = 5Î²-pregnane-17Î±,21-diol-3,20-dione(aq) + NADH(aq)","Talalay P.; Levy H.R.; in ""Steric Course of Microbiological Reactions""; G.E.W. Wolstenholme and C.M O'Connor eds.; Little Brown and Co. Boston (1959) pp. 53-75.",59TAL/LEV_185, , ,298.15,8.0,0.099, ,spectrophotometry,phosphate (0.01 - 0.07 mol dm-3),   ,1.1.1.51, , , , , 
1088,1200.0, ,3(or 17)_-hydroxysteroid dehydrogenase, ,CHB_15846 + MAN_10159 = CHB_16908 + MAN_10158,"5Î²-pregnane-3Î²,17Î±,21-triol-20-one(aq) + NAD(aq) = 5Î²-pregnane-17Î±,21-diol-3,20-dione(aq) + NADH(aq)","Talalay P.; Levy H.R.; in ""Steric Course of Microbiological Reactions""; G.E.W. Wolstenholme and C.M O'Connor eds.; Little Brown and Co. Boston (1959) pp. 53-75.",59TAL/LEV_185, , ,298.15,9.0,0.99, ,spectrophotometry,phosphate (0.01 - 0.07 mol dm-3),   ,1.1.1.51, , , , , 
1089,1204.0, ,_-alanyl-CoA ammonia lyase, ,MAN_10086 = CHB_16134 + MAN_10087,Î²-alanylpantetheine(aq) = acrylylpantetheine(aq) + ammonia(aq),Vagelos P.R.; Earl J.M.; Stadtman E.R.; J. Biol. Chem.; 234 490 (1959).,59VAG/EAR_1221,13641247.0, ,298.15,7.5,1.22E-06, ,spectrophotometry,triethanolamine (0.05 mol dm-3) + HCl,mol/L;triethanolamine-HCl=0.05  ,4.3.1.6, , , , , 
1090,1205.0,3874.0,ribose-5-phosphate isomerase,kegg:C00117 = kegg:C00199,CHB_52742 = CHB_17363,D-ribose 5-phosphate(aq) = D-ribulose 5-phosphate(aq),Agosin M.; Aravena L.; Enzymologia; 22 281 (1960).,60AGO/ARA_1336,13681649.0, ,298.15,7.5,0.179, ,spectrophotometry,Tris (0.05 mol dm-3) + HCl,mol/L;Tris-HCl=0.05  ,5.3.1.6, , , , , 
1091,1206.0,3876.0,ribose-5-phosphate isomerase,kegg:C00117 = kegg:C00199,CHB_52742 = CHB_17363,D-ribose 5-phosphate(aq) = D-ribulose 5-phosphate(aq),Agosin M.; Aravena L.; Enzymologia; 22 281 (1960).,60AGO/ARA_1336,13681649.0, ,304.15,7.5,0.227, ,spectrophotometry,Tris (0.05 mol dm-3) + HCl,mol/L;Tris-HCl=0.05  ,5.3.1.6, , , , , 
1092,1207.0,3875.0,ribose-5-phosphate isomerase,kegg:C00117 = kegg:C00199,CHB_52742 = CHB_17363,D-ribose 5-phosphate(aq) = D-ribulose 5-phosphate(aq),Agosin M.; Aravena L.; Enzymologia; 22 281 (1960).,60AGO/ARA_1336,13681649.0, ,311.15,7.5,0.312, ,spectrophotometry,Tris (0.05 mol dm-3) + HCl,mol/L;Tris-HCl=0.05  ,5.3.1.6, , , , , 
1093,1209.0,3482.0,glucuronate isomerase,kegg:C00333 = kegg:C00558,CHB_4153 = CHB_17886,D-galacturonate(aq) = D-tagaturonate(aq),Ashwell G.; Wahba A.J.; Hickman J.; J. Biol. Chem.; 235 1559 (1960).,60ASH/WAH_1368, , ,310.15,8.0,1.4, ,enzymatic assay and spectrophotometry,phosphate and borate,   ,5.3.1.12, , , , , 
1094,1208.0,3481.0,glucuronate isomerase,kegg:C00333 = kegg:C00558,CHB_4153 = CHB_17886,D-galacturonate(aq) = D-tagaturonate(aq),Ashwell G.; Wahba A.J.; Hickman J.; J. Biol. Chem.; 235 1559 (1960).,60ASH/WAH_1368, , ,310.15,8.0,0.25, ,enzymatic assay and spectrophotometry,phosphate and borate,mol/L;phosphate buffer=0.1  ,5.3.1.12, , , , , 
1095,1210.0,3483.0,glucuronate isomerase,kegg:C00191 = kegg:C00905,PBC_444791 = CHB_4126,D-glucuronate(aq) = D-fructuronate(aq),Ashwell G.; Wahba A.J.; Hickman J.; J. Biol. Chem.; 235 1559 (1960).,60ASH/WAH_1369,13794771.0, ,310.15,8.0,0.82, ,enzymatic assay and spectrophotometry,phosphate and borate,mol/L;phosphate buffer=0.1  ,5.3.1.12, , , , , 
1096,1211.0,733.0,glycine hydroxymethyltransferase,kegg:C00143 + kegg:C00037 + kegg:C00001 = kegg:C00101 + kegg:C00065,CHB_15377 + CHB_15428 + CHB_1989 = CHB_15635 + CHB_17115,"5,10-methylenetetrahydrofolate(aq) + glycine(aq) + H2O(l) = tetrahydrofolate(aq) + L-serine(aq)",Blakley R.L.; Biochem. J.; 74 71 (1960).,60BLA_349,13801272.0,10.1042/bj0740071,298.15,7.4,0.098, ,spectrophotometry,potassium phosphate (0.050 mol dm-3),   ,2.1.2.1, , , , , 
1097,1212.0,2614.0,N-acetylneuraminate lyase,kegg:C00270 = kegg:C00645 + kegg:C00022,CHB_35418 = CHB_15361 + CHB_63153,N-acetylneuraminate(aq) = N-acetyl-D-mannosamine(aq) + pyruvate(aq),Comb D.G.; Roseman S.; J. Biol. Chem.; 235 2529 (1960).,60COM/ROS_1117,13811398.0, ,310.15,7.1,0.064, ,spectrophotometry,phosphate (0.1 mol dm-3),mol/L;potassium phosphate buffer =0.12;N-acetyl-D-mannosamine=0.02;(K)1=0.025;pyruvate=0.025;N-acetylneuraminate=0  ,4.1.3.3, , , , , 
1098,1214.0,4268.0,UDParabinose 4-epimerase,kegg:C00935 = kegg:C00190,CHB_17983 = CHB_16082,UDP-L-arabinose(aq) = UDP-D-xylose(aq),Feingold D.S.; Neufeld E.F.; Hassid W.Z.; J. Biol. Chem.; 235 910 (1960).,60FEI/NEU_1267, , ,310.15,7.5,1, ,electrophoresis and radioactivity,Tris (0.08 mol dm-3) + HCl,mol/L;Tris=0.08  ,5.1.3.5, , , , , 
1099,1213.0,57.0,UDPglucuronate 4-epimerase,kegg:C00167 = kegg:C00617,CHB_17200 = CHB_16085,UDP-D-glucuronate(aq) = UDP-D-galacturonate(aq),Feingold D.S.; Neufeld E.F.; Hassid W.Z.; J. Biol. Chem.; 235 910 (1960).,60FEI/NEU_1270,13821949.0, ,310.15,7.5,1.1, ,electrophoresis and radioactivity,Tris (0.08 mol dm-3) + HCl,mol/L;Tris=0.08  ,5.1.3.6, , , , , 
1100,,4235.0,creatine kinase and myosin ATPase,kegg:C02305 + kegg:C00001 = kegg:C00300 + kegg:C00009, ,phosphocreatine(aq) + H2O(l) = creatine(aq) + orthophosphate(aq),Gellert M.; Sturtevant J.M.; J. Am. Chem. Soc.; 82 1497 (1960).,60GEL/STU_1079, , ,298.15,8.0, , ,calorimetry,Tris (0.045 mol dm-3), ,2.7.3.2 & 3.6.1.32, , , , ,-37.4
1101,,4404.0,creatine kinase and myosin ATPase,kegg:C02305 + kegg:C00001 = kegg:C00300 + kegg:C00009, ,phosphocreatine(aq) + H2O(l) = creatine(aq) + orthophosphate(aq),Gellert M.; Sturtevant J.M.; J. Am. Chem. Soc.; 82 1497 (1960).,60GEL/STU_613, , ,298.15,8.0, , ,calorimetry,Tris (0.045 mol dm-3), ,2.7.3.2 & 3.6.1.32, , , , ,-37.4
1102,1218.0,1095.0,lactaldehyde reductase (NADPH),kegg:C00583 + kegg:C00006 = kegg:C00424 + kegg:C00005,CHB_16997 + CHB_18009 = CHB_16474 + CHB_18041,"1,2-propanediol(aq) + NADP(aq) = L-lactaldehyde(aq) + NADPH(aq)",Gupta N.K.; Robinson W.G.; J. Biol. Chem.; 235 1609 (1960).,60GUP/ROB_186,13830319.0, ,298.15,10.0,0.0024, ,spectrophotometry,Tris,mol/L;Tris=0.005  ,1.1.1.55, , , , , 
1103,1215.0,1092.0,lactaldehyde reductase (NADPH),kegg:C00583 + kegg:C00006 = kegg:C00424 + kegg:C00005,CHB_16997 + CHB_18009 = CHB_16474 + CHB_18041,"1,2-propanediol(aq) + NADP(aq) = L-lactaldehyde(aq) + NADPH(aq)",Gupta N.K.; Robinson W.G.; J. Biol. Chem.; 235 1609 (1960).,60GUP/ROB_186,13830319.0, ,298.15,8.4,6.00E-05, ,spectrophotometry,Tris,mol/L;Tris=0.005  ,1.1.1.55, , , , , 
1104,1216.0,1093.0,lactaldehyde reductase (NADPH),kegg:C00583 + kegg:C00006 = kegg:C00424 + kegg:C00005,CHB_16997 + CHB_18009 = CHB_16474 + CHB_18041,"1,2-propanediol(aq) + NADP(aq) = L-lactaldehyde(aq) + NADPH(aq)",Gupta N.K.; Robinson W.G.; J. Biol. Chem.; 235 1609 (1960).,60GUP/ROB_186,13830319.0, ,298.15,9.0,0.00024, ,spectrophotometry,Tris,mol/L;Tris=0.005  ,1.1.1.55, , , , , 
1105,1217.0,1094.0,lactaldehyde reductase (NADPH),kegg:C00583 + kegg:C00006 = kegg:C00424 + kegg:C00005,CHB_16997 + CHB_18009 = CHB_16474 + CHB_18041,"1,2-propanediol(aq) + NADP(aq) = L-lactaldehyde(aq) + NADPH(aq)",Gupta N.K.; Robinson W.G.; J. Biol. Chem.; 235 1609 (1960).,60GUP/ROB_186,13830319.0, ,298.15,9.5,0.000759, ,spectrophotometry,Tris,mol/L;Tris=0.005  ,1.1.1.55, , , , , 
1106,1219.0,3637.0,lysine racemase,kegg:C00047 = kegg:C00739,CHB_18019 = CHB_16855,L-lysine(aq) = D-lysine(aq),Ichihara A.; Furiya S.; Suda M.; J. Biochem. (Tokyo); 48 277 (1960).,60ICH/FUR_1238, , ,303.15,8.0,1, , ,phosphate (0.04 mol dm-3),mol/L;phosphate buffer=0.04  ,5.1.1.5, , , , , 
1107,,335.0,urease,kegg:C00086 + 2 kegg:C00001 = 2 kegg:C00014 + kegg:C00288, ,urea(aq) + 2 H2O(l) = 2 ammonia(aq) + carbon dioxide(aq),Ishii K.; Rev. Phys. Chem. Jpn.; 29 99 (1960).,60ISH_997, , ,313.15,6.7, , ,calorimetry,phosphate, ,3.5.1.5, , , , ,-58.7
1108,,336.0,urease,kegg:C00086 + 2 kegg:C00001 = 2 kegg:C00014 + kegg:C00288, ,urea(aq) + 2 H2O(l) = 2 ammonia(aq) + carbon dioxide(aq),Ishii K.; Rev. Phys. Chem. Jpn.; 29 99 (1960).,60ISH_997, , ,313.15, , , ,calorimetry,phosphate, ,3.5.1.5, , , , ,-17.8
1109,,160.0,carbamate kinase,kegg:C00002 + kegg:C01563 = kegg:C00008 + kegg:C00169, ,ATP(aq) + ammonium carbamate(aq) = ADP(aq) + carbamoyl phosphate(aq),Jones M.E.; Lipmann F.; Proc. Natl. Acad. Sci. USA; 46 1194 (1960).,60JON/LIP_576,16590733.0,10.1073/pnas.46.9.1194,283.15,9.4,0.042, ,chemical analysis,Tris, ,2.7.2.2, , , , , 
1110,1220.0,2163.0,glucose-6-phosphate isomerase,kegg:C00092 = kegg:C00085,CHB_4170 = CHB_61553,D-glucose 6-phosphate(aq) = D-fructose 6-phosphate(aq),Kahana S.E.; Lowry O.H.; Schulz D.W.; Passonneau J.V.; Crawford E.J.; J. Biol. Chem.; 235 2178 (1960).,60KAH/LOW_1354,14408402.0, ,293.15,8.0,0.26, ,enzymatic assay; fluorimetry,Tris (0.05 mol dm-3),mol/L;Tris=0.05  ,5.3.1.9, , , , , 
1111,1221.0,2162.0,glucose-6-phosphate isomerase,kegg:C00092 = kegg:C00085,CHB_4170 = CHB_61553,D-glucose 6-phosphate(aq) = D-fructose 6-phosphate(aq),Kahana S.E.; Lowry O.H.; Schulz D.W.; Passonneau J.V.; Crawford E.J.; J. Biol. Chem.; 235 2178 (1960).,60KAH/LOW_1354,14408402.0, ,303.15,8.0,0.298, ,enzymatic assay; fluorimetry,Tris (0.05 mol dm-3),mol/L;Tris=0.05  ,5.3.1.9, , , , , 
1112,1222.0,2164.0,glucose-6-phosphate isomerase,kegg:C00092 = kegg:C00085,CHB_4170 = CHB_61553,D-glucose 6-phosphate(aq) = D-fructose 6-phosphate(aq),Kahana S.E.; Lowry O.H.; Schulz D.W.; Passonneau J.V.; Crawford E.J.; J. Biol. Chem.; 235 2178 (1960).,60KAH/LOW_1354,14408402.0, ,311.15,8.0,0.327, ,enzymatic assay; fluorimetry,Tris (0.05 mol dm-3),mol/L;Tris=0.05  ,5.3.1.9, , , , , 
1113,1223.0,721.0,methenyltetrahydrofolate cyclohydrolase,kegg:C00445 + kegg:C00001 = kegg:C00234,CHB_15377 + CHB_15638 = CHB_15637,"5,10-methenyltetrahydrofolate(aq) + H2O(l) = 10-formyltetrahydrofolate(aq)",Kay L.D.; Osborn M.J.; Hatefi I.; Huennekens F.M.; J. Biol. Chem.; 235 195 (1960).,60KAY/OSB_1057,14404999.0, ,298.15,4.74,0.0733, ,spectrophotometry,citrate phosphate and acetate,   ,3.5.4.9, , , , , 
1114,1226.0,722.0,methenyltetrahydrofolate cyclohydrolase,kegg:C00445 + kegg:C00001 = kegg:C00234,CHB_15377 + CHB_15638 = CHB_15637,"5,10-methenyltetrahydrofolate(aq) + H2O(l) = 10-formyltetrahydrofolate(aq)",Kay L.D.; Osborn M.J.; Hatefi I.; Huennekens F.M.; J. Biol. Chem.; 235 195 (1960).,60KAY/OSB_1057,14404999.0, ,298.15,5.2,0.127, ,spectrophotometry,citrate phosphate and acetate,   ,3.5.4.9, , , , , 
1115,1227.0,723.0,methenyltetrahydrofolate cyclohydrolase,kegg:C00445 + kegg:C00001 = kegg:C00234,CHB_15377 + CHB_15638 = CHB_15637,"5,10-methenyltetrahydrofolate(aq) + H2O(l) = 10-formyltetrahydrofolate(aq)",Kay L.D.; Osborn M.J.; Hatefi I.; Huennekens F.M.; J. Biol. Chem.; 235 195 (1960).,60KAY/OSB_1057,14404999.0, ,298.15,5.2,0.221, ,spectrophotometry,citrate phosphate and acetate,   ,3.5.4.9, , , , , 
1116,1224.0,726.0,methenyltetrahydrofolate cyclohydrolase,kegg:C00445 + kegg:C00001 = kegg:C00234,CHB_15377 + CHB_15638 = CHB_15637,"5,10-methenyltetrahydrofolate(aq) + H2O(l) = 10-formyltetrahydrofolate(aq)",Kay L.D.; Osborn M.J.; Hatefi I.; Huennekens F.M.; J. Biol. Chem.; 235 195 (1960).,60KAY/OSB_1057,14404999.0, ,298.15,5.7,0.818, ,spectrophotometry,citrate phosphate and acetate,   ,3.5.4.9, , , , , 
1117,1228.0,724.0,methenyltetrahydrofolate cyclohydrolase,kegg:C00445 + kegg:C00001 = kegg:C00234,CHB_15377 + CHB_15638 = CHB_15637,"5,10-methenyltetrahydrofolate(aq) + H2O(l) = 10-formyltetrahydrofolate(aq)",Kay L.D.; Osborn M.J.; Hatefi I.; Huennekens F.M.; J. Biol. Chem.; 235 195 (1960).,60KAY/OSB_1057,14404999.0, ,298.15,7.0,11, ,spectrophotometry,citrate phosphate and acetate,   ,3.5.4.9, , , , , 
1118,1225.0,725.0,methenyltetrahydrofolate cyclohydrolase,kegg:C00445 + kegg:C00001 = kegg:C00234,CHB_15377 + CHB_15638 = CHB_15637,"5,10-methenyltetrahydrofolate(aq) + H2O(l) = 10-formyltetrahydrofolate(aq)",Kay L.D.; Osborn M.J.; Hatefi I.; Huennekens F.M.; J. Biol. Chem.; 235 195 (1960).,60KAY/OSB_1057,14404999.0, ,298.15,7.13,12.7, ,spectrophotometry,citrate phosphate and acetate,   ,3.5.4.9, , , , , 
1119,1229.0,2911.0,UDPglucose-hexose-1-phosphate uridylyltransferase,kegg:C00029 + kegg:C03384 = kegg:C00103 + kegg:C00052,CHB_18066 + CHB_37480 = CHB_16077 + CHB_18307,UDPglucose(aq) + Î±-D-galactose 1-phosphate(aq) = Î±-D-glucose 1-phosphate(aq) + UDPgalactose(aq),Hurahashi K.; Sugimura A.; J. Biol. Chem.; 235 940 (1960).,60KUR/SUG_696,14412847.0, ,303.15,8.75,1.1, ,spectrophotometry and enzymatic assay,glycine (0.1 mol dm-3),mol/L;glycine buffer=0.1;(Mg)1(Cl)2=0.01;cysteine-HCl=0.008;UDPglucose=0.00065;D-galactose 1-phosphate=0.00105;D-glucose 1-phosphate=0;UDPgalactose=0  ,2.7.7.12, , , , , 
1120,1155,2297.0,UDPglucose 4-epimerase,kegg:C00029 = kegg:C00052,CHB_15361 + CHB_15422 = CHB_16761 + CHB_18021,UDPglucose(aq) = UDPgalactose(aq),Maxwell E.S.; deRobichon-Szulmajster H.; J. Biol. Chem.; 235 308 (1960).,60MAX/ROB_1250, , ,298.15,8.7,0.33, ,enzymatic assay and spectrophotometry,glycine (0.1 mol dm-3),mol/L;pyruvate=0.0852;phosphoenolpyruvate=0.0008;ATP=0.0042;ADP=0.0008;Tris=0.067;(Mg)1(Cl)2=0.00067;(K)1=0.086 _ nan _ ,5.1.3.2 & 2.7.1.40, , ,, , 
1121,1231.0,1573.0,sucrose-phosphate synthase,kegg:C00029 + kegg:C00085 = kegg:C00015 + kegg:C16688,CHB_18066 + CHB_61553 = CHB_16308 + CHB_17659,UDPglucose(aq) + D-fructose 6-phosphate(aq) = UDP(aq) + sucrose 6-phosphate(aq),Mendicino J.; J. Biol. Chem.; 235 3347 (1960).,60MEN_429,13769376.0, ,311.15,5.5,53, ,"chromatography, radioactivity, and chromatography, radioactivity, and chemical analysis and chemical analysis",Tris and acetate,mol/L;acetate buffer=0.033;UDP=0.00453;D-fructose 6-phosphate=0.000467;sucrose 6-phosphate=0.00253;UDPglucose=0.000467  ,2.4.1.14, , , , , 
1122,1232.0,1572.0,sucrose-phosphate synthase,kegg:C00029 + kegg:C00085 = kegg:C00015 + kegg:C16688,CHB_18066 + CHB_61553 = CHB_16308 + CHB_17659,UDPglucose(aq) + D-fructose 6-phosphate(aq) = UDP(aq) + sucrose 6-phosphate(aq),Mendicino J.; J. Biol. Chem.; 235 3347 (1960).,60MEN_429,13769376.0, ,311.15,7.5,3250, ,"chromatography, radioactivity, and chromatography, radioactivity, and chemical analysis and chemical analysis",Tris and acetate,mol/L;Tris buffer=0.033;UDP=0.00493;D-fructose 6-phosphate=0.000067;sucrose 6-phosphate=0.00293;UDPglucose=0.000067  ,2.4.1.14, , , , , 
1123,1233.0,171.0,4-hydroxybutyrate dehydrogenase,kegg:C00989 + kegg:C00003 = kegg:C00232 + kegg:C00004,CHB_15846 + CHB_16724 = CHB_16908 + CHB_57706,4-hydroxybutanoate(aq) + NAD(aq) = 4-oxobutanoate(aq) + NADH(aq),Nirenberg M.W.; Jakoby W.B.; J. Biol. Chem.; 235 954 (1960).,60NIR/JAK_193,14427301.0, ,298.15,7.14,3.9, ,spectrophotometry,Tris + HCl,mol/L;Tris-HCl=0.1  ,1.1.1.61, , , , , 
1124,1234.0,172.0,4-hydroxybutyrate dehydrogenase,kegg:C00989 + kegg:C00003 = kegg:C00232 + kegg:C00004,CHB_15846 + CHB_16724 = CHB_16908 + CHB_57706,4-hydroxybutanoate(aq) + NAD(aq) = 4-oxobutanoate(aq) + NADH(aq),Nirenberg M.W.; Jakoby W.B.; J. Biol. Chem.; 235 954 (1960).,60NIR/JAK_193,14427301.0, ,298.15,8.0,25, ,spectrophotometry,Tris + HCl,mol/L;Tris-HCl=0.1  ,1.1.1.61, , , , , 
1125,,1484.0,alanine dehydrogenase,kegg:C00041 + kegg:C00003 + kegg:C00001 = kegg:C00022 + kegg:C00004 + kegg:C00014, ,L-alanine(aq) + NAD(aq) + H2O(l) = pyruvate(aq) + NADH(aq) + ammonia(aq),O'Connor R.J.; Halvorson H.O.; Arch. Biochem. Biophys.; 91 290 (1960).,60OCO/HAL_269,13730045.0,10.1016/0003-9861(60)90503-8,298.15,10.0,0.000136, ,spectrophotometry,carbonate/bicarbonate (0.075 mol dm-3), ,1.4.1.1, , , , , 
1126,1236.0,487.0,alanine dehydrogenase,kegg:C00041 + kegg:C00003 + kegg:C00001 = kegg:C00022 + kegg:C00004 + kegg:C00014,CHB_15377 + CHB_15846 + CHB_16977 = CHB_15361 + CHB_16134 + CHB_16908,L-alanine(aq) + NAD(aq) + H2O(l) = pyruvate(aq) + NADH(aq) + ammonia(aq),Pierard A.; Wiame J.M.; Biochim. Biophys. Acta; 37 490 (1960).,60PIE/WIA_270, , ,298.15,7.97,6.01E-06, ,spectrophotometry,pyrophosphate (0.1 mol dm-3),mol/L;pyrophosphate buffer=0.1  ,1.4.1.1, , , , , 
1127,1237.0,488.0,alanine dehydrogenase,kegg:C00041 + kegg:C00003 + kegg:C00001 = kegg:C00022 + kegg:C00004 + kegg:C00014,CHB_15377 + CHB_15846 + CHB_16977 = CHB_15361 + CHB_16134 + CHB_16908,L-alanine(aq) + NAD(aq) + H2O(l) = pyruvate(aq) + NADH(aq) + ammonia(aq),Pierard A.; Wiame J.M.; Biochim. Biophys. Acta; 37 490 (1960).,60PIE/WIA_270, , ,298.15,7.98,7.68E-06, ,spectrophotometry,pyrophosphate (0.1 mol dm-3),mol/L;pyrophosphate buffer=0.1  ,1.4.1.1, , , , , 
1128,1238.0,494.0,alanine dehydrogenase,kegg:C00041 + kegg:C00003 + kegg:C00001 = kegg:C00022 + kegg:C00004 + kegg:C00014,CHB_15377 + CHB_15846 + CHB_16977 = CHB_15361 + CHB_16134 + CHB_16908,L-alanine(aq) + NAD(aq) + H2O(l) = pyruvate(aq) + NADH(aq) + ammonia(aq),Pierard A.; Wiame J.M.; Biochim. Biophys. Acta; 37 490 (1960).,60PIE/WIA_270, , ,298.15,8.32,1.80E-05, ,spectrophotometry,pyrophosphate (0.1 mol dm-3),mol/L;pyrophosphate buffer=0.1  ,1.4.1.1, , , , , 
1129,1239.0,489.0,alanine dehydrogenase,kegg:C00041 + kegg:C00003 + kegg:C00001 = kegg:C00022 + kegg:C00004 + kegg:C00014,CHB_15377 + CHB_15846 + CHB_16977 = CHB_15361 + CHB_16134 + CHB_16908,L-alanine(aq) + NAD(aq) + H2O(l) = pyruvate(aq) + NADH(aq) + ammonia(aq),Pierard A.; Wiame J.M.; Biochim. Biophys. Acta; 37 490 (1960).,60PIE/WIA_270, , ,298.15,8.35,1.96E-05, ,spectrophotometry,pyrophosphate (0.1 mol dm-3),mol/L;pyrophosphate buffer=0.1  ,1.4.1.1, , , , , 
1130,1241.0,493.0,alanine dehydrogenase,kegg:C00041 + kegg:C00003 + kegg:C00001 = kegg:C00022 + kegg:C00004 + kegg:C00014,CHB_15377 + CHB_15846 + CHB_16977 = CHB_15361 + CHB_16134 + CHB_16908,L-alanine(aq) + NAD(aq) + H2O(l) = pyruvate(aq) + NADH(aq) + ammonia(aq),Pierard A.; Wiame J.M.; Biochim. Biophys. Acta; 37 490 (1960).,60PIE/WIA_270, , ,298.15,8.73,5.32E-05, ,spectrophotometry,pyrophosphate (0.1 mol dm-3),mol/L;pyrophosphate buffer=0.1  ,1.4.1.1, , , , , 
1131,1240.0,495.0,alanine dehydrogenase,kegg:C00041 + kegg:C00003 + kegg:C00001 = kegg:C00022 + kegg:C00004 + kegg:C00014,CHB_15377 + CHB_15846 + CHB_16977 = CHB_15361 + CHB_16134 + CHB_16908,L-alanine(aq) + NAD(aq) + H2O(l) = pyruvate(aq) + NADH(aq) + ammonia(aq),Pierard A.; Wiame J.M.; Biochim. Biophys. Acta; 37 490 (1960).,60PIE/WIA_270, , ,298.15,8.77,5.26E-05, ,spectrophotometry,pyrophosphate (0.1 mol dm-3),mol/L;pyrophosphate buffer=0.1  ,1.4.1.1, , , , , 
1132,1242.0,490.0,alanine dehydrogenase,kegg:C00041 + kegg:C00003 + kegg:C00001 = kegg:C00022 + kegg:C00004 + kegg:C00014,CHB_15377 + CHB_15846 + CHB_16977 = CHB_15361 + CHB_16134 + CHB_16908,L-alanine(aq) + NAD(aq) + H2O(l) = pyruvate(aq) + NADH(aq) + ammonia(aq),Pierard A.; Wiame J.M.; Biochim. Biophys. Acta; 37 490 (1960).,60PIE/WIA_270, , ,298.15,9.1,0.000115, ,spectrophotometry,pyrophosphate (0.1 mol dm-3),mol/L;pyrophosphate buffer=0.1  ,1.4.1.1, , , , , 
1133,1243.0,491.0,alanine dehydrogenase,kegg:C00041 + kegg:C00003 + kegg:C00001 = kegg:C00022 + kegg:C00004 + kegg:C00014,CHB_15377 + CHB_15846 + CHB_16977 = CHB_15361 + CHB_16134 + CHB_16908,L-alanine(aq) + NAD(aq) + H2O(l) = pyruvate(aq) + NADH(aq) + ammonia(aq),Pierard A.; Wiame J.M.; Biochim. Biophys. Acta; 37 490 (1960).,60PIE/WIA_270, , ,298.15,9.14,0.000119, ,spectrophotometry,pyrophosphate (0.1 mol dm-3),mol/L;pyrophosphate buffer=0.1  ,1.4.1.1, , , , , 
1134,1244.0,496.0,alanine dehydrogenase,kegg:C00041 + kegg:C00003 + kegg:C00001 = kegg:C00022 + kegg:C00004 + kegg:C00014,CHB_15377 + CHB_15846 + CHB_16977 = CHB_15361 + CHB_16134 + CHB_16908,L-alanine(aq) + NAD(aq) + H2O(l) = pyruvate(aq) + NADH(aq) + ammonia(aq),Pierard A.; Wiame J.M.; Biochim. Biophys. Acta; 37 490 (1960).,60PIE/WIA_270, , ,298.15,9.22,0.00016, ,spectrophotometry,pyrophosphate (0.1 mol dm-3),mol/L;pyrophosphate buffer=0.1  ,1.4.1.1, , , , , 
1135,1245.0,492.0,alanine dehydrogenase,kegg:C00041 + kegg:C00003 + kegg:C00001 = kegg:C00022 + kegg:C00004 + kegg:C00014,CHB_15377 + CHB_15846 + CHB_16977 = CHB_15361 + CHB_16134 + CHB_16908,L-alanine(aq) + NAD(aq) + H2O(l) = pyruvate(aq) + NADH(aq) + ammonia(aq),Pierard A.; Wiame J.M.; Biochim. Biophys. Acta; 37 490 (1960).,60PIE/WIA_270, , ,298.15,9.41,0.000268, ,spectrophotometry,pyrophosphate (0.1 mol dm-3),mol/L;pyrophosphate buffer=0.1  ,1.4.1.1, , , , , 
1136,1246.0,1315.0,deoxyribose-phosphate aldolase,kegg:C00673 = kegg:C00118 + kegg:C00084,MAN_10201 = CHB_15343 + CHB_29052,2-deoxy-D-ribose 5-phosphate(aq) = D-glyceraldehyde 3-phosphate(aq) + acetaldehyde(aq),Pricer W.E.; Horecker B.L.; J. Biol. Chem.; 235 1292 (1960).,60PRI/HOR_1087,14434864.0, ,310.15,6.3,0.000235, ,"enzymatic assay, chemical analysis, and spectrophotometry",maleate (0.025 mol dm-3),mol/L;potassium maleate buffer = 0.025  ,4.1.2.4, , , , , 
1137,1247.0,3198.0,arginosuccinate synthase,kegg:C00002 + kegg:C00327 + kegg:C00049 = kegg:C00020 + kegg:C00013 + kegg:C03406,CHB_15422 + CHB_16349 + CHB_29991 = CHB_15682 + CHB_16027 + CHB_18361,ATP(aq) + L-citrulline(aq) + L-aspartate(aq) = AMP(aq) + diphosphate(aq) + L-arginosuccinate(aq),Schuegraf A.; Ratner S.; Warner R.C.; J. Biol. Chem.; 235 3597 (1960).,60SCH/RAT_1444,13748745.0, ,311.15,5.9,0.14, ,spectrophotometry,Tris (0.1 mol dm-3),2.18 = -log[Mg+2] _ mol/L;Tris maleate buffer =0.1;(Mg)1(SO4)1=0.0066;L-arginosuccinate=0.00042;diphosphate=0.00042;AMP=0.00041;L-citrulline=0.00079;L-aspartate=0.00083;ATP=0.00080 _ MgCl2 (0.0066 mol/L) _ ,6.3.4.5, ,0.0066 MgCl2, , , 
1138,1248.0,3195.0,arginosuccinate synthase,kegg:C00002 + kegg:C00327 + kegg:C00049 = kegg:C00020 + kegg:C00013 + kegg:C03406,CHB_15422 + CHB_16349 + CHB_29991 = CHB_15682 + CHB_16027 + CHB_18361,ATP(aq) + L-citrulline(aq) + L-aspartate(aq) = AMP(aq) + diphosphate(aq) + L-arginosuccinate(aq),Schuegraf A.; Ratner S.; Warner R.C.; J. Biol. Chem.; 235 3597 (1960).,60SCH/RAT_1444,13748745.0, ,311.15,6.91,2.14, ,spectrophotometry,Tris (0.1 mol dm-3),2.18 = -log[Mg+2] _ mol/L;Tris maleate buffer =0.1;(Mg)1(SO4)1=0.0066;L-arginosuccinate=0.00075;diphosphate=0.00060;AMP=0.00069;L-citrulline=0.00052;L-aspartate=0.00052;ATP=0.00050 _ MgCl2 (0.0066 mol/L) _ ,6.3.4.5, ,0.0066 MgCl2, , , 
1139,1249.0,3197.0,arginosuccinate synthase,kegg:C00002 + kegg:C00327 + kegg:C00049 = kegg:C00020 + kegg:C00013 + kegg:C03406,CHB_15422 + CHB_16349 + CHB_29991 = CHB_15682 + CHB_16027 + CHB_18361,ATP(aq) + L-citrulline(aq) + L-aspartate(aq) = AMP(aq) + diphosphate(aq) + L-arginosuccinate(aq),Schuegraf A.; Ratner S.; Warner R.C.; J. Biol. Chem.; 235 3597 (1960).,60SCH/RAT_1444,13748745.0, ,311.15,7.7,38.3, ,spectrophotometry,Tris (0.1 mol dm-3),2.18 = -log[Mg+2] _ mol/L;Tris maleate buffer =0.1;(Mg)1(SO4)1=0.0066;L-arginosuccinate=0.00093;diphosphate=0.00092;AMP=0.00092;L-citrulline=0.00024;L-aspartate=0.00029;ATP=0.00030 _ MgCl2 (0.0066 mol/L) _ ,6.3.4.5, ,0.0066 MgCl2, , , 
1140,1250.0,3196.0,arginosuccinate synthase,kegg:C00002 + kegg:C00327 + kegg:C00049 = kegg:C00020 + kegg:C00013 + kegg:C03406,CHB_15422 + CHB_16349 + CHB_29991 = CHB_15682 + CHB_16027 + CHB_18361,ATP(aq) + L-citrulline(aq) + L-aspartate(aq) = AMP(aq) + diphosphate(aq) + L-arginosuccinate(aq),Schuegraf A.; Ratner S.; Warner R.C.; J. Biol. Chem.; 235 3597 (1960).,60SCH/RAT_1444,13748745.0, ,311.15,7.79,69.5, ,spectrophotometry,Tris (0.1 mol dm-3),2.18 = -log[Mg+2] _ mol/L;Tris maleate buffer =0.1;(Mg)1(SO4)1=0.0066;L-arginosuccinate=0.00042;diphosphate=0.00042;AMP=0.00041;L-citrulline=0.00079;L-aspartate=0.00083;ATP=0.00025 _ MgCl2 (0.0066 mol/L) _ ,6.3.4.5, ,0.0066 MgCl2, , , 
1141,1251.0,1544.0,arabinose-5-phosphate isomerase,kegg:C01112 = kegg:C00199,CHB_86279 = CHB_17363,D-arabinose 5-phosphate(aq) = D-ribulose 5-phosphate(aq),Volk W.A.; J. Biol. Chem.; 235 1550 (1960).,60VOL_1370, , ,310.15,8.0,0.295, ,spectrophotometry,glycylglycine (0.0033 mol dm-3),mol/L;glycylglycine buffer=0.033  ,5.3.1.13, , , , , 
1142,1252.0,3252.0,cellobiose phosphorylase,kegg:C00185 + kegg:C00009 = kegg:C00031 + kegg:C00103,CHB_17057 + CHB_26078 = CHB_16077 + CHB_4167,cellobiose(aq) + orthophosphate(aq) = D-glucose(aq) + Î±-D-glucose 1-phosphate(aq),Alexander J.K.; J. Bacteriol.; 81 903 (1961).,61ALE_444,13682344.0, ,310.15,7.0,0.23, ,enzymatic assay,barbital (0.0075 mol dm-3) + acetate,mol/L;barbital-acetate buffer =0.0075;cellobiose=0.015;orthophosphate=0.01;D-glucose=0;D-glucose 1-phosphate=0  ,2.4.1.20, , , , , 
1143,1256.0,4266.0,galactokinase,kegg:C00002 + kegg:C00124 = kegg:C00008 + kegg:C03384,CHB_15422 + CHB_4139 = CHB_16761 + CHB_37480,ATP(aq) + D-galactose(aq) = ADP(aq) + Î±-D-galactose 1-phosphate(aq),Atkinson M.R.; Burton R.M.; Morton R.K.; Biochem. J.; 78 813 (1961).,61ATK/BUR_550, , ,298.15,7.0,24, ,electrophoresis and enzymatic assay,HCl + NaOH,2.0 = -log[Mg+2] _ mol/L;(Mg)1(Cl)2=0.01;ADP=0.00239;ATP=0.00111;AMP=0.00243;D-galactose=0.00082;D-galactose 1-phosphate=0.0104 _ MgCl2 (0.01 mol/L) _ ,2.7.1.6, ,0.01 MgCl2, , , 
1144,1255.0,4267.0,galactokinase,kegg:C00002 + kegg:C00124 = kegg:C00008 + kegg:C03384,CHB_15422 + CHB_4139 = CHB_16761 + CHB_37480,ATP(aq) + D-galactose(aq) = ADP(aq) + Î±-D-galactose 1-phosphate(aq),Atkinson M.R.; Burton R.M.; Morton R.K.; Biochem. J.; 78 813 (1961).,61ATK/BUR_550, , ,298.15,7.0,26, ,electrophoresis and enzymatic assay,HCl + NaOH,1.6 = -log[Mg+2] _ mol/L;(Mg)1(Cl)2=0.025;ADP=0.0028;ATP=0.001;AMP=0.0021;D-galactose=0.0012;D-galactose 1-phosphate=0.012 _ MgCl2 (0.025 mol/L) _ ,2.7.1.6, ,0.025 MgCl2, , , 
1145,1254.0,2413.0,adenylate kinase,2 kegg:C00008 = kegg:C00020 + kegg:C00002,2 CHB_16761 = CHB_15422 + CHB_16027,2 ADP(aq) = AMP(aq) + ATP(aq),Atkinson M.R.; Burton R.M.; Morton R.K.; Biochem. J.; 78 813 (1961).,61ATK/BUR_640,13684980.0,10.1042/bj0780813,298.15,7.0,0.48, ,electrophoresis and enzymatic assay,HCl + NaOH,2.0 = -log[Mg+2] _ mol/L;(Mg)1(Cl)2=0.01;ADP=0.00239;ATP=0.00111;AMP=0.00243;D-galactose=0.00082;D-galactose 1-phosphate=0.0104 _ MgCl2 (0.01 mol/L) _ ,2.7.4.3, ,0.01 MgCl2, , , 
1146,1253.0,2414.0,adenylate kinase,2 kegg:C00008 = kegg:C00020 + kegg:C00002,2 CHB_16761 = CHB_15422 + CHB_16027,2 ADP(aq) = AMP(aq) + ATP(aq),Atkinson M.R.; Burton R.M.; Morton R.K.; Biochem. J.; 78 813 (1961).,61ATK/BUR_640,13684980.0,10.1042/bj0780813,298.15,7.0,0.28, ,electrophoresis and enzymatic assay,HCl + NaOH,1.6 = -log[Mg+2] _ mol/L;(Mg)1(Cl)2=0.025;ADP=0.0028;ATP=0.001;AMP=0.0021;D-galactose=0.0012;D-galactose 1-phosphate=0.012 _ MgCl2 (0.025 mol/L) _ ,2.7.4.3, ,0.025 MgCl2, , , 
1147,,1437.0,alkaline phosphatase,kegg:C00092 + kegg:C00001 = kegg:C00031 + kegg:C00009, ,D-glucose 6-phosphate(aq) + H2O(l) = D-glucose(aq) + orthophosphate(aq),Atkinson M.R.; Johnson E.; Morton R.K.; Biochem. J.; 79 12 (1961).,61ATK/JOH_772,13684982.0,10.1042/bj0790012,298.15,7.0,263, ,enzymatic assay and spectrophotometry,NaOH + HCl, ,3.1.3.1, , , , , 
1148,,560.0,_-phosphoglucomutase,kegg:C00103 = kegg:C00092, ,Î²-D-glucose 1-phosphate(aq) = Î²-D-glucose 6-phosphate(aq),Ben-Zvi R.; Schramm M.; J. Biol. Chem.; 236 2186 (1961).,61BEN/SCH_1408, , ,310.15,6.5,24, ,enzymatic assay,histidine (0.001 mol dm-3), ,5.4.2.6, , , , , 
1149,,3392.0,valine-tRNA ligase,kegg:C00002 + kegg:C00183 + kegg:C01653 = kegg:C00020 + kegg:C00013 + kegg:C02554, ,ATP(aq) +L-valine(aq) +tRNAval(aq) = AMP(aq) + diphosphate(aq) + L-valyl-tRNAval(aq),Berg P.; Bergmann F.H.; Ofengand E.J.; Dieckmann M.; J. Biol. Chem.; 236 1726 (1961).,61BER/BER_1431, , ,310.15,7.0,0.32, ,radioactivity and spectrophotometry,sodium cacodylate (0.1 mol dm-3), ,6.1.1.9, , , , , 
1150,1260.0,3142.0,transketolase,kegg:C00085 + kegg:C00118 = kegg:C00279 + kegg:C00231,CHB_29052 + CHB_61553 = CHB_16332 + CHB_48153,D-fructose 6-phosphate(aq) + D-glyceraldehyde 3-phosphate(aq) = D-erythrose 4-phosphate(aq) + D-xylulose 5-phosphate(aq),Datta A.G.; Racker E.; J. Biol. Chem.; 236 617 (1961).,61DAT/RAC_365, , ,298.15,7.6,0.084, ,enzymatic assay and spectrophotometry,glycylglycine (0.025 mol dm-3),mol/L;glycylglycine buffer=0.025;(Mg)1(Cl)2=0.001;D-xylulose 5-phosphate=0.00101;D-erythrose 4-phosphate=0.000965;D-fructose 6-phosphate=0;D-glyceraldehyde 3-phosphate=0  ,2.2.1.1, , , , , 
1151,1261.0,3141.0,transketolase,kegg:C00085 + kegg:C00266 = kegg:C02045 + kegg:C00279,CHB_17071 + CHB_61553 = CHB_27913 + CHB_48153,D-fructose 6-phosphate(aq) + glycolaldehyde(aq) = L-erythrulose(aq) + D-erythrose 4-phosphate(aq),Datta A.G.; Racker E.; J. Biol. Chem.; 236 617 (1961).,61DAT/RAC_367, , ,298.15,7.6,0.015, ,enzymatic assay and spectrophotometry,glycylglycine (0.025 mol dm-3),mol/L;glycylglycine buffer=0.025;(Mg)1(Cl)2=0.001;D-fructose 6-phosphate=0.001;glycolaldehyde=0.001;L-erythrulose=0;D-erythrose 4-phosphate=0  ,2.2.1.1, , , , , 
1152,1262.0,3138.0,transketolase,kegg:C05382 + kegg:C00118 = kegg:C00117 + kegg:C00231,CHB_29052 + MAN_10207 = CHB_16332 + CHB_52742,sedoheptulose 7-phosphate(aq) + D-glyceraldehyde 3-phosphate(aq) = D-ribose 5-phosphate(aq) + D-xylulose 5-phosphate(aq),Datta A.G.; Racker E.; J. Biol. Chem.; 236 617 (1961).,61DAT/RAC_368,13719876.0, ,298.15,7.6,0.9, ,enzymatic assay and spectrophotometry,glycylglycine (0.025 mol dm-3),mol/L;glycylglycine buffer=0.025;(Mg)1(Cl)2=0.001;sedoheptulose 7-phosphate=0.000474;D-glyceraldehyde 3-phosphate=0.0004415;D-ribose 5-phosphate=0.000545;D-xylulose 5-phosphate=0.0003245  ,2.2.1.1, , , , , 
1153,1265.0,1485.0,3-hydroxybutyrate dehydrogenase,kegg:C01089 + kegg:C00003 = kegg:C00164 + kegg:C00004,CHB_10983 + CHB_15846 = CHB_13705 + CHB_16908,(R)-3-hydroxybutanoate(aq) + NAD(aq) = 3-oxobutanoate(aq) + NADH(aq),Doudoroff M.; Merrick J.M.; Contopoulou R.; Fed. Proc. Fed. Am. Soc. Exp. Biol.; 20 272 (1961).,61DOU/MER_117, , ,305.15,8.0,0.13, , ,Tris,   ,1.1.1.30, , , , , 
1154,1264.0,1903.0,sucrose phosphorylase,kegg:C00089 + kegg:C00009 = kegg:C00103 + kegg:C00095,CHB_17992 + CHB_26078 = CHB_16077 + CHB_37721,sucrose(aq) + orthophosphate(aq) = Î±-D-glucose 1-phosphate(aq) + D-fructose(aq),"Doudoroff M.; in ""Biochemist's Handbook""; C. Long ed.; D. Van Nostrand Co. Princeton New Jersey (1961) pp. 477-478.",61DOU_416, , ,303.15,6.6,20, , , ,   ,2.4.1.7, , , , , 
1155,1263.0,2731.0,maltose phosphorylase,kegg:C00208 + kegg:C00009 = kegg:C00031 + kegg:C00103,CHB_17306 + CHB_26078 = CHB_16077 + CHB_4167,maltose(aq) + orthophosphate(aq) = D-glucose(aq) + Î²-D-glucose 1-phosphate(aq),"Doudoroff M.; in ""Biochemist's Handbook""; C. Long ed.; D. Van Nostrand Co. Princeton New Jersey (1961) pp. 477-478.",61DOU_420, , ,310.15,7.0,0.23, , , ,   ,2.4.1.8, , , , , 
1156,, ,chymotrypsin, , ,N-benzoyl-L-tyrosylglycinanilide(aq) + H2O(l) = N-benzoyl-L-tyrosine(aq) + glycylanalide(aq),Gawron O.; Glaid A.J. III; Boyle R.E.; Odstrchel G.; Arch. Biochem. Biophys.; 95 203 (1961).,61GAW/GLA_974,13897360.0,10.1016/0003-9861(61)90136-9,296.15,6.5,10, ,spectrophotometry,phosphate, ,3.4.21.1, , , , , 
1157,1267,4216.0,2-hydroxy-3-oxopropionate reductase,kegg:C00258 + kegg:C00003 = kegg:C01146 + kegg:C00004,CHB_15846 + CHB_16659 = CHB_16908 + CHB_16992,(R)-glycerate(aq) + NAD(aq) = 2-hydroxy-3-oxopropanoate(aq) + NADH(aq),Gotto A.M.; Kornberg H.L.; Biochem. J.; 81 273 (1961).,61GOT/KOR_191,13900766.0,10.1042/bj0810273,296.15,7.49,1.90E-06, ,spectrophotometry,potassium phosphate (0.10 mol dm-3),mol/L;potassium phosphate buffer=0.1;(K)1=0.0161;(R)-glycerate=0.0161 _ nan _ ,1.1.1.60, , ,, , 
1158,1268.0,4217.0,2-hydroxy-3-oxopropionate reductase,kegg:C00258 + kegg:C00003 = kegg:C01146 + kegg:C00004,CHB_15846 + CHB_16659 = CHB_16908 + CHB_16992,(R)-glycerate(aq) + NAD(aq) = 2-hydroxy-3-oxopropanoate(aq) + NADH(aq),Gotto A.M.; Kornberg H.L.; Biochem. J.; 81 273 (1961).,61GOT/KOR_191,13900766.0,10.1042/bj0810273,296.15,8.49,1.60E-05, ,spectrophotometry,potassium phosphate (0.10 mol dm-3),mol/L;potassium phosphate buffer=0.1;(K)1=0.007;(R)-glycerate=0.007  ,1.1.1.60, , , , , 
1159,1269.0,2665.0,UTP-glucose-1-phosphate uridylyltransferase,kegg:C00075 + kegg:C00103 = kegg:C00013 + kegg:C00029,CHB_15713 + CHB_16077 = CHB_18066 + CHB_18361,UTP(aq) + Î±-D-glucose 1-phosphate(aq) = pyrophosphate(aq) + UDPglucose(aq),"Klenow H.; in ""Biochemist's Handbook""; C. Long ed.; D. Van Nostrand Co. Princeton New Jersey (1961) pp. 483-484.",61KLE_685, , ,298.15, ,1, , , ,   ,2.7.7.9, , , , , 
1160,1270,1021.0,glucose-1-phosphate thymidylyltransferase,kegg:C00459 + kegg:C00103 = kegg:C00842 + kegg:C00013,CHB_16077 + CHB_18077 = CHB_15700 + CHB_18361,dTTP(aq) + Î±-D-glucose 1-phosphate(aq) = dTDPglucose(aq) + pyrophosphate(aq),Kornfeld S.; Glaser L.; J. Biol. Chem.; 236 1791 (1961).,61KOR/GLA_703,13753209.0, ,298.15,8.0,0.67, ,enzymatic assay,Tris (0.01 mol dm-3) + HCl,mol/L;Tris=0.01;(Mg)1(Cl)2=0.002;EDTA=0.0002;dTDPglucose=0.0002025;pyrophosphate=0.00025;dTTP=0;D-glucose 1-phosphate=0 _ nan _ ,2.7.7.24, , ,, , 
1161,1274.0,2422.0,dihydroorotate dehydrogenase,kegg:C00337 + kegg:C00003 = kegg:C00295 + kegg:C00004,CHB_15846 + CHB_30864 = CHB_16908 + CHB_30839,(S)-dihydroorotate(aq) + NAD(aq) = orotate(aq) + NADH(aq),Krakow G.; Vennesland B.; J. Biol. Chem.; 236 142 (1961).,61KRA/VEN_266, , ,293.15,6.1,0.00042, ,spectrophotometry,cysteine (0.0067 mol dm-3),mol/L;sodium phosphate buffer=0.2;L-cysteine=0.0067  ,1.3.99.11, , , , , 
1162,1275.0,2419.0,dihydroorotate dehydrogenase,kegg:C00337 + kegg:C00003 = kegg:C00295 + kegg:C00004,CHB_15846 + CHB_30864 = CHB_16908 + CHB_30839,(S)-dihydroorotate(aq) + NAD(aq) = orotate(aq) + NADH(aq),Krakow G.; Vennesland B.; J. Biol. Chem.; 236 142 (1961).,61KRA/VEN_266, , ,293.15,6.4,0.00106, ,spectrophotometry,cysteine (0.0067 mol dm-3),mol/L;sodium phosphate buffer=0.2;L-cysteine=0.0067  ,1.3.99.11, , , , , 
1163,1276.0,2420.0,dihydroorotate dehydrogenase,kegg:C00337 + kegg:C00003 = kegg:C00295 + kegg:C00004,CHB_15846 + CHB_30864 = CHB_16908 + CHB_30839,(S)-dihydroorotate(aq) + NAD(aq) = orotate(aq) + NADH(aq),Krakow G.; Vennesland B.; J. Biol. Chem.; 236 142 (1961).,61KRA/VEN_266, , ,293.15,6.7,0.00224, ,spectrophotometry,cysteine (0.0067 mol dm-3),mol/L;sodium phosphate buffer=0.2;L-cysteine=0.0067  ,1.3.99.11, , , , , 
1164,1277.0,2421.0,dihydroorotate dehydrogenase,kegg:C00337 + kegg:C00003 = kegg:C00295 + kegg:C00004,CHB_15846 + CHB_30864 = CHB_16908 + CHB_30839,(S)-dihydroorotate(aq) + NAD(aq) = orotate(aq) + NADH(aq),Krakow G.; Vennesland B.; J. Biol. Chem.; 236 142 (1961).,61KRA/VEN_266, , ,293.15,7.2,0.00619, ,spectrophotometry,cysteine (0.0067 mol dm-3),mol/L;sodium phosphate buffer=0.2;L-cysteine=0.0067  ,1.3.99.11, , , , , 
1165,1271.0,2416.0,dihydroorotate dehydrogenase,kegg:C00337 + COCO:COCOM00012 = kegg:C00295 + COCO:COCOM00013,CHB_30864 + PBC_123926 = CHB_30839 + MAN_10059,(S)-dihydroorotate(aq) + AP-NAD(aq) = orotate(aq) + AP-NADH(aq),Krakow G.; Vennesland B.; J. Biol. Chem.; 236 142 (1961).,61KRA/VEN_268,13753903.0, ,293.15,6.1,0.035, ,spectrophotometry,cysteine (0.0067 mol dm-3),mol/L;sodium phosphate buffer=0.2;L-cysteine=0.0067  ,1.3.99.11, , , , , 
1166,1272.0,2417.0,dihydroorotate dehydrogenase,kegg:C00337 + COCO:COCOM00012 = kegg:C00295 + COCO:COCOM00013,CHB_30864 + PBC_123926 = CHB_30839 + MAN_10059,(S)-dihydroorotate(aq) + AP-NAD(aq) = orotate(aq) + AP-NADH(aq),Krakow G.; Vennesland B.; J. Biol. Chem.; 236 142 (1961).,61KRA/VEN_268,13753903.0, ,293.15,6.4,0.093, ,spectrophotometry,cysteine (0.0067 mol dm-3),mol/L;sodium phosphate buffer=0.2;L-cysteine=0.0067  ,1.3.99.11, , , , , 
1167,1273.0,2418.0,dihydroorotate dehydrogenase,kegg:C00337 + COCO:COCOM00012 = kegg:C00295 + COCO:COCOM00013,CHB_30864 + PBC_123926 = CHB_30839 + MAN_10059,(S)-dihydroorotate(aq) + AP-NAD(aq) = orotate(aq) + AP-NADH(aq),Krakow G.; Vennesland B.; J. Biol. Chem.; 236 142 (1961).,61KRA/VEN_268,13753903.0, ,293.15,6.7,0.189, ,spectrophotometry,cysteine (0.0067 mol dm-3),mol/L;sodium phosphate buffer=0.2;L-cysteine=0.0067  ,1.3.99.11, , , , , 
1168,1278.0,3564.0,thiamin-phosphate pyrophosphorylase,kegg:C04752 + kegg:C04327 = kegg:C00013 + kegg:C01081,CHB_16629 + CHB_17857 = CHB_18361 + CHB_9533,2-methyl-4-amino-5-hydroxymethylpyrimidine diphosphate(aq) + 4-methyl-5-(2-phosphonoxyethyl)-thiazole(aq) = pyrophosphate(aq) + thiamine monophosphate(aq),Leder I.G.; J. Biol. Chem.; 236 3066 (1961).,61LED_488,14463407.0, ,310.15,9.2,6, ,fluorescence and chemical analysis,glycine (0.10 mol dm-3),mol/L;(Mg)1(SO4)1=0.0001;2-mercaptoethanol=0.0005;glycine buffer=0.1;thiamine monophosphate=0.000059;pyrophosphate=0.00036;2-methyl-4-amino-5-hydroxymethylpyrimidine diphosphate=0;4-methyl-5-(2-phosphonoxyethyl)-thiazole=0  ,2.5.1.3, , , , , 
1169,1279.0,3653.0,taurocyamine kinase,kegg:C00002 + kegg:C01959 = kegg:C00008 + kegg:C03149,CHB_15422 + CHB_17228 = CHB_16761 + PBC_439923,ATP(aq) + taurocyamine(aq) = ADP(aq) + NÏ‰-phosphotaurocyamine(aq),"Pradel L.A.; T?se Doct. Sci. Phys. Paris (1961); data given in Barman T.E.; ""Enzyme Handbook - Vol. I""; Springer-Verlag New York (1969) p. 443.",61PRA_624, , ,303.15,7.1,0.53, , ,Tris maleate (0.2 mol dm-3),mol/L;Tris-maleate buffer=0.2  ,2.7.3.4, , , , , 
1170,1280.0,1719.0,transaldolase,kegg:C05382 + kegg:C00118 = kegg:C00279 + kegg:C00085,CHB_29052 + MAN_10207 = CHB_48153 + CHB_61553,sedoheptulose 7-phosphate(aq) + D-glyceraldehyde 3-phosphate(aq) = D-erythrose 4-phosphate(aq) + D-fructose 6-phosphate(aq),"Racker E.; in ""The Enzymes"" Vol. 5 2nd edition; P.D. Boyer H. Lardy and K. Myrbdck eds.; Academic Press New York (1961) pp. 407-412.",61RAC2_372, , ,310.15,7.4,1.05, ,enzymatic assay,bicarbonate,   ,2.2.1.2, , , , , 
1171,, ,leucyl aminopeptidase, , ,L-tyrosylglycinamide(aq) + H2O(l) = L-tyrosine(aq) + glycinamide(aq),Rawitscher M.; Wadsv I.; Sturtevant J.M.; J. Am. Chem. Soc.; 83 3180 (1961).,61RAW/WAD_953, , ,298.15,8.0, , ,calorimetry,Tris (~ 0.04 mol dm-3) + HCl, ,3.4.11.1, , , , ,-5.4
1172,, ,leucyl aminopeptidase, , ,L-tyrosylglycinamide(aq) + H2O(l) = L-tyrosine(aq) + glycinamide(aq),Rawitscher M.; Wadsv I.; Sturtevant J.M.; J. Am. Chem. Soc.; 83 3180 (1961).,61RAW/WAD_953, , ,298.15,8.2, , ,calorimetry,Tris (~ 0.04 mol dm-3) + HCl, ,3.4.11.1, , , , ,-5.3
1173,, ,leucyl aminopeptidase, , ,L-tyrosylglycinamide(aq) + H2O(l) = L-tyrosine(aq) + glycinamide(aq),Rawitscher M.; Wadsv I.; Sturtevant J.M.; J. Am. Chem. Soc.; 83 3180 (1961).,61RAW/WAD_953, , ,298.15,8.6, , ,calorimetry,Tris (~ 0.04 mol dm-3) + HCl, ,3.4.11.1, , , , ,-5.5
1174,, ,gly-X carboxypeptidase, , ,N-benzoyl-L-tyrosine(aq) + H2O(l) = benzoic acid(aq) + L-tyrosine(aq),Rawitscher M.; Wadsv I.; Sturtevant J.M.; J. Am. Chem. Soc.; 83 3180 (1961).,61RAW/WAD_957, , ,298.15,7.05, , ,calorimetry,Tris (~ 0.04 mol dm-3) + HCl, ,3.4.17.4, , , , ,-8.85
1175,, ,gly-X carboxypeptidase, , ,N-benzoyl-L-tyrosine(aq) + H2O(l) = benzoic acid(aq) + L-tyrosine(aq),Rawitscher M.; Wadsv I.; Sturtevant J.M.; J. Am. Chem. Soc.; 83 3180 (1961).,61RAW/WAD_957, , ,298.15,7.15, , ,calorimetry,Tris (~ 0.04 mol dm-3) + HCl, ,3.4.17.4, , , , ,-7.95
1176,, ,gly-X carboxypeptidase, , ,N-benzoyl-L-tyrosine(aq) + H2O(l) = benzoic acid(aq) + L-tyrosine(aq),Rawitscher M.; Wadsv I.; Sturtevant J.M.; J. Am. Chem. Soc.; 83 3180 (1961).,61RAW/WAD_957, , ,298.15,7.5, , ,calorimetry,Tris (~ 0.04 mol dm-3) + HCl, ,3.4.17.4, , , , ,-8.12
1177,, ,gly-X carboxypeptidase, , ,N-benzoyl-L-tyrosine(aq) + H2O(l) = benzoic acid(aq) + L-tyrosine(aq),Rawitscher M.; Wadsv I.; Sturtevant J.M.; J. Am. Chem. Soc.; 83 3180 (1961).,61RAW/WAD_957, , ,298.15,7.95, , ,calorimetry,Tris (~ 0.04 mol dm-3) + HCl, ,3.4.17.4, , , , ,-9.04
1178,, ,gly-X carboxypeptidase, , ,N-benzoyl-L-tyrosine(aq) + H2O(l) = benzoic acid(aq) + L-tyrosine(aq),Rawitscher M.; Wadsv I.; Sturtevant J.M.; J. Am. Chem. Soc.; 83 3180 (1961).,61RAW/WAD_957, , ,298.15,8.05, , ,calorimetry,Tris (~ 0.04 mol dm-3) + HCl, ,3.4.17.4, , , , ,-9.08
1179,, ,gly-X carboxypeptidase, , ,N-benzoyl-L-tyrosylglycine(aq) + H2O(l) = N-benzoyl-L-tyrosine(aq) + glycine(aq),Rawitscher M.; Wadsv I.; Sturtevant J.M.; J. Am. Chem. Soc.; 83 3180 (1961).,61RAW/WAD_958, , ,298.15,7.0, , ,calorimetry,Tris (~ 0.04 mol dm-3) + HCl, ,3.4.17.4, , , , ,-5
1180,, ,gly-X carboxypeptidase, , ,N-benzoyl-L-tyrosylglycine(aq) + H2O(l) = N-benzoyl-L-tyrosine(aq) + glycine(aq),Rawitscher M.; Wadsv I.; Sturtevant J.M.; J. Am. Chem. Soc.; 83 3180 (1961).,61RAW/WAD_958, , ,298.15,7.5, , ,calorimetry,Tris (~ 0.04 mol dm-3) + HCl, ,3.4.17.4, , , , ,-5.9
1181,, ,gly-X carboxypeptidase, , ,N-benzoyl-L-tyrosylglycine(aq) + H2O(l) = N-benzoyl-L-tyrosine(aq) + glycine(aq),Rawitscher M.; Wadsv I.; Sturtevant J.M.; J. Am. Chem. Soc.; 83 3180 (1961).,61RAW/WAD_958, , ,298.15,8.0, , ,calorimetry,Tris (~ 0.04 mol dm-3) + HCl, ,3.4.17.4, , , , ,-6.2
1182,1281.0,4120.0,leucine dehydrogenase,kegg:C00123 + kegg:C00003 + kegg:C00001 = kegg:C00233 + kegg:C00004 + kegg:C00014,CHB_15377 + CHB_15603 + CHB_15846 = CHB_16134 + CHB_16908 + CHB_48430,L-leucine(aq) + NAD(aq) + H2O(l) = 4-methyl-2-oxopentanoate(aq) + NADH(aq) + ammonia(aq),Sanwal B.D.; Zink M.W.; Arch. Biochem. Biophys.; 94 430 (1961).,61SAN/ZIN_288,13746411.0,10.1016/0003-9861(61)90070-4,298.15,11.1,0.0111, ,spectrophotometry,glycine (0.1 mol dm-3) + NaOH,mol/L;glycine-NaOH=0.0933;L-leucine=0.005  ,1.4.1.9, , , , , 
1183,1282,3770.0,transaldolase,kegg:C05382 + kegg:C00118 = kegg:C00279 + kegg:C00085,CHB_29052 + MAN_10207 = CHB_48153 + CHB_61553,sedoheptulose 7-phosphate(aq) + D-glyceraldehyde 3-phosphate(aq) = D-erythrose 4-phosphate(aq) + D-fructose 6-phosphate(aq),Venkataraman R.; Racker E.; J. Biol. Chem.; 236 1876 (1961).,61VEN/RAC_373,13780711.0, ,310.15,7.4,1.05, ,enzymatic assay,bicarbonate (0.1 mol dm-3),mol/L;bicarbonate buffer=0.1 _ nan _ ,2.2.1.2, , ,, , 
1184,1284.0,4417.0,phosphoserine phosphatase,kegg:C01005 + kegg:C00001 = kegg:C00065 + kegg:C00009,CHB_15377 + CHB_15811 = CHB_17115 + CHB_26078,L-O-phosphoserine(aq) + H2O(l) = L-serine(aq) + orthophosphate(aq),Vladimirov G.E.; Komkova A.I.; Fedorova N.A.; Biokhimiya; 26 426 (1961).,61VLA/KOM_827,13781723.0, ,308.15,7.05,673, ,chromatography and radioactivity,barbital (0.9 mol dm-3),mol/L;barbital buffer=0.9  ,3.1.3.3, , , , , 
1185,1283.0,4418.0,phosphoserine phosphatase,kegg:C01005 + kegg:C00001 = kegg:C00065 + kegg:C00009,CHB_15377 + CHB_15811 = CHB_17115 + CHB_26078,L-O-phosphoserine(aq) + H2O(l) = L-serine(aq) + orthophosphate(aq),Vladimirov G.E.; Komkova A.I.; Fedorova N.A.; Biokhimiya; 26 426 (1961).,61VLA/KOM_827,13781723.0, ,308.15,9.7,287, ,chromatography and radioactivity,barbital (0.9 mol dm-3),mol/L;barbital buffer=0.9  ,3.1.3.3, , , , , 
1186,1285,708.0,aspartate ammonia-lyase,kegg:C00049 = kegg:C00122 + kegg:C00014,CHB_29991 = CHB_16134 + CHB_29806,L-aspartate(aq) = fumarate(aq) + ammonia(aq),Wilkinson J.S.; Williams V.R.; Arch. Biochem. Biophys.; 93 80 (1961).,61WIL/WIL_1209,13785328.0,10.1016/0003-9861(61)90318-6,302.15,7.0,0.01, ,chemical analysis,phosphate (0.10 mol dm-3),mol/L;phosphate buffer=0.05;(K)1=0.01;L-aspartate=0.001425;fumarate=0.003575;ammonia=0.003825 _ nan _ ,4.3.1.1, , ,, , 
1187,1286.0,707.0,aspartate ammonia-lyase,kegg:C00049 = kegg:C00122 + kegg:C00014,CHB_29991 = CHB_16134 + CHB_29806,L-aspartate(aq) = fumarate(aq) + ammonia(aq),Wilkinson J.S.; Williams V.R.; Arch. Biochem. Biophys.; 93 80 (1961).,61WIL/WIL_1209,13785328.0,10.1016/0003-9861(61)90318-6,312.15,7.0,0.022, ,chemical analysis,phosphate (0.10 mol dm-3),mol/L;phosphate buffer=0.05;(K)1=0.01;L-aspartate=0.00086;fumarate=0.00414;ammonia=0.00439  ,4.3.1.1, , , , , 
1188,1287.0,3256.0,methylmalonyl-CoA carboxyltransferase,kegg:C00036 + kegg:C00100 = kegg:C00022 + kegg:C02557,CHB_15539 + CHB_16452 = CHB_15361 + CHB_16625,oxaloacetate(aq) + propanoyl-CoA(aq) = pyruvate(aq) + methylmalonyl-CoA(aq),Wood H.G.; Stjernholm R.; Proc. Natl. Acad. Sci. USA; 47 289 (1961).,61WOO/STJ_361,13786500.0,10.1073/pnas.47.3.289,303.15,6.5,1.9, ,enzymatic assay and spectrophotometry,Tris (0.025 mol dm-3) + HCl,mol/L;Tris-HCl=0.025;reduced glutathione=0.005;oxaloacetate=0.000511667;propanoyl-CoA=0.00081;pyruvate=0.001004444;methylmalonyl-CoA=0.000793889  ,2.1.3.1, , , , , 
1189,1288.0,237.0,guanosine phosphorylase,kegg:C00387 + kegg:C00009 = kegg:C00242 + kegg:C00620,CHB_16750 + CHB_26078 = CHB_16235 + CHB_35425,guanosine(aq) + orthophosphate(aq) = guanine(aq) + D-ribose 1-phosphate(aq),Yamada E.W.; J. Biol. Chem.; 236 3043 (1961).,61YAM_485,14008731.0, ,310.15,7.0,0.019, ,spectrophotometry,phosphate,mol/L;potassium phosphate buffer=0.1;2-mercaptoethanol=0.005  ,2.4.2.15, , , , , 
1190,1290.0,2897.0,sulfate adenylyltransferase,kegg:C00002 + kegg:C00059 = kegg:C00224 + kegg:C00013,CHB_15422 + CHB_16189 = CHB_17709 + CHB_18361,ATP(aq) + sulfate(aq) = adenosine 5'-phosphosulfate(aq) + pyrophosphate(aq),Akagi J.M.; Campbell L.L.; J. Bacteriol.; 84 1194 (1962).,62AKA/CAM_680,16561978.0, ,303.15,7.2,1.80E-08, ,radioactivity,Tris (0.067 mol dm-3),mol/L;ATP=0.00707;(Na)2=0.0133;sulfate=0.0137;(Mg)1(Cl)2=0.0067;Tris=0.067;adenosine 5'-phosphosulfate=0;pyrophosphate=0  ,2.7.7.4, , , , , 
1191,1289.0,2896.0,sulfate adenylyltransferase,kegg:C00002 + kegg:C00059 = kegg:C00224 + kegg:C00013,CHB_15422 + CHB_16189 = CHB_17709 + CHB_18361,ATP(aq) + sulfate(aq) = adenosine 5'-phosphosulfate(aq) + pyrophosphate(aq),Akagi J.M.; Campbell L.L.; J. Bacteriol.; 84 1194 (1962).,62AKA/CAM_680,16561978.0, ,303.15,8.0,6.20E-09, ,radioactivity,Tris (0.067 mol dm-3),mol/L;ATP=0.00707;(Na)2=0.0133;sulfate=0.0137;(Mg)1(Cl)2=0.0067;Tris=0.067;adenosine 5'-phosphosulfate=0;pyrophosphate=0  ,2.7.7.4, , , , , 
1192,1291.0,3484.0,aspartate-semialdehyde dehydrogenase,kegg:C00441 + kegg:C00006 + kegg:C00009 = kegg:C03082 + kegg:C00005,CHB_18009 + CHB_18051 + CHB_26078 = CHB_15836 + CHB_16474,L-aspartate-4-semialdehyde(aq) + NADP(aq) + orthophosphate(aq) =  L-4-aspartyl phosphate(aq) + NADPH(aq),Black S.; Methods Enzymol.; 5 820 (1962),62BLA_243, , ,298.15,8.0,33, ,spectrophotometry,Tris (0.1 mol dm-3) + HCl,mol/L;Tris-HCl=0.1  ,1.2.1.11, , , , , 
1193,1292.0,3497.0,N-acetylneuraminate lyase,kegg:C00270 = kegg:C00645 + kegg:C00022,CHB_35418 = CHB_15361 + CHB_63153,N-acetylneuraminate(aq) = N-acetyl-D-mannosamine(aq) + pyruvate(aq),Brunetti P.; Jourdian G.W.; Roseman S.; J. Biol. Chem.; 237 2447 (1962).,62BRU/JOU_1118, , ,310.15,7.2,0.096, ,radioactivity and spectrophotometry,phosphate (0.1 mol dm-3),mol/L;potassium phosphate=0.1;N-acetylneuraminate=0.003;N-acetyl-D-mannosamine=0.017;(K)1=0.017;pyruvate=0.017  ,4.1.3.3, , , , , 
1194,1293.0,2616.0,N-acetylneuraminate lyase,kegg:C03410 = kegg:C03521 + kegg:C00022,CHB_29025 = CHB_15361 + MAN_10203,N-glycolylneuraminate(aq) = N-glycolyl-D-mannosamine(aq) + pyruvate(aq),Brunetti P.; Jourdian G.W.; Roseman S.; J. Biol. Chem.; 237 2447 (1962).,62BRU/JOU_1122,13874013.0, ,310.15,7.2,0.09, ,radioactivity and spectrophotometry,phosphate (0.1 mol dm-3),mol/L;potassium phosphate=0.1;N-glycolylneuraminate=0.04;N-glycolyl-D-mannosamine=0.06;(K)1=0.06;pyruvate=0.06  ,4.1.3.3, , , , , 
1195,1296.0,3810.0,L-iditol dehydrogenase,kegg:C00392 + kegg:C00003 = kegg:C00095 + kegg:C00004,CHB_15846 + CHB_16899 = CHB_16908 + CHB_37721,D-mannitol(aq) + NAD(aq) = D-fructose(aq) + NADH(aq),Chakravorty M.; Veiga L.A.; Bacila M.; Horecker B.L.; J. Biol. Chem.; 237 1014 (1962).,62CHA/VEI_62, , ,296.15,8.6,1.43, ,spectrophotometry,glycine + KOH,mol/L;glycine-KOH=0.08  ,1.1.1.14, , , , , 
1196,1297.0,3812.0,L-iditol dehydrogenase,kegg:C00474 + kegg:C00003 = kegg:C00309 + kegg:C00004,CHB_15846 + CHB_15963 = CHB_16908 + CHB_28552,ribitol(aq) + NAD(aq) = D-ribulose(aq) + NADH(aq),Chakravorty M.; Veiga L.A.; Bacila M.; Horecker B.L.; J. Biol. Chem.; 237 1014 (1962).,62CHA/VEI_64, , ,296.15,8.6,0.0179, ,spectrophotometry,glycine + KOH,mol/L;glycine-KOH=0.08  ,1.1.1.14, , , , , 
1197,1295.0,3811.0,L-iditol dehydrogenase,kegg:C00794 + kegg:C00003 = kegg:C00095 + kegg:C00004,CHB_15846 + CHB_17924 = CHB_16908 + CHB_37721,D-sorbitol(aq) + NAD(aq) = D-fructose(aq) + NADH(aq),Chakravorty M.; Veiga L.A.; Bacila M.; Horecker B.L.; J. Biol. Chem.; 237 1014 (1962).,62CHA/VEI_67, , ,296.15,8.6,0.454, ,spectrophotometry,glycine + KOH,mol/L;glycine-KOH=0.08  ,1.1.1.14, , , , , 
1198,1294.0,3563.0,L-iditol dehydrogenase,kegg:C00379 + kegg:C00003 = kegg:C00310 + kegg:C00004,CHB_15846 + CHB_17151 = CHB_16908 + CHS_388344,xylitol(aq) + NAD(aq) = D-xylulose(aq) + NADH(aq),Chakravorty M.; Veiga L.A.; Bacila M.; Horecker B.L.; J. Biol. Chem.; 237 1014 (1962).,62CHA/VEI_72,13877918.0, ,296.15,8.6,0.021, ,spectrophotometry,glycine + KOH,mol/L;glycine-KOH=0.08  ,1.1.1.14, , , , , 
1199,1299.0,2436.0,2-dehydro-3-deoxyphosphogluconate aldolase,kegg:C04442 = kegg:C00022 + kegg:C00118,CHB_15925 = CHB_15361 + CHB_29052,6-phospho-2-dehydro-3-deoxy-D-gluconate(aq) = pyruvate(aq) + D-glyceraldehyde 3-phosphate(aq),Doudoroff M.; Shuster C.W.; Bacteriol. Proc. p. 44 (1962).,62DOU/SHU_1105, , ,298.15,6.8,0.0016, , , ,   ,4.1.2.14, , , , , 
1200,1298.0,3199.0,2-dehydro-3-deoxy-6-phosphogalactonate aldolase,kegg:C01286 = kegg:C00022 + kegg:C00118,CHB_17860 = CHB_15361 + CHB_29052,2-dehydro-3-deoxy-D-galactonate 6-phosphate(aq) = pyruvate(aq) + D-glyceraldehyde 3-phosphate(aq),Doudoroff M.; Shuster C.W.; Bacteriol. Proc. p. 44 (1962).,62DOU/SHU_1111, , ,298.15,6.8,0.0037, ,spectrophotometry, ,   ,4.1.2.21, , , , , 
1201,1300.0,735.0,galactose dehydrogenase,kegg:C00124 + kegg:C00003 = kegg:C03383 + kegg:C00004,CHB_15846 + CHB_4139 = CHB_15895 + CHB_16908,"D-galactose(aq) + NAD(aq) = D-galactono-1,4-lactone(aq) + NADH(aq)",Doudoroff M.; Methods Enzymol.; 5 339 (1962).,62DOU2_160, , ,303.15,6.7,570, ,spectrophotometry,Tris + HCl,mol/L;Tris-HCl=0.033;reduced glutathione=0.0033;phosphate buffer=0.002  ,1.1.1.48, , , , , 
1202,,1268.0,thetin-homocysteine S-methyltransferase,kegg:C00719 + kegg:C00155 = kegg:C01026 + kegg:C00073, ,"betaine(aq) + L-homocysteine(aq) = N,N-dimethylglycine(aq) + L-methionine(aq)",Durell J.; Rawitscher M.; Sturtevant J.M.; Biochim. Biophys. Acta; 56 552 (1962).,62DUR/RAW_338, , ,298.15,7.1, , ,calorimetry,phosphate, ,2.1.1.3, , , , ,-36.8
1203,,2338.0,thetin-homocysteine S-methyltransferase,kegg:C03392 + kegg:C00155 = kegg:C03173 + kegg:C00073, ,dimethylacetothetin(aq) + L-homocysteine(aq) = S-methylthioglycolate(aq) + L-methionine(aq),Durell J.; Rawitscher M.; Sturtevant J.M.; Biochim. Biophys. Acta; 56 552 (1962).,62DUR/RAW_340, , ,298.15,7.1, , ,calorimetry,phosphate, ,2.1.1.3, , , , ,-52.3
1204,, ,thetin-homocysteine S-methyltransferase, , ,S-methylmethionine(aq) + L-homocysteine(aq) = 2 L-methionine(aq),Durell J.; Rawitscher M.; Sturtevant J.M.; Biochim. Biophys. Acta; 56 552 (1962).,62DUR/RAW_343, , ,298.15,7.1, , ,calorimetry,phosphate, ,2.1.1.3, , , , ,-37.2
1205,,47.0,glucose-1-phosphate adenylyltransferase,kegg:C00002 + kegg:C00103 = kegg:C00498 + kegg:C00013, ,ATP(aq) + Î±-D-glucose 1-phosphate(aq) = ADPglucose(aq) + pyrophosphate(aq),Espada J.; J. Biol. Chem.; 237 3577 (1962).,62ESP_704, , ,310.15,7.9,1.1, ,radioactivity and spectrophotometry,Tris (0.050 mol dm-3) + HCl, ,2.7.7.27, , , , , 
1206,1302.0,245.0,L-fuculose-phosphate aldolase,kegg:C01099 = kegg:C00111 + kegg:C00424,CHB_6220 = CHB_16108 + CHB_18041,L-fuculose 1-phosphate(aq) = glycerone phosphate(aq) + (S)-lactaldehyde(aq),Ghalambor M.A.; Heath E.C.; J. Biol. Chem.; 237 2427 (1962).,62GHA/HEA_1107,13898172.0, ,310.15,7.2,0.00046, ,spectrophotometry,Tris (0.05 mol dm-3),mol/L;Tris=0.05;L-fuculose 1-phosphate=0.002;glycerone phosphate=0;(S)-lactaldehyde=0  ,4.1.2.17, , , , , 
1207,1303.0, ,malate synthase, ,CHB_15346 + CHB_15589 = CHB_15351 + CHB_15377 + CHB_16891,(S)-malate(aq) + CoA(aq) = acetyl-CoA(aq) + H2O(l) + glyoxylate(aq),Goldman D.S.; Wagner M.J.; Biochim. Biophys. Acta; 65 297 (1962).,62GOL/WAG_1116, , ,298.15,8.5,29, ,spectrophotometry,Tris (0.04 mol dm-3),mol/L;Tris=0.04;(Mg)1(Cl)2=0.006;acetyl-CoA=0.002316;(Na)1=0.00128;glyoxylate=0.000996001;(S)-malate=0.000283999;CoA=0.000283999  ,4.1.3.2, , , , , 
1208,, ,glycine dehydrogenase, , ,glycine(aq) + NAD(aq) + H2O(l) = glyoxylate(aq) + NADH(aq) + ammonia(aq),Goldman D.S.; Wagner M.J.; Biochim. Biophys. Acta; 65 297 (1962).,62GOL/WAG_289, , ,303.15,6.4,5.70E-05, ,spectrophotometry,phosphate (0.08 mol dm-3), ,1.4.1.10, , , , , 
1209,1305,3806.0,phosphoglycerate mutase,kegg:C00631 = kegg:C00197,CHB_17835 = CHB_17794,2-phospho-D-glycerate(aq) = 3-phospho-D-glycerate(aq),Grisolia S.; Methods Enzymol.; 5 236 (1962).,62GRI_1393, , ,303.15,7.0,6.1, ,spectrophotometry,Tris (0.033 mol dm-3) + HCl,mol/L;(K)1=0.0167;(Mg)1(SO4)1=0.0033;Tris=0.033;2-phospho-D-glycerate=0.00228311;3-phospho-D-glycerate=0.0143836 _ nan _ ,5.4.2.1, , ,, , 
1210,1306.0,386.0,propanoyl-CoA carboxylase,kegg:C00002 + kegg:C00100 + kegg:C00288 = kegg:C00008 + kegg:C00009 + kegg:C02557,CHB_15422 + CHB_15539 + CHB_17544 = CHB_15466 + CHB_16761 + CHB_26078,ATP(aq) + propanoyl-CoA(aq) + carbon dioxide(aq) = ADP(aq) + phosphate(aq) + (S)-methylmalonyl-CoA(aq),Halenz D.R.; Feng J.-Y.; Hegre C.S.; Lane M.D.; J. Biol. Chem.; 237 2140 (1962).,62HAL/FEN_1446,13903809.0, ,310.15,8.15,0.0081, ,spectrophotometry,Tris (0.067 mol dm-3),mol/L;Tris=0.067;(K)1=0.0342;(Mg)1(Cl)2=0.0025;reduced glutathione=0.0033;carbon dioxide=0.0338;ATP=0.00216;propanoyl-CoA=0.00014;(S)-methylmalonyl-CoA=0.00039;ADP=0.00045;orthophosphate=0.00047  ,6.4.1.3, , , , , 
1211,1307.0,2912.0,_-alanine-pyruvate transaminase,kegg:C00041 + kegg:C00222 = kegg:C00099 + kegg:C00022, ,L-alanine(aq) + 3-oxopropanoate(aq) = Î²-alanine(aq) + pyruvate(aq),Hayaishi O.; Nishizuka Y.; Methods Enzymol.; 5 698 (1962).,62HAY/NIS_525, , ,308.15,8.0,0.2, ,spectrophotometry,phosphate (0.5 mol dm-3),   ,2.6.1.18, , , , , 
1212,1308.0,2718.0,formate-tetrahydrofolate ligase,kegg:C00002 + kegg:C00058 + kegg:C00101 = kegg:C00008 + kegg:C00009 + kegg:C00234,CHB_15422 + CHB_15635 + CHB_15740 = CHB_15637 + CHB_16761 + CHB_26078,ATP(aq) + formate(aq) + tetrahydrofolate(aq) = ADP(aq) + phosphate(aq) + 10-formyltetrahydrofolate(aq),Himes R.H.; Rabinowitz J.C.; J. Biol. Chem.; 237 2903 (1962).,62HIM/RAB_1442,13907490.0, ,310.15,7.7,41, ,spectrophotometry,triethanolamine (0.1 mol dm-3),mol/L;triethanolamine=0.1;2-mercaptoethanol=0.2;(Mg)1(Cl)2=0.01;(Na)1=0.04;ATP=0.0001;formate=0.04;tetrahydrofolate=0.002;ADP=0;orthophosphate=0;10-formyltetrahydrofolate=0  ,6.3.4.3, , , , , 
1213,1309.0,78.0,L-ribulose-phosphate 4-epimerase,kegg:C01101 = kegg:C00231,CHB_17666 = CHB_16332,L-ribulose 5-phosphate(aq) = D-xylulose 5-phosphate(aq),Horecker B.L.; Methods Enzymol.; 5 253 (1962).,62HOR_1266, , ,310.15,6.0,1.0, ,radioactivity,succinate (0.092 mol dm-3) + NaOH,mol/L;succinate-NaOH=0.0930233;(Mg)1(Cl)2=0.00775194;reduced glutathione=0.0116279;thiamine pyrophosphate=0.000193798;ADP=0.00775194;L-ribulose 5-phosphate=0.000775194;D-xylulose 5-phosphate=0.000775194  ,5.1.3.4, , , , , 
1214,1317.0,252.0,3-hydroxybutyrate dehydrogenase,kegg:C01089 + kegg:C00003 = kegg:C00164 + kegg:C00004,CHB_10983 + CHB_15846 = CHB_13705 + CHB_16908,(R)-3-hydroxybutanoate(aq) + NAD(aq) = 3-oxobutanoate(aq) + NADH(aq),Krebs H.A.; Mellanby J.; Williamson D.H.; Biochem. J.; 82 96 (1962).,62KRE/MEL_118,14459507.0,10.1042/bj0820096,298.15,7.0,0.0146, ,spectrophotometry,Tris (0.033 mol dm-3) and phosphate,mol/L;phosphate buffer=0.0303;3-oxobutanoate=0.00772727272727273;NADH=0.00772727272727273;(R)-3-hydroxybutanoate=0.083030303030303; NAD=0.0490909090909091  ,1.1.1.30, , , , , 
1215,1316.0,251.0,3-hydroxybutyrate dehydrogenase,kegg:C01089 + kegg:C00003 = kegg:C00164 + kegg:C00004,CHB_10983 + CHB_15846 = CHB_13705 + CHB_16908,(R)-3-hydroxybutanoate(aq) + NAD(aq) = 3-oxobutanoate(aq) + NADH(aq),Krebs H.A.; Mellanby J.; Williamson D.H.; Biochem. J.; 82 96 (1962).,62KRE/MEL_118,14459507.0,10.1042/bj0820096,298.15,7.05,0.0194, ,spectrophotometry,Tris (0.033 mol dm-3) and phosphate,mol/L;phosphate buffer=0.0303;3-oxobutanoate=0.00878787878787879;NADH=0.00878787878787879;(R)-3-hydroxybutanoate=0.0851515151515151; NAD=0.0466666666666667  ,1.1.1.30, , , , , 
1216,1315,253.0,3-hydroxybutyrate dehydrogenase,kegg:C01089 + kegg:C00003 = kegg:C00164 + kegg:C00004,CHB_10983 + CHB_15846 = CHB_13705 + CHB_16908,(R)-3-hydroxybutanoate(aq) + NAD(aq) = 3-oxobutanoate(aq) + NADH(aq),Krebs H.A.; Mellanby J.; Williamson D.H.; Biochem. J.; 82 96 (1962).,62KRE/MEL_118,14459507.0,10.1042/bj0820096,298.15,7.4,0.0335, ,spectrophotometry,Tris (0.033 mol dm-3) and phosphate,mol/L;Tris buffer=0.0303;3-oxobutanoate=0.0060530303030303;NADH=0.0127121212121212;(R)-3-hydroxybutanoate=0.0518712121212121; NAD=0.0353409090909091 _ nan _ ,1.1.1.30, , ,, , 
1217,1314.0,250.0,3-hydroxybutyrate dehydrogenase,kegg:C01089 + kegg:C00003 = kegg:C00164 + kegg:C00004,CHB_10983 + CHB_15846 = CHB_13705 + CHB_16908,(R)-3-hydroxybutanoate(aq) + NAD(aq) = 3-oxobutanoate(aq) + NADH(aq),Krebs H.A.; Mellanby J.; Williamson D.H.; Biochem. J.; 82 96 (1962).,62KRE/MEL_118,14459507.0,10.1042/bj0820096,298.15,7.6,0.052, ,spectrophotometry,Tris (0.033 mol dm-3) and phosphate,mol/L;Tris buffer=0.0303;3-oxobutanoate=0.00718181818181818;NADH=0.00718181818181818;(R)-3-hydroxybutanoate=0.0200909090909091; NAD=0.0493939393939394  ,1.1.1.30, , , , , 
1218,1313.0,249.0,3-hydroxybutyrate dehydrogenase,kegg:C01089 + kegg:C00003 = kegg:C00164 + kegg:C00004,CHB_10983 + CHB_15846 = CHB_13705 + CHB_16908,(R)-3-hydroxybutanoate(aq) + NAD(aq) = 3-oxobutanoate(aq) + NADH(aq),Krebs H.A.; Mellanby J.; Williamson D.H.; Biochem. J.; 82 96 (1962).,62KRE/MEL_118,14459507.0,10.1042/bj0820096,298.15,7.7,0.0772, ,spectrophotometry,Tris (0.033 mol dm-3) and phosphate,mol/L;Tris buffer=0.0303;3-oxobutanoate=0.00428787878787879;NADH=0.017020202020202;(R)-3-hydroxybutanoate=0.0225555555555556; NAD=0.0258686868686869  ,1.1.1.30, , , , , 
1219,1312.0,248.0,3-hydroxybutyrate dehydrogenase,kegg:C01089 + kegg:C00003 = kegg:C00164 + kegg:C00004,CHB_10983 + CHB_15846 = CHB_13705 + CHB_16908,(R)-3-hydroxybutanoate(aq) + NAD(aq) = 3-oxobutanoate(aq) + NADH(aq),Krebs H.A.; Mellanby J.; Williamson D.H.; Biochem. J.; 82 96 (1962).,62KRE/MEL_118,14459507.0,10.1042/bj0820096,298.15,8.1,0.193, ,spectrophotometry,Tris (0.033 mol dm-3) and phosphate,mol/L;Tris buffer=0.0303;3-oxobutanoate=0.0066969696969697;NADH=0.0153333333333333;(R)-3-hydroxybutanoate=0.0151060606060606; NAD=0.0346060606060606  ,1.1.1.30, , , , , 
1220,1311.0,247.0,3-hydroxybutyrate dehydrogenase,kegg:C01089 + kegg:C00003 = kegg:C00164 + kegg:C00004,CHB_10983 + CHB_15846 = CHB_13705 + CHB_16908,(R)-3-hydroxybutanoate(aq) + NAD(aq) = 3-oxobutanoate(aq) + NADH(aq),Krebs H.A.; Mellanby J.; Williamson D.H.; Biochem. J.; 82 96 (1962).,62KRE/MEL_118,14459507.0,10.1042/bj0820096,298.15,8.55,0.417, ,spectrophotometry,Tris (0.033 mol dm-3) and phosphate,mol/L;Tris buffer=0.0303;3-oxobutanoate=0.0115454545454545;NADH=0.0115454545454545;(R)-3-hydroxybutanoate=0.00727272727272727; NAD=0.0439393939393939  ,1.1.1.30, , , , , 
1221,1310.0,246.0,3-hydroxybutyrate dehydrogenase,kegg:C01089 + kegg:C00003 = kegg:C00164 + kegg:C00004,CHB_10983 + CHB_15846 = CHB_13705 + CHB_16908,(R)-3-hydroxybutanoate(aq) + NAD(aq) = 3-oxobutanoate(aq) + NADH(aq),Krebs H.A.; Mellanby J.; Williamson D.H.; Biochem. J.; 82 96 (1962).,62KRE/MEL_118,14459507.0,10.1042/bj0820096,298.15,8.7,0.609, ,spectrophotometry,Tris (0.033 mol dm-3) and phosphate,mol/L;Tris buffer=0.0303;3-oxobutanoate=0.0163636363636364;NADH=0.0163636363636364;(R)-3-hydroxybutanoate=0.0109090909090909; NAD=0.0403030303030303  ,1.1.1.30, , , , , 
1222,1318.0,812.0,cytidylate kinase,kegg:C00002 + kegg:C00055 = kegg:C00008 + kegg:C00112,CHB_15422 + CHB_17361 = CHB_16761 + CHB_17239,ATP(aq) + CMP(aq) = ADP(aq) + CDP(aq),Mendicino J.; J. Biol. Chem.; 237 165 (1962).,62MEN_672,14472566.0, ,310.15,7.5,1, ,chromatography and spectrophotometry,Tris (0.002 mol dm-3) + HCl,mol/L;Tris-HCl=0.002;(Mg)1(Cl)2=0.004;CMP=0.00085;CDP=0.0006;ATP=0.00028;ADP=0.0004;AMP=0.00072  ,2.7.4.14, , , , , 
1223,1319.0,2865.0,succinyldiaminopimelate transaminase,kegg:C04462 + kegg:C00025 = kegg:C04421 + kegg:C00026,CHB_29985 + CHB_35266 = CHB_16810 + CHB_17279,"N-succinyl-2-L-amino-6-oxoheptanedioate(aq) + L-glutamate(aq) = N-succinyl-L-2,6-diaminoheptanedioate(aq) + 2-oxoglutarate(aq)",Peterkofsky B.; Methods Enzymol.; 5 853 (1962).,62PET_524, , ,310.15,8.0,1.2, ,spectrophotometry,Tris,"mol/L;Tris=0.0769231;(Li)1=0.00519435;N-succinyl-2-L-amino-6-oxoheptanedioate=0.00259718;N-succinyl-L-2,6-diaminoheptanedioate=0.00259718;(K)1=0.0153846;L-glutamate=0.00769231;2-oxoglutarate=0.00769231;(Co)1(Cl)2=0.000307692  ",2.6.1.17, , , , , 
1224,, ,protein kinase, , ,ATP(aq) + phosvitin(aq) = ADP(aq) + dephosvitin(aq),"Rabinowitz M.; in ""The Enzymes"" Vol. 6 2nd edition; P.D. Boyer H. Lardy and K. Myrbdck eds.; Academic Press New York (1962) pp. 119-131.",62RAB_561, , ,310.15,5.9,40, ,radioactivity,Tris-imidazole (0.03 mol dm-3), ,2.7.1.37, , , , , 
1225,1321.0,2639.0,malate dehydrogenase,kegg:C00149 + kegg:C00003 = kegg:C00036 + kegg:C00004,CHB_15589 + CHB_15846 = CHB_16452 + CHB_16908,(S)-malate(aq) + NAD(aq) = oxaloacetate(aq) + NADH(aq),Raval D.N.; Wolfe R.G.; Biochemistry; 1 1112 (1962).,62RAV/WOL2_131, , ,298.15,8.0,0.000104, ,spectrophotometry,Tris (0.05 mol dm-3) + acetate,mol/L;Tris-acetate buffer=0.05  ,1.1.1.37, , , , , 
1226,1320.0,693.0,malate dehydrogenase,kegg:C00149 + kegg:C00003 = kegg:C00036 + kegg:C00004,CHB_15589 + CHB_15846 = CHB_16452 + CHB_16908,(S)-malate(aq) + NAD(aq) = oxaloacetate(aq) + NADH(aq),Raval D.N.; Wolfe R.G.; Biochemistry; 1 263 (1962).,62RAV/WOL_130,14490617.0,10.1021/bi00908a012,298.15,8.0,0.000103, ,spectrophotometry,Tris (0.05 mol dm-3) + acetate,mol/L;Tris-acetate buffer=0.05  ,1.1.1.37, , , , , 
1227,1322.0,217.0,alanine transaminase,kegg:C00041 + kegg:C00026 = kegg:C00022 + kegg:C00025,CHB_16810 + CHB_16977 = CHB_15361 + CHB_29985,L-alanine(aq) + 2-oxoglutarate(aq) = pyruvate(aq) + L-glutamate(aq),Segal H.L.; Beattie D.S.; Hopper S.; J. Biol. Chem.; 237 1914 (1962).,62SEG/BEA_509, , ,310.15,7.3,0.61, ,spectrophotometry,phosphate (0.1 mol dm-3),mol/L;potassium phosphate buffer=0.1;L-alanine=0.00853588;2-oxoglutarate=0.00853588;pyruvate=0.00579745;L-glutamate=0.00813079  ,2.6.1.2, , , , , 
1228,1323.0,239.0,3-hydroxybutyrate dehydrogenase,kegg:C01089 + kegg:C00003 = kegg:C00164 + kegg:C00004,CHB_10983 + CHB_15846 = CHB_13705 + CHB_16908,(R)-3-hydroxybutanoate(aq) + NAD(aq) = 3-oxobutanoate(aq) + NADH(aq),Shuster C.W.; Doudoroff M.; J. Biol. Chem.; 237 603 (1962).,62SHU/DOU_119,13912428.0, ,305.15,8.0,0.13, ,spectrophotometry,Tris (0.033 mol dm-3) + HCl,mol/L;Tris-HCl=0.033;(Mg)1(Cl)2=0.001;(Na)1=0.0033;(R)-3-hydroxybutanoate=0.0033;NAD=0.00033;3-oxobutanoate=0;NADH=0  ,1.1.1.30, , , , , 
1229,1324.0,2640.0,glutamate formiminotransferase,kegg:C00664 + kegg:C00025 = kegg:C00439 + kegg:C00101,CHB_15639 + CHB_29985 = CHB_15635 + CHB_7274,5-formiminotetrahydrofolate(aq) + L-glutamate(aq) = N-formimino-L-glutamate(aq) + tetrahydrofolate(aq),Silverman M.; Methods Enzymol.; 5 790 (1962).,62SIL_356, , ,310.15,6.6,0.09, , ,potassium phosphate (0.047 mol dm-3),mol/L;potassium L-glutamate=0.00971429;potassium phosphate buffer=0.0471429  ,2.1.2.5, , , , , 
1230,1325.0,3244.0,erythrose isomerase,kegg:C01796 = kegg:C02022,MAN_10212 = CHB_16023,D-erythrose(aq) = D-erythrulose(aq),Uehara K.; Methods Enzymol.; 5 350 (1962).,62UEH_1293, , ,308.15,5.8,2.3, ,chemical analysis,phosphate (0.04 mol dm-3),mol/L;phosphate buffer=0.04  ,5.3.1.2, , , , , 
1231,1328.0,3312.0,D-alanine 2-hydroxymethyltransferase,kegg:C03059 + kegg:C00101 = kegg:C00143 + kegg:C00740 + kegg:C00001,CHB_15635 + CHB_28187 = CHB_15377 + CHB_16523 + CHB_1989,"2-hydroxymethylserine(aq) + tetrahydrofolate(aq) = 5,10-methylenetetrahydrofolate(aq) + D-serine(aq) + H2O(1)",Wilson E.M.; Snell E.E.; J. Biol. Chem.; 237 3171 (1962).,62WIL/SNE_357, , ,311.15,7.5,8, ,spectrophotometry,phosphate (0.1 mol dm-3),mol/L;potassium phosphate buffer=0.1  ,2.1.2.7, , , , , 
1232,1326.0,2273.0,D-alanine 2-hydroxymethyltransferase,kegg:C03059 = kegg:C00740 + kegg:C00067,CHB_28187 = CHB_16523 + CHB_16842,2-hydroxymethylserine(aq) = D-serine(aq) + formaldehyde(aq),Wilson E.M.; Snell E.E.; J. Biol. Chem.; 237 3171 (1962).,62WIL/SNE_358, , ,311.15,7.5,0.00027, ,chromatography and spectrophotometry,potassium maleate (0.0075 mol dm-3),mol/L;potassium maleate buffer=0.05;potassium ascorbate=0.003  ,2.1.2.7, , , , , 
1233,1329.0,4293.0,D-alanine 2-hydroxymethyltransferase,kegg:C02115 + kegg:C00101 = kegg:C00143 + kegg:C00133 + kegg:C00001,CHB_15635 + CHB_74819 = CHB_15377 + CHB_15570 + CHB_1989,"2-methylserine(aq) + tetrahydrofolate(aq) = 5,10-methylenetetrahydrofolate(aq) + D-alanine(aq) + H2O(l)",Wilson E.M.; Snell E.E.; J. Biol. Chem.; 237 3171 (1962).,62WIL/SNE_359, , ,311.15,7.5,3, ,spectrophotometry,phosphate (0.1 mol dm-3),mol/L;potassium phosphate buffer=0.1  ,2.1.2.7, , , , , 
1234,1327.0,2517.0,D-alanine 2-hydroxymethyltransferase,kegg:C02115 = kegg:C00133 + kegg:C00067,CHB_74819 = CHB_15570 + CHB_16842,2-methylserine(aq) = D-alanine(aq) + formaldehyde(aq),Wilson E.M.; Snell E.E.; J. Biol. Chem.; 237 3171 (1962).,62WIL/SNE_360,14001018.0, ,311.15,7.5,0.00027, ,chromatography and spectrophotometry,potassium maleate (0.0075 mol dm-3),mol/L;potassium maleate buffer=0.05;potassium ascorbate=0.003  ,2.1.2.7, , , , , 
1235,1330.0,2389.0,methylmalonyl-CoA epimerase,kegg:C01213 = kegg:C00683,CHB_15465 = CHB_15466,(R)-methylmalonyl-CoA(aq) = (S)-methylmalonyl-CoA(aq),Allen S.H.G.; Kellermeyer R.; Stjernholm R.; Wood H.G.; J. Biol. Chem.; 238 1637 (1963).,63ALL/KEL_1278,14012144.0, ,303.15,7.4,1, ,spectrophotometry,Tris (0.05 mol dm-3) + HCl,mol/L;sodium pyruvate=0.01;reduced glutathione=0.005;Tris-HCl=0.05;(NH4)2(SO4)1=0.04  ,5.1.99.1, , , , , 
1236,1331.0,2410.0,nucleoside deoxyribosyltransferase,kegg:C00214 + kegg:C00147 = kegg:C00559 + kegg:C00178,CHB_16708 + CHB_17748 = CHB_17256 + CHB_17821,thymidine(aq) + adenine(aq) = 2'-deoxyadenosine(aq) + thymine(aq),Beck W.S.; Levin M.; J. Biol. Chem.; 238 702 (1963),63BEC/LEV_472,13970089.0, ,310.15,5.8,15.1, ,enzymatic assay,maleate,mol/L;maleate buffer=0.025  ,2.4.2.6, , , , , 
1237,1332.0,4086.0,phosphate acetyltransferase,kegg:C00024 + kegg:C00009 = kegg:C00010 + kegg:C00227,CHB_15351 + CHB_26078 = CHB_15346 + CHB_15350,acetyl-CoA(aq) + orthophosphate(aq) = CoA(aq) + acetyl phosphate(aq),Bergmeyer H.U.; Holz G.; Klotzsch H.; Lang G.; Biochem. Z.; 338 114 (1963).,63BER/HOL_396,14087284.0, ,298.15,7.4,0.0068, ,spectrophotometry,Tris (0.1 mol dm-3),mol/L;Tris buffer=0.1  ,2.3.1.8, , , , , 
1238,, ,chymosin, , ,cleavage of a single bond in casein,Cheeseman G.C.; Rawitscher M.; Sturtevant J.M.; Biochim. Biophys. Acta; 69 169 (1963).,63CHE/RAW_983, , ,298.15,6.6, , ,calorimetry,Tris and phosphate,casein,3.4.23.4, , , , ,-7.5
1239,, ,chymosin, , ,cleavage of a single bond in casein,Cheeseman G.C.; Rawitscher M.; Sturtevant J.M.; Biochim. Biophys. Acta; 69 169 (1963).,63CHE/RAW_983, , ,298.15,6.6, , ,calorimetry,Tris and phosphate,casein,3.4.23.4, , , , ,-9.6
1240,, ,chymosin, , ,cleavage of a single bond in casein,Cheeseman G.C.; Rawitscher M.; Sturtevant J.M.; Biochim. Biophys. Acta; 69 169 (1963).,63CHE/RAW_983, , ,298.15,6.6, , ,calorimetry,Tris and phosphate,sodium caseinate,3.4.23.4, , , , ,-13.4
1241,, ,alkaline phosphatase, , ,N-acetylethanolamine phosphate(aq) + H2O(l) = N-acetylethanolamine(aq) + orthophosphate(aq),Dayan J.; Wilson I.B.; Biochim. Biophys. Acta; 77 446 (1963).,63DAY/WIL_754, , ,298.15,8.0,31, ,spectrophotometry,KH2PO4 (0.047 mol dm-3) + NaOH, ,3.1.3.1, , , , , 
1242,1334.0,3200.0,purine-nucleoside phosphorylase,kegg:C05512 + kegg:C00009 = kegg:C00262 + kegg:C00672,CHB_26078 + CHB_28997 = CHB_11563 + CHB_17368,2'-deoxyinosine(aq) + orthophosphate(aq) = hypoxanthine(aq) + 2-deoxy-Î±-D-ribose 1-phosphate(aq),de Verdier C.-H.; Gould B.J.; Biochim. Biophys. Acta; 68 333 (1963).,63DEV/GOU_457, , ,310.15,7.0,0.03, ,radioactivity and spectrophotometry,Tris + phosphate,mol/L;Tris-phosphate buffer=0.05;EDTA=0.004;2'-deoxyinosine=0.003408  ,2.4.2.1, , , , , 
1243,1335.0,3143.0,purine-nucleoside phosphorylase,kegg:C00294 + kegg:C00009 = kegg:C00262 + kegg:C00620,CHB_17596 + CHB_26078 = CHB_17368 + CHB_35425,inosine(aq) + orthophosphate(aq) = hypoxanthine(aq) + Î±-D-ribose 1-phosphate(aq),de Verdier C.-H.; Gould B.J.; Biochim. Biophys. Acta; 68 333 (1963).,63DEV/GOU_459, , ,310.15,7.0,0.025, ,radioactivity and spectrophotometry,Tris + phosphate,mol/L;Tris-phosphate buffer=0.05;EDTA=0.004;inosine=0.003452  ,2.4.2.1, , , , , 
1244,1336.0,2625.0,ribose-5-phosphate isomerase,kegg:C00117 = kegg:C00199,CHB_52742 = CHB_17363,D-ribose 5-phosphate(aq) = D-ribulose 5-phosphate(aq),Dobrogosz W.J.; Demoss R.D.; Biochim. Biophys. Acta; 77 629 (1963).,63DOB/DEM_1337, , ,310.15,7.6,0.3, ,spectrophotometry,Tris (0.020 mol dm-3) + HCl,mol/L;Tris buffer=0.02;D-ribose 5-phosphate=0.0153846;D-ribulose 5-phosphate=0.00461538  ,5.3.1.6, , , , , 
1245,1337.0,4430.0,L-rhamnose isomerase,kegg:C00507 = kegg:C00861,CHB_62346 = MAN_10205,L-rhamnose(aq) = L-rhamnulose(aq),Domagk G.F.; Zech R.; Biochem. Z.; 339 145 (1963).,63DOM/ZEC_1372,14095156.0, ,310.15,8.5,0.75, ,spectrophotometry,Tris (0.0.063 mol dm-3) + HCl,mol/L;Tris-HCl=0.063  ,5.3.1.14, , , , , 
1246,1338.0,3719.0,mannitol dehydrogenase,kegg:C00392 + kegg:C00003 = kegg:C00095 + kegg:C00004,CHB_15846 + CHB_16899 = CHB_16908 + CHB_37721,D-mannitol(aq) + NAD(aq) = D-fructose(aq) + NADH(aq),Edmundowicz J.M.; Wriston J.C. Jr.; J. Biol. Chem.; 238 3539 (1963).,63EDM/WRI_195,14109183.0, ,310.15,8.05,0.056, ,spectrophotometry,phosphate (0.05 mol dm-3),mol/L;phosphate buffer=0.05  ,1.1.1.67, , , , , 
1247,1339.0, ,glutaminase, ,CHB_15377 + CHB_75305 = CHB_15429 + CHB_29985,Î³-/glutamohydroxamic acid(aq) + H2O(l) = L-glutamate(aq) + hydroxylamine(aq),Ehrenfeld E.; Marble S.J.; Meister A.; J. Biol. Chem.; 238 3711 (1963).,63EHR/MAR_993,14109209.0, ,310.15,7.2,3, ,spectrophotometry,imidazole (0.050 mol dm-3) + HCl,mol/L;imidazole-HCl=0.05  ,3.5.1.2, , , , , 
1248,1340.0,4127.0,carnitine O-acetyltransferase,kegg:C00024 + kegg:C00318 = kegg:C00010 + kegg:C02571,CHB_15351 + CHB_16347 = CHB_15346 + CHB_57589,acetyl-CoA(aq) + L-carnitine(aq) = CoA(aq) + L-acetylcarnitine(aq),Fritz I.B.; Schultz S.K.; Srere P.A.; J. Biol. Chem.; 238 2509 (1963).,63FRI/SCH_389,13963148.0, ,308.15,7.0,1.6, ,spectrophotometry,Tris (0.1 mol dm-3) + HCl,mol/L;Tris-HCl=0.1  ,2.3.1.7, , , , , 
1249,1341.0,1.0,methenyltetrahydrofolate cyclohydrolase,kegg:C00445 + kegg:C00001 = kegg:C00234,CHB_15377 + CHB_15638 = CHB_15637,"5,10-methenyltetrahydrofolate(aq) + H2O(l) = 10-formyltetrahydrofolate(aq)",Greenberg D.M.; Methods Enzymol.; 6 386 (1963).,63GRE_1058, , ,298.15,6.5,4.2, ,spectrophotometry,potassium maleate (1.0 mol dm-3),mol/L;potassium maleate buffer=0.2;2-mercaptoethanol=0.28  ,3.5.4.9, , , , , 
1250,,1206.0,citrate (pro-3S)-lyase,kegg:C00158 = kegg:C00033 + kegg:C00036, ,citrate(aq) = acetate(aq) + oxaloacetate(aq),Harvey R.J.; Collins E.B.; J. Biol. Chem.; 238 2648 (1963).,63HAR/COL_1125,14063286.0, ,303.15,7.0,0.0637, ,spectrophotometry,phosphate (0.13 mol dm-3), ,4.1.3.6, , , , , 
1251,1343.0,992.0,glucose-6-phosphate isomerase,kegg:C00092 = kegg:C00085,CHB_4170 = CHB_61553,D-glucose 6-phosphate(aq) = D-fructose 6-phosphate(aq),Hines M.C.; Wolfe R.G.; Biochemistry; 2 770 (1963).,63HIN/WOL_1355,14075112.0,10.1021/bi00904a025,303.15,8.0,0.32, ,spectrophotometry,Tris + acetate,mol/L; IS=0.1  ,5.3.1.9, , ,0.1, , 
1252,1344.0,1204.0,dihydrofolate reductase,kegg:C00101 + kegg:C00006 = kegg:C00415 + kegg:C00005,CHB_15635 + CHB_18009 = CHB_15633 + CHB_16474,"5,6,7,8-tetrahydrofolate(aq) + NADP(aq) = 7,8-dihydrofolate(aq) + NADPH(aq)",Huennekens F.M.; Biochemistry; 2 151 (1963).,63HUE_296,13955484.0,10.1021/bi00901a027,298.15,7.0,1.78E-05, ,spectrophotometry, ,   ,1.5.1.3, , , , , 
1253,1345, ,chymotrypsin, ,CHB_15377 + MAN_10088 = CHB_15429 + CHB_21563,N-acetyl-L-tyrosine hydroxamic acid(aq) + H2O(l) = N-acetyl-L-tyrosine(aq) + hydroxylamine(aq),Jencks W.P.; Caplow M.; Gilchrist M.; Kallen R.G.; Biochemistry; 2 1313 (1963).,63JEN/CAP_970,14093907.0,10.1021/bi00906a024,298.15,6.14,4.9, ,chemical analysis and spectrophotometry, ,mol/L;IS=2.0 _ nan _ ,3.4.21.1, , ,, , 
1254,1347, ,chymotrypsin, ,CHB_15377 + MAN_10088 = CHB_15429 + CHB_21563,N-acetyl-L-tyrosine hydroxamic acid(aq) + H2O(l) = N-acetyl-L-tyrosine(aq) + hydroxylamine(aq),Jencks W.P.; Caplow M.; Gilchrist M.; Kallen R.G.; Biochemistry; 2 1313 (1963).,63JEN/CAP_970,14093907.0,10.1021/bi00906a024,298.15,6.21,5.85, ,chemical analysis and spectrophotometry, ,mol/L;IS=2.0 _ nan _ ,3.4.21.1, , ,, , 
1255,1346.0, ,chymotrypsin, ,CHB_15377 + MAN_10088 = CHB_15429 + CHB_21563,N-acetyl-L-tyrosine hydroxamic acid(aq) + H2O(l) = N-acetyl-L-tyrosine(aq) + hydroxylamine(aq),Jencks W.P.; Caplow M.; Gilchrist M.; Kallen R.G.; Biochemistry; 2 1313 (1963).,63JEN/CAP_970,14093907.0,10.1021/bi00906a024,298.15,6.22,5.65, ,chemical analysis and spectrophotometry, ,mol/L;IS=2.0  ,3.4.21.1, , , , , 
1256,1348.0, ,chymotrypsin, ,CHB_15377 + MAN_10088 = CHB_15429 + CHB_21563,N-acetyl-L-tyrosine hydroxamic acid(aq) + H2O(l) = N-acetyl-L-tyrosine(aq) + hydroxylamine(aq),Jencks W.P.; Caplow M.; Gilchrist M.; Kallen R.G.; Biochemistry; 2 1313 (1963).,63JEN/CAP_970,14093907.0,10.1021/bi00906a024,298.15,6.59,10.4, ,chemical analysis and spectrophotometry, ,mol/L;IS=2.0  ,3.4.21.1, , , , , 
1257,1349, ,chymotrypsin, ,CHB_15377 + MAN_10088 = CHB_15429 + CHB_21563,N-acetyl-L-tyrosine hydroxamic acid(aq) + H2O(l) = N-acetyl-L-tyrosine(aq) + hydroxylamine(aq),Jencks W.P.; Caplow M.; Gilchrist M.; Kallen R.G.; Biochemistry; 2 1313 (1963).,63JEN/CAP_970,14093907.0,10.1021/bi00906a024,298.15,6.67,11.5, ,chemical analysis and spectrophotometry, ,mol/L;IS=2.0   _ mol/L;IS=2.0 _ nan _ ,3.4.21.1, , ,, , 
1258,, ,chymotrypsin, , ,N-acetyl-L-tyrosine hydroxamic acid(aq) + H2O(l) = N-acetyl-L-tyrosine(aq) + hydroxylamine(aq),Jencks W.P.; Caplow M.; Gilchrist M.; Kallen R.G.; Biochemistry; 2 1313 (1963).,63JEN/CAP_970,14093907.0,10.1021/bi00906a024,298.15,6.67,13, ,chemical analysis and spectrophotometry, , ,3.4.21.1, , , , , 
1259,,2520.0,4-hydroxy-2-oxoglutarate aldolase,kegg:C01127 = kegg:C00022 + kegg:C00048, ,4-hydroxy-2-oxoglutarate(aq) = pyruvate(aq) + glyoxylate(aq),Kuratomi K.; Fukunaga K.; Biochim. Biophys. Acta; 78 617 (1963).,63KUR/FUK_1131, , ,310.15,7.5,0.0037, ,spectrophotometry,potassium phosphate (0.075 mol dm-3), ,4.1.3.16, , , , , 
1260,1352.0,418.0,glutathione reductase (NAD(P)H),2 kegg:C00051 + kegg:C00006 = kegg:C00127 + kegg:C00005,2 CHB_16856 + CHB_18009 = CHB_16474 + CHB_17858,2 reduced glutathione(aq) + NADP(aq) =  oxidized glutathione(aq) + NADPH(aq),Mapson L.W.; Isherwood F.A.; Biochem. J.; 86 173 (1963).,63MAP/ISH_312,13932735.0,10.1042/bj0860173,293.15,7.4,1.50E-05, ,radioactivity and fluorimetry,phosphate (0.1 mol dm-3),mol/L;phosphate buffer=0.1;EDTA=0.001;reduced glutathione=0.01665  ,1.6.4.2, , , , , 
1261,1353.0,419.0,glutathione reductase (NAD(P)H),2 kegg:C00051 + kegg:C00006 = kegg:C00127 + kegg:C00005,2 CHB_16856 + CHB_18009 = CHB_16474 + CHB_17858,2 reduced glutathione(aq) + NADP(aq) =  oxidized glutathione(aq) + NADPH(aq),Mapson L.W.; Isherwood F.A.; Biochem. J.; 86 173 (1963).,63MAP/ISH_312,13932735.0,10.1042/bj0860173,293.15,8.3,0.00012, ,radioactivity and fluorimetry,phosphate (0.1 mol dm-3),mol/L;phosphate buffer=0.1;EDTA=0.001;reduced glutathione=0.025  ,1.6.4.2, , , , , 
1262,1354.0,420.0,glutathione reductase (NAD(P)H),2 kegg:C00051 + kegg:C00006 = kegg:C00127 + kegg:C00005,2 CHB_16856 + CHB_18009 = CHB_16474 + CHB_17858,2 reduced glutathione(aq) + NADP(aq) =  oxidized glutathione(aq) + NADPH(aq),Mapson L.W.; Isherwood F.A.; Biochem. J.; 86 173 (1963).,63MAP/ISH_312,13932735.0,10.1042/bj0860173,293.15,9.3,0.00032, ,radioactivity and fluorimetry,phosphate (0.1 mol dm-3),mol/L;phosphate buffer=0.1;EDTA=0.001;reduced glutathione=0.025  ,1.6.4.2, , , , , 
1263,1355.0,1861.0,mannitol dehydrogenase,kegg:C00392 + kegg:C00003 = kegg:C00095 + kegg:C00004,CHB_15846 + CHB_16899 = CHB_16908 + CHB_37721,D-mannitol(aq) + NAD(aq) = D-fructose(aq) + NADH(aq),Martinez G.; Barker H.A.; Horecker B.L.; J. Biol. Chem.; 238 1598 (1963).,63MAR/BAR_196, , ,298.15,7.2,0.084, ,spectrophotometry,Tris (0.16 mol dm-3),mol/L;Tris buffer = 0.16  ,1.1.1.67, , , , , 
1264,1356.0,800.0,dihydrofolate reductase,kegg:C00101 + kegg:C00006 = kegg:C00415 + kegg:C00005,CHB_15635 + CHB_18009 = CHB_15633 + CHB_16474,"5,6,7,8-tetrahydrofolate(aq) + NADP(aq) = 7,8-dihydrofolate(aq) + NADPH(aq)",Mathews C.K.; Huennenkens F.M.; J. Biol. Chem.; 238 3436 (1963).,63MAT/HUE_297,14085400.0, ,298.15,7.5,6.10E-05, ,spectrophotometry,Tris (0.1 mol dm-3),mol/L;Tris buffer=0.1  ,1.5.1.3, , , , , 
1265,1357.0,801.0,dihydrofolate reductase,kegg:C00101 + kegg:C00006 = kegg:C00415 + kegg:C00005,CHB_15635 + CHB_18009 = CHB_15633 + CHB_16474,"5,6,7,8-tetrahydrofolate(aq) + NADP(aq) = 7,8-dihydrofolate(aq) + NADPH(aq)",Mathews C.K.; Huennenkens F.M.; J. Biol. Chem.; 238 3436 (1963).,63MAT/HUE_297,14085400.0, ,298.15,8.5,0.00056, ,spectrophotometry,Tris (0.1 mol dm-3),mol/L;Tris buffer=0.1  ,1.5.1.3, , , , , 
1266,1358.0,2388.0,D-glutamate cyclase,kegg:C00217 = kegg:C02237 + kegg:C00001,CHB_29989 = CHB_15377 + CHB_16924,D-glutamate(aq) = 5-oxo-D-proline(aq) + H2O(l),Meister A.; Bukenberger M.W.; Strassburger M.; Biochem. Z.; 338 217 (1963).,63MEI/BUK_1196,14087295.0, ,310.15,8.3,16, ,chromatography and radioactivity,Tris (0.17 mol dm-3) + HCl,mol/L;Tris-HCl=0.17  ,4.2.1.48, , , , , 
1267,1359.0, ,21-hydroxysteroid dehydrogenase (NAD+), ,CHB_15846 + MAN_10085 = CHB_16908 + MAN_10056,"4-pregnene-11Î²,17Î±,21-triol-3,20-dione(aq) + NAD(aq) = 4-pregnene-11Î²,17Î±-diol-3,20,21-trione(aq) + NADH(aq)",Monder C.; White A.; J. Biol. Chem.; 238 767 (1963).,63MON/WHI_219,13936004.0, ,303.15,6.9,7.80E-08, ,radioactivity and spectrophotometry,sodium phosphate (0.13 mol dm-3),mol/L;sodium phosphate buffer=0.13  ,1.1.1.150, , , , , 
1268,1360.0, ,21-hydroxysteroid dehydrogenase (NAD+), ,CHB_15846 + MAN_10085 = CHB_16908 + MAN_10056,"4-pregnene-11Î²,17Î±,21-triol-3,20-dione(aq) + NAD(aq) = 4-pregnene-11Î²,17Î±-diol-3,20,21-trione(aq) + NADH(aq)",Monder C.; White A.; J. Biol. Chem.; 238 767 (1963).,63MON/WHI_219,13936004.0, ,303.15,8.5,0.00098, ,radioactivity and spectrophotometry,sodium phosphate (0.13 mol dm-3),mol/L;sodium phosphate buffer=0.13  ,1.1.1.150, , , , , 
1269,1361.0, ,gluconate 5-dehydrogenase, ,CHB_18009 + CHB_18391 = CHB_16474 + MAN_10099,D-gluconate(aq) + NADP(aq) = 5-oxo-D-gluconate(aq) + NADPH(aq),Okamoto K.; J. Biochem. (Tokyo); 53 448 (1963).,63OKA_198, , ,303.15,7.5,0.00011, ,spectrophotometry,Tris (0.1 mol dm-3),mol/L;Tris buffer=0.1  ,1.1.1.69, , , , , 
1270,1362.0, ,gluconate 5-dehydrogenase, ,CHB_18009 + CHB_18391 = CHB_16474 + MAN_10099,D-gluconate(aq) + NADP(aq) = 5-oxo-D-gluconate(aq) + NADPH(aq),Okamoto K.; J. Biochem. (Tokyo); 53 448 (1963).,63OKA_198, , ,303.15,8.0,0.00035, ,spectrophotometry,Tris (0.1 mol dm-3),mol/L;Tris buffer=0.1  ,1.1.1.69, , , , , 
1271,1363.0, ,gluconate 5-dehydrogenase, ,CHB_18009 + CHB_18391 = CHB_16474 + MAN_10099,D-gluconate(aq) + NADP(aq) = 5-oxo-D-gluconate(aq) + NADPH(aq),Okamoto K.; J. Biochem. (Tokyo); 53 448 (1963).,63OKA_198, , ,303.15,8.5,0.0011, ,spectrophotometry,Tris (0.1 mol dm-3),mol/L;Tris buffer=0.1  ,1.1.1.69, , , , , 
1272,1364.0, ,gluconate 5-dehydrogenase, ,CHB_18009 + CHB_18391 = CHB_16474 + MAN_10099,D-gluconate(aq) + NADP(aq) = 5-oxo-D-gluconate(aq) + NADPH(aq),Okamoto K.; J. Biochem. (Tokyo); 53 448 (1963).,63OKA_198, , ,303.15,9.0,0.0035, ,spectrophotometry,Tris (0.1 mol dm-3),mol/L;Tris buffer=0.1  ,1.1.1.69, , , , , 
1273,1365.0,3147.0,glyoxylate dehydrogenase (acylating),kegg:C00048 + kegg:C00010 + kegg:C00006 = kegg:C00313 + kegg:C00005,CHB_15346 + CHB_16891 + CHB_18009 = CHB_15535 + CHB_16474,glyoxylate(aq) + CoA(aq) + NADP(aq) = oxalyl-CoA(aq) + NADPH(aq),Quayle J.R.; Biochem. J.; 87 368 (1963).,63QUA_260,13972708.0,10.1042/bj0870368,298.15,6.6,24.3, ,spectrophotometry,phosphate (0.05 mol dm-3),mol/L;sodium phosphate buffer = 0.05  ,1.2.1.17, , , , , 
1274,1366.0,3145.0,glyoxylate dehydrogenase (acylating),kegg:C00048 + kegg:C00010 + kegg:C00006 = kegg:C00313 + kegg:C00005,CHB_15346 + CHB_16891 + CHB_18009 = CHB_15535 + CHB_16474,glyoxylate(aq) + CoA(aq) + NADP(aq) = oxalyl-CoA(aq) + NADPH(aq),Quayle J.R.; Biochem. J.; 87 368 (1963).,63QUA_260,13972708.0,10.1042/bj0870368,298.15,6.7,38.5, ,spectrophotometry,phosphate (0.05 mol dm-3),mol/L;sodium phosphate buffer = 0.05  ,1.2.1.17, , , , , 
1275,1367.0,3144.0,glyoxylate dehydrogenase (acylating),kegg:C00048 + kegg:C00010 + kegg:C00006 = kegg:C00313 + kegg:C00005,CHB_15346 + CHB_16891 + CHB_18009 = CHB_15535 + CHB_16474,glyoxylate(aq) + CoA(aq) + NADP(aq) = oxalyl-CoA(aq) + NADPH(aq),Quayle J.R.; Biochem. J.; 87 368 (1963).,63QUA_260,13972708.0,10.1042/bj0870368,298.15,6.8,44.7, ,spectrophotometry,phosphate (0.05 mol dm-3),mol/L;sodium phosphate buffer = 0.05  ,1.2.1.17, , , , , 
1276,1368.0,3148.0,glyoxylate dehydrogenase (acylating),kegg:C00048 + kegg:C00010 + kegg:C00006 = kegg:C00313 + kegg:C00005,CHB_15346 + CHB_16891 + CHB_18009 = CHB_15535 + CHB_16474,glyoxylate(aq) + CoA(aq) + NADP(aq) = oxalyl-CoA(aq) + NADPH(aq),Quayle J.R.; Biochem. J.; 87 368 (1963).,63QUA_260,13972708.0,10.1042/bj0870368,298.15,6.85,51.8, ,spectrophotometry,phosphate (0.05 mol dm-3),mol/L;sodium phosphate buffer = 0.05  ,1.2.1.17, , , , , 
1277,1369.0,3146.0,glyoxylate dehydrogenase (acylating),kegg:C00048 + kegg:C00010 + kegg:C00006 = kegg:C00313 + kegg:C00005,CHB_15346 + CHB_16891 + CHB_18009 = CHB_15535 + CHB_16474,glyoxylate(aq) + CoA(aq) + NADP(aq) = oxalyl-CoA(aq) + NADPH(aq),Quayle J.R.; Biochem. J.; 87 368 (1963).,63QUA_260,13972708.0,10.1042/bj0870368,298.15,6.98,73.4, ,spectrophotometry,phosphate (0.05 mol dm-3),mol/L;sodium phosphate buffer = 0.05  ,1.2.1.17, , , , , 
1278,1371.0,71.0,glutathione reductase (NAD(P)H),2 kegg:C00051 + kegg:C00006 = kegg:C00127 + kegg:C00005,2 CHB_16856 + CHB_18009 = CHB_16474 + CHB_17858,2 reduced glutathione(aq) + NADP(aq) =  oxidized glutathione(aq) + NADPH(aq),Scott E.M.; Duncan I.W.; Ekstrand V.; J. Biol. Chem.; 238 3928 (1963).,63SCO/DUN_313,14086726.0, ,283.15,6.8,0.00644, ,spectrophotometry,potassium phosphate (0.167 mol dm-3),mol/L;potassium phosphate buffer = 0.167  ,1.6.4.2, , , , , 
1279,1372.0,73.0,glutathione reductase (NAD(P)H),2 kegg:C00051 + kegg:C00006 = kegg:C00127 + kegg:C00005,2 CHB_16856 + CHB_18009 = CHB_16474 + CHB_17858,2 reduced glutathione(aq) + NADP(aq) =  oxidized glutathione(aq) + NADPH(aq),Scott E.M.; Duncan I.W.; Ekstrand V.; J. Biol. Chem.; 238 3928 (1963).,63SCO/DUN_313,14086726.0, ,298.15,6.8,0.00644, ,spectrophotometry,potassium phosphate (0.167 mol dm-3),mol/L;potassium phosphate buffer = 0.167  ,1.6.4.2, , , , , 
1280,1370.0,72.0,glutathione reductase (NAD(P)H),2 kegg:C00051 + kegg:C00006 = kegg:C00127 + kegg:C00005,2 CHB_16856 + CHB_18009 = CHB_16474 + CHB_17858,2 reduced glutathione(aq) + NADP(aq) =  oxidized glutathione(aq) + NADPH(aq),Scott E.M.; Duncan I.W.; Ekstrand V.; J. Biol. Chem.; 238 3928 (1963).,63SCO/DUN_313,14086726.0, ,313.15,6.8,0.00595, ,spectrophotometry,potassium phosphate (0.167 mol dm-3),mol/L;potassium phosphate buffer = 0.167  ,1.6.4.2, , , , , 
1281,1373.0,2265.0,phosphate acetyltransferase,kegg:C00024 + kegg:C00009 = kegg:C00010 + kegg:C00227,CHB_15351 + CHB_26078 = CHB_15346 + CHB_15350,acetyl-CoA(aq) + orthophosphate(aq) = CoA(aq) + acetyl phosphate(aq),Sly W.S.; Stadtman E.R.; J. Biol. Chem.; 238 2639 (1963).,63SLY/STA_397, , ,303.15,6.85,0.0142, ,spectrophotometric,potassium dimethylglutarate (0.1 mol dm-3),mol/L;potassium dimethylglutarate buffer = 0.1  ,2.3.1.8, , , , , 
1282,1374.0,74.0,phosphate acetyltransferase,kegg:C00798 + kegg:C00009 = kegg:C00010 + kegg:C02405,CHB_15522 + CHB_26078 = CHB_15346 + CHB_16729,formyl-CoA(aq) + orthophosphate(aq) =  CoA(aq) + formyl phosphate(aq),Sly W.S.; Stadtman E.R.; J. Biol. Chem.; 238 2639 (1963).,63SLY/STA_401,14063285.0, ,303.15,6.85,0.14, ,spectrophotometric,potassium dimethylglutarate (0.1 mol dm-3),mol/L;potassium dimethylglutarate buffer = 0.1  ,2.3.1.8, , , , , 
1283,1375.0,3805.0,UTP-glucose-1-phosphate uridylyltransferase,kegg:C00075 + kegg:C00103 = kegg:C00013 + kegg:C00029,CHB_15713 + CHB_16077 = CHB_18066 + CHB_18361,UTP(aq) + Î±-D-glucose 1-phosphate(aq) = pyrophosphate(aq) + UDPglucose(aq),Villar-Palasi C.; Larner J.; Methods Enzymol.; 6 355 (1963).,63VIL/LAR_686, , ,303.15,7.45,1, ,spectrophotometry,Tris (0.025 mol dm-3),   ,2.7.7.9, , , , , 
1284,1376.0,2730.0,4-hydroxyproline epimerase,kegg:C01157 = kegg:C03440,CHB_18095 = CHB_16231,trans-4-hydroxy-L-proline(aq) = cis-4-hydroxy-D-proline(aq),Adams E.; Norton I.L.; J. Biol. Chem.; 239 1525 (1964).,64ADA/NOR_1240,14189888.0, ,298.15,8.1,0.99, ,ion exchange chromatography,Tris (0.05 mol dm-3),mol/L;Tris buffer=0.05  ,5.1.1.8, , , , , 
1285,1379.0,2349.0,L-threonate dehydrogenase,kegg:C01620 + kegg:C00003 = kegg:C03064 + kegg:C00004,CHB_15846 + CHB_57561 = CHB_16908 + CHB_16943,L-threonate(aq) + NAD(aq) = 3-oxo-L-threonate(aq) + NADH(aq),Aspen A.J.; Jakoby W.B.; J. Biol. Chem.; 239 710 (1964).,64ASP/JAK_215,14154441.0, ,298.15,6.9,0.00553, ,spectrophotometry,phosphate (0.3 mol dm-3),mol/L;phosphate buffer=0.3  ,1.1.1.129, , , , , 
1286,1377.0,2350.0,L-threonate dehydrogenase,kegg:C01620 + kegg:C00003 = kegg:C03064 + kegg:C00004,CHB_15846 + CHB_57561 = CHB_16908 + CHB_16943,L-threonate(aq) + NAD(aq) = 3-oxo-L-threonate(aq) + NADH(aq),Aspen A.J.; Jakoby W.B.; J. Biol. Chem.; 239 710 (1964).,64ASP/JAK_215,14154441.0, ,298.15,7.0,0.000342, ,spectrophotometry,phosphate (0.3 mol dm-3),mol/L;phosphate buffer=0.3  ,1.1.1.129, , , , , 
1287,1378.0,2351.0,L-threonate dehydrogenase,kegg:C01620 + kegg:C00003 = kegg:C03064 + kegg:C00004,CHB_15846 + CHB_57561 = CHB_16908 + CHB_16943,L-threonate(aq) + NAD(aq) = 3-oxo-L-threonate(aq) + NADH(aq),Aspen A.J.; Jakoby W.B.; J. Biol. Chem.; 239 710 (1964).,64ASP/JAK_215,14154441.0, ,298.15,7.75,0.00125, ,spectrophotometry,phosphate (0.3 mol dm-3),mol/L;phosphate buffer=0.3  ,1.1.1.129, , , , , 
1288,1380.0,3598.0,sucrose synthase,kegg:C00029 + kegg:C00095 = kegg:C00015 + kegg:C00089,CHB_18066 + CHB_37721 = CHB_17659 + CHB_17992,UDPglucose(aq) + D-fructose(aq) = UDP(aq) + sucrose(aq),Avigad G.; J. Biol. Chem.; 239 3613 (1964).,64AVI_424,14257584.0, ,303.15,7.6,1.6, ,spectrophotometry,Tris,mol/L;Tris=0.0477273;(Na)1(F)1=0.00454545;2-mercaptoethanol=0.00227273;(Mg)1(Cl)2=0.00227273;UDPglucose=0.00406156;UDP=0.00275662  ,2.4.1.13, , , , , 
1289,1381.0,2868.0,methylaspartate mutase,kegg:C03618 = kegg:C00025,CHB_47980 = CHB_29985,L-threo-3-methylaspartate(aq) = L-glutamate(aq),Barker H.A.; Rooze V.; Suzuki F.; Iodice A.A.; J. Biol. Chem.; 239 3260 (1964).,64BAR/ROO_1419,14245371.0, ,303.15,8.2,10.7, ,spectrophotometry,Tris (0.050 mol dm-3) + HCl,mol/L;Tris-HCl=0.05;2-mercaptoethanol=0.02;(Ca)1(Cl)2=0.0005;L-glutamate=0.09875;L-threo-3-methylaspartate=0.00925  ,5.4.99.1, , , , , 
1290,, ,oxamate carbamoyltransferase, , ,carbamoyl phosphate(aq) + oxamate(aq) = orthophosphate(aq) + carbamoyl oxamate(aq),Bojanowski R.; Gaudy E.; Valentine R.C.; Wolfe R.S.; J. Bacteriol.; 87 75 (1964).,64BOJ/GAU_363,14102876.0, ,310.15,8.3,0.62, ,spectrophotometry,Tris (0.04 mol dm-3), ,2.1.3.5, , , , , 
1291,1383.0,3133.0,aspartate transaminase,kegg:C00049 + kegg:C00026 = kegg:C00036 + kegg:C00025,CHB_16810 + CHB_29991 = CHB_16452 + CHB_29985,L-aspartate(aq) + 2-oxoglutarate(aq) = oxaloacetate(aq) + L-glutamate(aq),Henson C.P.; Cleland W.W.; Biochemistry; 3 338 (1964).,64HEN/CLE_500,14155095.0,10.1021/bi00891a007,310.15,7.4,0.165, ,spectrophotometry,Tris,mol/L;IS=0.13;Tris=0.0667;L-aspartate=0.02;2-oxoglutarate=0.01;oxaloacetate=0;L-glutamate=0  ,2.6.1.1, , ,0.13, , 
1292,1384.0,3203.0,UDPglucose 4-epimerase,kegg:C00029 = kegg:C00052,CHB_18066 = CHB_18307,UDPglucose(aq) = UDPgalactose(aq),Imae Y.; Morikawa N.; Kurahashi K.; J. Biochem. (Tokyo); 56 138 (1964).,64IMA/MOR_1251, , ,298.15,8.7,0.29, ,spectrophotometry,glycine (0.1 mol dm-3) + NaOH,mol/L;glycine-NaOH=0.1  ,5.1.3.2, , , , , 
1293,1385.0,143.0,methylmalonyl-CoA mutase,kegg:C01213 = kegg:C00091,CHB_15465 = CHB_15380,(R)-methylmalonyl-CoA(aq) = succinyl-CoA(aq),Kellermeyer R.W.; Allen S.H.G.; Stjernholm R.; Wood H.G.; J. Biol. Chem.; 239 2562 (1964).,64KEL/ALL_1421,14235536.0, ,298.15,7.4,23.1, ,enzymatic assay,Tris (0.049 mol dm-3) + HCl,mol/L;Tris=0.0125;succinyl-CoA=0.000925  ,5.4.99.2, , , , , 
1294,1386.0,796.0,fructose-biphosphate aldolase,kegg:C00354 = kegg:C00111 + kegg:C00118,CHB_40595 = CHB_16108 + CHB_29052,"D-fructose 1,6-bisphosphate(aq) = glycerone phosphate(aq) + D-glyceraldehyde 3-phosphate(aq)",Lowry O.H.; Passonneau J.V.; J. Biol. Chem.; 239 31 (1964).,64LOW/PAS_1093, , ,311.15,7.1,9.30E-05, ,fluorimetry,imidazole (0.020 mol dm-3),"mol/L;imidazole buffer=0.02;potassium acetate=0.15;(Mg)1(Cl)2=0.005;(K)2(HPO4)1=0.005;D-fructose 1,6-bisphosphate=0.000248;glycerone phosphate=0.000159;D-glyceraldehyde 3-phosphate=0.000144  ",4.1.2.13, , , , , 
1295,1388.0,1228.0,phosphopyruvate hydratase,kegg:C00631 = kegg:C00074 + kegg:C00001,CHB_17835 = CHB_15377 + CHB_18021,2-phospho-D-glycerate(aq) = phosphoenolpyruvate(aq) + H2O(l),Lowry O.H.; Passonneau J.V.; J. Biol. Chem.; 239 31 (1964).,64LOW/PAS_1174, , ,311.15,7.1,4.6, ,fluorimetry,imidazole (0.020 mol dm-3),mol/L;imidazole buffer=0.02;potassium acetate=0.15;(Mg)1(Cl)2=0.005;(K)2(HPO4)1=0.005;2-phospho-D-glycerate=0.000084;phosphoenolpyruvate=0.000375  ,4.2.1.11, , , , , 
1296,1387.0,1203.0,phosphoglycerate mutase,kegg:C00631 = kegg:C00197,CHB_17835 = CHB_17794,2-phospho-D-glycerate(aq) = 3-phospho-D-glycerate(aq),Lowry O.H.; Passonneau J.V.; J. Biol. Chem.; 239 31 (1964).,64LOW/PAS_1394,14114860.0, ,311.15,7.0,9.8, ,fluorimetry,phosphate (0.04 mol dm-3),mol/L;imidazole buffer=0.02;potassium acetate=0.15;(Mg)1(Cl)2=0.005;(K)2(HPO4)1=0.005;3-phospho-D-glycerate=0.000339;2-phospho-D-glycerate=0.000034  ,5.4.2.1, , , , , 
1297,1389.0,1271.0,4-hydroxy-2-oxoglutarate aldolase,kegg:C01127 = kegg:C00022 + kegg:C00048,CHB_17742 = CHB_15361 + CHB_16891,4-hydroxy-2-oxoglutarate(aq) = pyruvate(aq) + glyoxylate(aq),Maitra U.; Dekker E.E.; J. Biol. Chem.; 239 1485 (1964).,64MAI/DEK_1132,14193832.0, ,310.15,8.4,0.012, ,spectrophotometry,Tris (0.1 mol dm-3) + HCl,mol/L;Tris-HCl=0.1;reduced glutathione=0.005;(Mg)1(Cl)2=0.005;4-hydroxy-2-oxoglutarate=0.005;pyruvate=0;glyoxylate=0  ,4.1.3.16, , , , , 
1298,1390.0,3555.0,tetrahydroxypteridine cycloisomerase,kegg:C03178 = kegg:C03314,CHB_17410 = CHB_16806,tetrahydroxypteridine(aq) = xanthine-8-carboxylate(aq),McNutt W.S.; Damle S.P.; J. Biol. Chem.; 239 4272 (1964).,64MCN/DAM_1429,14247682.0, ,296.15,7.5,620, ,radioactivity,Tris (0.07 mol dm-3) + HCl,mol/L;Tris-HCl=0.07  ,5.5.1.3, , , , , 
1299,1391,3328.0,2-dehydro-3-deoxyphosphogluconate aldolase,kegg:C04442 = kegg:C00022 + kegg:C00118,CHB_15925 = CHB_15361 + CHB_29052,6-phospho-2-dehydro-3-deoxy-D-gluconate(aq) = pyruvate(aq) + D-glyceraldehyde 3-phosphate(aq),Meloche H.P.; Wood W.A.; J. Biol. Chem.; 239 3511 (1964).,64MEL/WOO_1106,14245410.0, ,298.15,8.0,0.0012, ,spectrophotometry and radioactivity,imidazole,mol/L;imidazole buffer=0.05;6-phospho-2-dehydro-3-deoxy-D-gluconate=0.0023 _ nan _ ,4.1.2.14, , ,, , 
1300,1392.0,1461.0,sucrose synthase,kegg:C00029 + kegg:C00095 = kegg:C00015 + kegg:C00089,CHB_18066 + CHB_37721 = CHB_17659 + CHB_17992,UDPglucose(aq) + D-fructose(aq) = UDP(aq) + sucrose(aq),Milner Y.; Avigad G.; Israel J. Chem.; 2 316 (1964).,64MIL/AVI_425, , ,298.15,7.2,1.3, , , ,   ,2.4.1.13, , , , , 
1301,,375.0,thioredoxin reductase (NADPH),kegg:C00342 + kegg:C00006 = kegg:C00343 + kegg:C00005, ,reduced thioredoxin(aq) + NADP(aq) = oxidized thioredoxin(aq) + NADPH(aq),Moore E.C.; Reichard P.; Thelander L.; J. Biol. Chem.; 239 3445 (1964).,64MOO/REI_318,14245401.0, ,298.15,7.0,0.036, ,spectrophotometry,Tris (0.098 mol dm-3), ,1.6.4.5, , , , , 
1302,,374.0,thioredoxin reductase (NADPH),kegg:C00342 + kegg:C00006 = kegg:C00343 + kegg:C00005, ,reduced thioredoxin(aq) + NADP(aq) = oxidized thioredoxin(aq) + NADPH(aq),Moore E.C.; Reichard P.; Thelander L.; J. Biol. Chem.; 239 3445 (1964).,64MOO/REI_318,14245401.0, ,298.15,8.0,0.27, ,spectrophotometry,Tris (0.098 mol dm-3), ,1.6.4.5, , , , , 
1303,,373.0,thioredoxin reductase (NADPH),kegg:C00342 + kegg:C00006 = kegg:C00343 + kegg:C00005, ,reduced thioredoxin(aq) + NADP(aq) = oxidized thioredoxin(aq) + NADPH(aq),Moore E.C.; Reichard P.; Thelander L.; J. Biol. Chem.; 239 3445 (1964).,64MOO/REI_318,14245401.0, ,298.15,9.0,2, ,spectrophotometry,Tris (0.098 mol dm-3), ,1.6.4.5, , , , , 
1304,1393.0,2876.0,carnitine O-palmitoyltransferase,kegg:C00154 + kegg:C00318 = kegg:C00010 + kegg:C02990,CHB_15525 + CHB_16347 = CHB_15346 + CHB_17490,palmitoyl-CoA(aq) + L-carnitine(aq) = CoA(aq) + L-palmitoylcarnitine(aq),Norum K.R.; Biochim. Biophys. Acta; 89 95 (1964).,64NOR_408, , ,310.15,7.5,0.5, ,spectrophotometry and radioactivity,Tris (0.01 mol dm-3),mol/L;Tris=0.0536913  ,2.3.1.21, , , , , 
1305,1394,4316.0,mannose-1-phosphate guanylyltransferase,kegg:C00044 + kegg:C00636 = kegg:C00096 + kegg:C00013,CHB_15996 + CHB_35374 = CHB_15820 + CHB_18361,GTP(aq) + Î±-D-mannose 1-phosphate(aq) = GDPmannose(aq) + pyrophosphate(aq),Preiss J.; Wood E.; J. Biol. Chem.; 239 3119 (1964).,64PRE/WOO_699,14245350.0, ,310.15,8.26,2.5, ,paper chromatography and chemical analysis,Tris (0.06 mol dm-3) + HCl,mol/L;Tris-HCl=0.03;(Mg)1(Cl)2=0.004;(K)1(F)1=0.01;2-mercaptoethanol=0.02;pyrophosphate=0.0004;GDPmannose=0.000218;D-mannose 1-phosphate=0;GTP=0 _ nan _ ,2.7.7.13, , ,, , 
1306,1395.0,56.0,glutathione reductase (NAD(P)H),2 kegg:C00051 + kegg:C00003 = kegg:C00127 + kegg:C00004,CHB_15846 + 2 CHB_16856 = CHB_16908 + CHB_17858,2 reduced glutathione(aq) + NAD(aq) =  oxidized glutathione(aq) + NADH(aq),Rost J.; Rapoport S.; Nature; 201 185 (1964).,64ROS/RAP_311, , ,313.15,7.0,0.001, ,spectrophotometry,phosphate (0.125 mol dm-3),mol/L;phosphate buffer=0.125;reduced glutathione=0.02;NAD=0.02  ,1.6.4.2, , , , , 
1307,1396.0,3605.0,xylose isomerase,kegg:C00031 = kegg:C00095,CHB_4167 = CHB_37721,D-glucose(aq) = D-fructose(aq),Sato T; Tsumura N.; J. Chem. Soc. Jpn.; 67 683 (1964).,64SAT/TSU_1298, , ,323.15,7.65,1, ,polarimetry,phosphate and barbital,   ,5.3.1.5, , , , , 
1308,1397.0,1605.0,L-rhamnose isomerase,kegg:C00507 = kegg:C00861,CHB_62346 = MAN_10205,L-rhamnose(aq) = L-rhamnulose(aq),Takagi Y.; Sawada H.; Biochim. Biophys. Acta; 92 10 (1964).,64TAK/SAW_1373, , ,310.15,7.6,1.5, ,spectrophotometry,Tris (0.01 mol dm-3),mol/L;(Mn)1(Cl)2=0.01;Tris=0.01  ,5.3.1.14, , , , , 
1309,1398.0,3717.0,UDPglucose 4-epimerase,kegg:C00029 = kegg:C00052,CHB_18066 = CHB_18307,UDPglucose(aq) = UDPgalactose(aq),Wilson D.B.; Hogness D.S.; J. Biol. Chem.; 239 2469 (1964).,64WIL/HOG_1252,14235524.0, ,300.15,7.1,0.289, ,spectrophotometry,potassium phosphate (0.05 mol dm-3) and glycine (0.05 mol dm-3),mol/L;potassium phosphate buffer=0.05  ,5.1.3.2, , , , , 
1310,1399.0,3718.0,UDPglucose 4-epimerase,kegg:C00029 = kegg:C00052,CHB_18066 = CHB_18307,UDPglucose(aq) = UDPgalactose(aq),Wilson D.B.; Hogness D.S.; J. Biol. Chem.; 239 2469 (1964).,64WIL/HOG_1252,14235524.0, ,300.15,8.7,0.278, ,spectrophotometry,potassium phosphate (0.05 mol dm-3) and glycine (0.05 mol dm-3),mol/L;glycine buffer=0.05  ,5.1.3.2, , , , , 
1311,1402.0,1577.0,D-lyxose ketol-isomerase,kegg:C00476 = kegg:C00310,CHB_28543 = CHS_388344,D-lyxose(aq) = D-xylulose(aq),Anderson R.L.; Allison D.P.; J. Biol. Chem.; 240 2367 (1965).,65AND/ALL_1375,14304839.0, ,298.15,7.0,0.23, ,spectrophotometry,sodium cacodylate (0.06 mol dm-3),mol/L;(Mn)1(Cl)2=0.01;sodium cacodylate buffer=0.06  ,5.3.1.15, , , , , 
1312,1403,3901.0,oxaloacetate tautomerase,kegg:C00036 = kegg:C03981,CHB_30744 = CHB_17479,keto-oxaloacetate(aq) = enol-oxaloacetate(aq),Annett R.G.; Kosicki G.W.; Can. J. Biochem.; 43 1887 (1965).,65ANN/KOS_1382, , ,298.15, ,0.1, ,NMR, ,mol/L;potassium phosphate buffer=0.002 _ nan _ ,5.3.2.2, , ,, , 
1313,1404.0, ,pancreatic ribonuclease, ,CHB_15377 + CHB_27652 = CHB_53013,cytidine 2':3'-(cyclic)phosphate(aq) + H2O(l) = cytidine 3'-monophosphate(aq),Bahr J.T.; Cathou R.E.; Hammes G.G.; J. Biol. Chem.; 240 3372 (1965).,65BAH/CAT_853, , ,298.15,5.0,360, ,radioactivity,acetate (0.05 mol dm-3),mol/L;acetate buffer=0.05;(K)1(NO3)1=0.1;3'-CMP=0.0045  ,3.1.27.5, , , , , 
1314,1405.0, ,pancreatic ribonuclease, ,CHB_15377 + CHB_27652 = CHB_53013,cytidine 2':3'-(cyclic)phosphate(aq) + H2O(l) = cytidine 3'-monophosphate(aq),Bahr J.T.; Cathou R.E.; Hammes G.G.; J. Biol. Chem.; 240 3372 (1965).,65BAH/CAT_853, , ,298.15,6.0,1060, ,radioactivity,acetate (0.05 mol dm-3),mol/L;acetate buffer=0.05;(K)1(NO3)1=0.1;3'-CMP=0.0045  ,3.1.27.5, , , , , 
1315,, ,pancreatic ribonuclease, , ,cytidine 2':3'-(cyclic)phosphate(aq) + H2O(l) = cytidine 3'-monophosphate(aq),Bahr J.T.; Cathou R.E.; Hammes G.G.; J. Biol. Chem.; 240 3372 (1965).,65BAH/CAT_854,14321375.0, ,298.15,8.4, , ,calorimetry,Tris (0.20 mol dm-3), ,3.1.27.5, , , , ,-50.6
1316,1406.0,2372.0,(deoxy)nucleoside-phosphate kinase,kegg:C00002 + kegg:C00364 = kegg:C00008 + kegg:C00363,CHB_15422 + CHB_63528 = CHB_16761 + CHB_18075,ATP(aq) + dTMP(aq) = ADP(aq) + dTDP(aq),Bessman M.J.; Herriott S.T.; Van Bibber Orr M.J.; J. Biol. Chem.; 240 439 (1965).,65BES/HER_671,14253449.0, ,310.15,7.4,1.4, ,radioactivity and spectrophotometry,Tris (0.08 mol dm-3) + HCl,mol/L;(Mg)1(Cl)2=0.008;(K)1(Cl)1=0.08;Tris=0.08;phosphopyruvate=0.002;ATP=0.005;NADH=0.0002;dTMP=0.0007;ADP=0;dTDP=0  ,2.7.4.13, , , , , 
1317,, ,3a-hydroxysteroid dehydrogenase, , ,"5Î±-androstane-3Î±-ol-17-one(aq) + NAD(aq) = 5Î±-androstane-3,17-dione(aq) + NADH(aq)",Boyer J.; Baron D.N.; Talalay P.; Biochemistry; 4 1825 (1965).,65BOY/BAR_168, , ,298.15,7.0,0.092, ,spectrophotometry,sodium pyrophosphate (0.1 mol dm-3), ,1.1.1.50, , , , , 
1318,, ,3a-hydroxysteroid dehydrogenase, , ,"5Î±-androstane-3Î±-ol-17-one(aq) + NAD(aq) = 5Î±-androstane-3,17-dione(aq) + NADH(aq)",Boyer J.; Baron D.N.; Talalay P.; Biochemistry; 4 1825 (1965).,65BOY/BAR_168, , ,298.15,8.0,0.92, ,spectrophotometry,sodium pyrophosphate (0.1 mol dm-3), ,1.1.1.50, , , , , 
1319,, ,3a-hydroxysteroid dehydrogenase, , ,"5Î±-androstane-3Î±-ol-17-one(aq) + NAD(aq) = 5Î±-androstane-3,17-dione(aq) + NADH(aq)",Boyer J.; Baron D.N.; Talalay P.; Biochemistry; 4 1825 (1965).,65BOY/BAR_168, , ,298.15,9.0,9.2, ,spectrophotometry,sodium pyrophosphate (0.1 mol dm-3), ,1.1.1.50, , , , , 
1320,, ,3a-hydroxysteroid dehydrogenase, , ,"5Î±-androstane-3Î±-ol-17-one(aq) + TNAD(aq) = 5Î±-androstane-3,17-dione(aq) + TNADH(aq)",Boyer J.; Baron D.N.; Talalay P.; Biochemistry; 4 1825 (1965).,65BOY/BAR_169, , ,298.15,7.0,0.6, ,spectrophotometry,sodium pyrophosphate (0.1 mol dm-3), ,1.1.1.50, , , , , 
1321,, ,3a-hydroxysteroid dehydrogenase, , ,"5Î±-androstane-3Î±-ol-17-one(aq) + TNAD(aq) = 5Î±-androstane-3,17-dione(aq) + TNADH(aq)",Boyer J.; Baron D.N.; Talalay P.; Biochemistry; 4 1825 (1965).,65BOY/BAR_169, , ,298.15,8.0,6, ,spectrophotometry,sodium pyrophosphate (0.1 mol dm-3), ,1.1.1.50, , , , , 
1322,, ,3a-hydroxysteroid dehydrogenase, , ,"5Î±-androstane-3Î±-ol-17-one(aq) + TNAD(aq) = 5Î±-androstane-3,17-dione(aq) + TNADH(aq)",Boyer J.; Baron D.N.; Talalay P.; Biochemistry; 4 1825 (1965).,65BOY/BAR_169, , ,298.15,9.0,60, ,spectrophotometry,sodium pyrophosphate (0.1 mol dm-3), ,1.1.1.50, , , , , 
1323,1413.0,503.0,alanine transaminase,kegg:C00041 + kegg:C00026 = kegg:C00022 + kegg:C00025,CHB_16810 + CHB_16977 = CHB_15361 + CHB_29985,L-alanine(aq) + 2-oxoglutarate(aq) = pyruvate(aq) + L-glutamate(aq),Bulos B.; Handler P.; J. Biol. Chem.; 240 3283 (1965).,65BUL/HAN_510,14321365.0, ,298.15,8.0,2.2, ,spectrophotometry,glyclyglycine (0.045 mol dm-3),mol/L;glycylglycine buffer=0.045  ,2.6.1.2, , , , , 
1324,1414.0,3837.0,methylmalonyl-CoA mutase,kegg:C01213 = kegg:C00091,CHB_15465 = CHB_15380,(R)-methylmalonyl-CoA(aq) = succinyl-CoA(aq),Cannata J.J.B.; Focesi A. Jr.; Mazumder R.; Warner R.C.; Ochoa S.; J. Biol. Chem.; 240 3249 (1965).,65CAN/FOC_1420,14321360.0, ,303.15,7.5,18.6, ,enzymatic assay and spectrophotometry,Tris (0.05 mol dm-3) + HCl,mol/L;Tris-HCl=0.05;succinyl-CoA=0.00167067  ,5.4.99.2, , , , , 
1325,1415, ,papain, ,CHB_15377 + PBC_269632 = CHB_17296 + CHB_18089,hippurylanilide(aq) + H2O(l) = hippuric acid(aq) + aniline(aq),Carty R.P.; Kirschenbaum D.M.; Biochim. Biophys. Acta; 110 399 (1965).,65CAR/KIR_979, , ,312.15,5.0,11, ,spectrophotometry,citrate,mol/L;citrate buffer=0.2;beta-mercaptopropionic acid=0.6;hippuric acid=0.1195;aniline=0.0445001;hippurylanilide=0.00049987 _ nan _ ,3.4.22.2, , ,, , 
1326,1416.0,3802.0,rhamnulose-1-phosphate aldolase,kegg:C01131 = kegg:C00111 + kegg:C00424,MAN_10211 = CHB_16108 + CHB_18041,L-rhamnulose 1-phosphate(aq) = glycerone phosphate(aq) + (S)-lactaldehyde(aq),Chiu T.H.; Feingold D.S.; Biochem. Biophys. Res. Commun.; 19 511 (1965).,65CHI/FEI_1110, , ,310.15,7.5,0.083, ,spectrophotometry,glycylglycine,mol/L;glycylglycine buffer=0.045;L-rhamnulose 1-phosphate=0.002  ,4.1.2.19, , , , , 
1327,1417.0,55.0,L-lactate dehydrogenase,kegg:C00186 + kegg:C00003 = kegg:C00022 + kegg:C00004,CHB_15846 + CHB_16651 = CHB_15361 + CHB_16908,(S)-lactate(aq) + NAD(aq) = pyruvate(aq) + NADH(aq),Dawkins P.D.; Dickens F.; Biochem. J.; 94 353 (1965).,65DAW/DIC_103, , ,298.15,9.0,0.0024, ,spectrophotometry,Tris (0.17 mol dm-3) and hydrazine (0.13 mol dm-3),mol/L;Tris=0.167;hydrazine=0.133;(S)-lactate=0.01  ,1.1.1.27, , , , , 
1328,1418.0,4257.0,glycerate dehydrogenase,kegg:C00258 + kegg:C00003 = kegg:C00168 + kegg:C00004,CHB_15846 + CHB_16659 = CHB_16908 + CHB_30841,(R)-glycerate(aq) + NAD(aq) = hydroxypyruvate(aq) + NADH(aq),Dawkins P.D.; Dickens F.; Biochem. J.; 94 353 (1965).,65DAW/DIC_114,14346088.0,10.1042/bj0940353,298.15,9.0,6.10E-05, ,spectrophotometry,Tris (0.17 mol dm-3) and hydrazine (0.13 mol dm-3),mol/L;Tris=0.167;hydrazine=0.133;(R)-glycerate=0.01  ,1.1.1.29, , , , , 
1329,1419.0,790.0,2-deoxy-D-gluconate dehydrogenase,kegg:C02782 + kegg:C00003 = kegg:C03926 + kegg:C00004,CHB_15846 + CHB_16138 = CHB_16622 + CHB_16908,2-deoxy-D-gluconate(aq) + NAD(aq) = 2-deoxy-3-dehydro-D-gluconate(aq) + NADH(aq),Eichhorn M.M.; Cynkin M.A.; Biochemistry; 4 159 (1965).,65EIC/CYN_214,14285233.0,10.1021/bi00877a024,308.15,9.0,0.0034, ,spectrophotometry,sodium glycinate (0.12 mol dm-3),mol/L;(K)1=0.005;2-deoxy-D-gluconate=0.005;sodium glycinate buffer=0.12  ,1.1.1.125, , , , , 
1330,1420,1906.0,ureidoglycolate lyase,kegg:C00603 = kegg:C00048 + kegg:C00086,CHB_15412 = CHB_16199 + CHB_16891,(-)-ureidoglycolate(aq) = glyoxylate(aq) + urea(aq),Gaudy E.T.; Wolfe R.S.; J. Bacteriol.; 90 1531 (1965).,65GAU/WOL_1226,5854583.0, ,303.15,8.4,0.15, ,chemical analysis,sodium barbital (0.040 mol dm-3),mol/L;sodium barbital buffer=0.04;glyoxylate=0.001665;urea=0.027165;(-)-ureidoglycolate=0.000335 _ nan _ ,4.3.2.3, , ,, , 
1331,,1907.0,ureidoglycolate lyase,kegg:C00603 = kegg:C00048 + kegg:C00086, ,(-)-ureidoglycolate(aq) = glyoxylate(aq) + urea(aq),Gaudy E.T.; Wolfe R.S.; J. Bacteriol.; 90 1531 (1965).,65GAU/WOL_1226,5854583.0, ,303.15,8.8,0.14, ,chemical analysis,sodium barbital (0.040 mol dm-3), ,4.3.2.3, , , , , 
1332,1423.0,4345.0,N-acylglucosamine 2-epimerase,kegg:C00140 = kegg:C00645,CHB_506227 = CHB_63153,N-acetyl-D-glucosamine(aq) = N-acetyl-D-mannosamine(aq),Ghosh S.; Roseman S.; J. Biol. Chem.; 240 1531 (1965).,65GHO/ROS2_1272,14285488.0, ,310.15,7.6,0.26, ,radioactivity,Tris (0.063 mol dm-3) + HCl,mol/L;ATP=0.025;(Mg)1(Cl)2=0.0125;Tris-HCl=0.0625;N-acetyl-D-mannosamine=0.000510204;N-acetyl-D-glucosamine=0.0019898;(NH4)2(SO4)1=0.000908128  ,5.1.3.8, , , , , 
1333,1422.0,798.0,N-acylglucosamine-6-phosphate 2-epimerase,kegg:C00357 = kegg:C04257,CHB_15784 = CHB_62168,N-acetyl-D-glucosamine 6-phosphate(aq) = N-acetyl-D-mannosamine 6-phosphate(aq),Ghosh S.; Roseman S.; J. Biol. Chem.; 240 1525 (1965).,65GHO/ROS_1274,14285487.0, ,310.15,7.6,0.43, ,spectrophotometry and radioactivity,Tris maleate (0.018 mol dm-3),mol/L;Tris-maleate buffer=0.0175;N-acetyl-D-mannosamine 6-phosphate=0.00075;N-acetyl-D-glucosamine 6-phosphate=0.00175  ,5.1.3.9, , , , , 
1334,1424.0,4074.0,xylose isomerase,kegg:C00031 = kegg:C00095,CHB_4167 = CHB_37721,D-glucose(aq) = D-fructose(aq),Ichimura M.; Hirose Y.; Katsuya N.; Yamada K.; J. Agric. Chem. Soc. (Jpn.); 39 291 (1965).,65ICH/HIR_1299, , ,343.15,8.0,1.08, ,spectrophotometry,phosphate,   ,5.3.1.5, , , , , 
1335,1425.0,1205.0,"5,10-methylenetetrahydrofolate reductase (FADH2)",kegg:C00440 + kegg:C00016 = kegg:C00143 + kegg:C01352,CHB_15641 + CHB_16238 = CHB_17877 + CHB_1989,"5-methyltetrahydrofolate(aq) + flavin-adenine dinucleotide(aq) = 5,10-methylenetetrahydrofolate(aq) + reduced flavin-adenine dinucleotide(aq)",Katzen H.M.; Buchanan J.M.; J. Biol. Chem.; 240 825 (1965).,65KAT/BUC_321,14275142.0, ,310.15,6.3,0.00042, ,spectrophotometry,phosphate (0.1 mol dm-3),mol/L;phosphate buffer=0.1  ,1.7.99.5, , , , , 
1336,1426.0,184.0,propanoyl-CoA carboxylase,kegg:C00002 + kegg:C00100 + kegg:C00288 = kegg:C00008 + kegg:C00009 + kegg:C02557,CHB_15422 + CHB_15539 + CHB_17544 = CHB_15466 + CHB_16761 + CHB_26078,ATP(aq) + propanoyl-CoA(aq) + carbon dioxide(aq) = ADP(aq) + phosphate(aq) + (S)-methylmalonyl-CoA(aq),Kaziro Y.; Grossman A.; Ochoa S.; J. Biol. Chem.; 240 64 (1965).,65KAZ/GRO_1447,14256957.0, ,301.15,8.1,5.7, ,spectrophotometry and enzymatic assay,Tris (0.1 mol dm-3) + HCl,mol/L;Tris-HCl=0.1;(Mg)1(Cl)2=0.006;ATP=0.00011;carbon dioxide=0.0289;propanoyl-CoA=0.00032;ADP=0.00159;orthophosphate=0.00215;(S)-methylmalonyl-CoA=0.00161  ,6.4.1.3, , , , , 
1337,1427.0,694.0,glucose dehydrogenase (NADP+),kegg:C00031 + kegg:C00006 = kegg:C00198 + kegg:C00005,CHB_18009 + CHB_4167 = CHB_16217 + CHB_16474,"D-glucose(aq) + NADP(aq) = D-glucono-1,5-lactone(aq) + NADPH(aq)",Lee C.K.; Dobrogosz W.J.; J. Bacteriol.; 90 653 (1965).,65LEE/DOB_211,16562063.0, ,298.15,6.4,3.4, ,spectrophotometry, ,mol/L;sodium phosphate buffer=0.067;(Na)1(Cl)1=0.3  ,1.1.1.119, , , , , 
1338,1428.0,1486.0,D-alanine transaminase,kegg:C00133 + kegg:C00026 = kegg:C00022 + kegg:C00217,CHB_15570 + CHB_16810 = CHB_15361 + CHB_29989,D-alanine(aq) + 2-oxoglutarate(aq) = pyruvate(aq) + D-glutamate(aq),Martinez-Carrion M.; Jenkins W.T.; J. Biol. Chem.; 240 3538 (1965).,65MAR/JEN_527,4953710.0, ,310.15,8.3,0.59, ,spectrophotometry,Tris (0.067 mol dm-3),mol/L;Tris=0.067;pyruvate=0.0072343;D-glutamate=0.0072343;D-alanine=0.00943237;2-oxoglutarate=0.00943237  ,2.6.1.21, , , , , 
1339,1429.0,2336.0,glucose-1-phosphate cytidylyltransferase,kegg:C00063 + kegg:C00103 = kegg:C00501 + kegg:C00013,CHB_16077 + CHB_17677 = CHB_18361 + CHB_35242,CTP(aq) + D-glucose 1-phosphate(aq) = CDPglucose(aq) + pyrophosphate(aq),Mayer R.M.; Ginsburg V.; J. Biol. Chem.; 240 1900 (1965).,65MAY/GIN_705,14299608.0, ,310.15,8.0,1, ,radioactivity and spectrophotometry,Tris (0.05 mol dm-3),mol/L;Tris=0.025;(Mg)1(Cl)2=0.001;EDTA=0.0001;CTP=0.00025;D-glucose 1-phosphate=0.00025;CDPglucose=0.00025;pyrophosphate=0.00025  ,2.7.7.33, , , , , 
1340,1430.0,3206.0,creatine kinase,kegg:C00002 + kegg:C00300 = kegg:C00008 + kegg:C02305,CHB_15422 + CHB_16919 = CHB_16761 + CHB_17287,ATP(aq) + creatine(aq) = ADP(aq) + phosphocreatine(aq),Morrison J.F.; James E.; Biochem. J.; 97 37 (1965).,65MOR/JAM_594,16749122.0,10.1042/bj0970037,303.15,8.0,0.036, ,spectrophotometry,N-ethylmorpholine + HCl,mol/L;N-ethylmorpholine-HCl=0.1;EDTA=0.00001;Mg2+_free=0.001;(Cl)2=0.001  ,2.7.3.2, , , , , 
1341,, ,"glucan 1,4-a-glucosidase", , ,maltose(aq) + H2O(l) = 2 D-glucose(aq),Ono S.; Hiromi K.; Takahashi K.; J. Biochem. (Tokyo); 57 799 (1965).,65ONO/HIR_892, , ,298.15,4.5, , ,calorimetry,acetate (0.02 mol dm-3), ,3.2.1.3, , , , ,-4.59
1342,, ,"glucan 1,4-a-glucosidase", , ,maltose(aq) + H2O(l) = 2 D-glucose(aq),Ono S.; Hiromi K.; Takahashi K.; J. Biochem. (Tokyo); 57 799 (1965).,65ONO/HIR_892, , ,308.15,4.5, , ,calorimetry,acetate (0.02 mol dm-3), ,3.2.1.3, , , , ,-4.75
1343,, ,"glucan 1,4-a-glucosidase", , ,phenyl Î±-maltoside(aq) + H2O(l) = phenyl Î±-D-glucopyranoside(aq) + D-glucose(aq),Ono S.; Hiromi K.; Takahashi K.; J. Biochem. (Tokyo); 57 799 (1965).,65ONO/HIR_902, , ,298.15,4.5, , ,calorimetry,acetate (0.02 mol dm-3), ,3.2.1.3, , , , ,-4.47
1344,, ,"glucan 1,4-a-glucosidase", , ,phenyl Î±-maltoside(aq) + H2O(l) = phenyl Î±-D-glucopyranoside(aq) + D-glucose(aq),Ono S.; Hiromi K.; Takahashi K.; J. Biochem. (Tokyo); 57 799 (1965).,65ONO/HIR_902, , ,308.15,4.5, , ,calorimetry,acetate (0.02 mol dm-3), ,3.2.1.3, , , , ,-4.74
1345,,158.0,alkaline phosphatase,kegg:C02305 + kegg:C00001 = kegg:C00300 + kegg:C00009, ,phosphocreatine(aq) + H2O(l) = creatine(aq) + orthophosphate(aq),Pin P.; J. Chim. Phys.; 62 591 (1965).,65PIN_799, , ,298.15,9.0, , ,calorimetry,Tris (0.1 mol dm-3), ,3.1.3.1, , , , ,-35.6
1346,,4089.0,alkaline phosphatase,kegg:C03166 + kegg:C00001 = kegg:C00581 + kegg:C00009, ,phosphoguanidinoacetate(aq) + H2O(l) = guanidinoacetate(aq) + orthophosphate(aq),Pin P.; J. Chim. Phys.; 62 591 (1965).,65PIN_804, , ,298.15,9.0, , ,calorimetry,Tris (0.1 mol dm-3), ,3.1.3.1, , , , ,-30.1
1347,,4087.0,alkaline phosphatase,kegg:C03149 + kegg:C00001 = kegg:C01959 + kegg:C00009, ,phosphotaurocyamine(aq) + H2O(l) = taurocyamine(aq) + orthophosphate(aq),Pin P.; J. Chim. Phys.; 62 591 (1965).,65PIN_809, , ,298.15,9.0, , ,calorimetry,Tris (0.1 mol dm-3), ,3.1.3.1, , , , ,-31
1348,1431.0,2631.0,aspartate ammonia-lyase,kegg:C00049 = kegg:C00122 + kegg:C00014,CHB_29991 = CHB_16134 + CHB_29806,L-aspartate(aq) = fumarate(aq) + ammonia(aq),Sekijo C.; Sunahara N.; Iwakumo S.; Hakko To Taisha; 2 139 (1965).,65SEK/SUN_1210, , ,310.15, ,0.02, , , ,   ,4.3.1.1, , , , , 
1349,, ,isopentenyl-diphosphate ?-isomerase, , ,isopentenyl diphosphate(aq) = dimethylallyl diphosphate(aq),Shah D.H.; Cleland W.W.; Porter J.W.; J. Biol. Chem.; 240 1946 (1965).,65SHA/CLE_1383,14299613.0, ,310.15,8.0,6.7, ,radioactivity,Tris (0.048 mol dm-3) + HCl, ,5.3.3.2, , , , , 
1350,1433.0,4324.0,alkaline phosphatase,kegg:C00013 + kegg:C00001 = 2 kegg:C00009,CHB_15377 + CHB_18361 = 2 CHB_26078,pyrophosphate(aq) + H2O(l) = 2 orthophosphate(aq),Stiller M.; Diamondstone T.; Witonsky R.; Baltimore D.; Rutman R.J.; George P.; Fed. Proc. Fed. Am. Soc. Exp. Biol.; 24 363 (1965).,65STI/DIA_810, , ,298.15,7.3,69000, ,paper chromatography and radioactivity,Tris + maleate,   ,3.1.3.1, , , , , 
1351,1434.0,2716.0,ornithine-oxo-acid transaminase,kegg:C00077 + kegg:C00026 = kegg:C03912 + kegg:C00025,CHB_15729 + CHB_16810 = CHB_15377 + CHB_29985 + CHB_58667,L-ornithine(aq) + 2-oxoglutarate(aq) = DL-Î”1-pyrroline-5-carboxylate(aq) + L-glutamate(aq),Strecker H.J.; J. Biol. Chem.; 240 1225 (1965).,65STR_520,14284729.0, ,310.15,7.1,71, ,spectrophotometry,potassium phosphate (0.05 mol dm-3),mol/L;potassium phosphate buffer=0.05;DL-D-1-pyrroline-5-carboxylate=0.00526;L-glutamate=0.057  ,2.6.1.13, , , , , 
1352,, ,"glucan 1,4-a-glucosidase", , ,O-Î±-D-glucopyranosyl-(1->4)n(aq) + (n-1) H2O(l) = D-glucose(aq),Takahashi K.; Hiromi K.; Ono S.; J. Biochem. (Tokyo); 58 255 (1965).,65TAK/HIR_881, , ,298.15,4.5, , ,calorimetry,acetate (0.02 mol dm-3), ,3.2.1.3, , , , ,-4.31
1353,, ,"glucan 1,4-a-glucosidase", , ,maltotriose(aq) + 2 H2O(l) = 3 D-glucose(aq),Takahashi K.; Hiromi K.; Ono S.; J. Biochem. (Tokyo); 58 255 (1965).,65TAK/HIR_898, , ,298.15,4.5, , ,calorimetry,acetate (0.02 mol dm-3), ,3.2.1.3, , , , ,-8.83
1354,, ,"glucan 1,4-a-glucosidase", , ,isomaltose(aq) + H2O(l) = 2 D-glucose(aq),Takahashi K.; Yoshikawa Y.; Hiromi K.; Ono S.; J. Biochem. (Tokyo); 58 251 (1965).,65TAK/YOS_883, , ,298.15,4.5, , ,calorimetry,acetate (0.02 mol dm-3), ,3.2.1.3, , , , ,5.44
1355,, ,"glucan 1,4-a-glucosidase", , ,panose(aq) + 2 H2O(l) = 3 D-glucose(aq),Takahashi K.; Yoshikawa Y.; Hiromi K.; Ono S.; J. Biochem. (Tokyo); 58 251 (1965).,65TAK/YOS_900, , ,298.15,4.5, , ,calorimetry,acetate (0.02 mol dm-3), ,3.2.1.3, , , , ,0.59
1356,1442.0,1038.0,citrate (pro-3S)-lyase,kegg:C00158 = kegg:C00033 + kegg:C00036,CHB_30769 = CHB_16452 + CHB_30089,citrate(aq) = acetate(aq) + oxaloacetate(aq),Tate S.S.; Datta S.P.; Biochem. J.; 94 470 (1965).,65TAT/DAT_1126,14348207.0,10.1042/bj0940470,298.15,8.4,0.118, ,chemical analysis and spectrophotometry,triethanolamine + HCl,3.51 = -log[Mg+2] _ mol/L;triethanolamine-HCl IS=0.1;citrate=0.00021;oxaloacetate=0.00178;acetate=0.01429;Mg2+_free=0.00031 _ Mg2+ (0.00031 mol/L) _ ,4.1.3.6, ,0.00031 Mg2+,0.1, , 
1357,1440.0,1022.0,citrate (pro-3S)-lyase,kegg:C00158 = kegg:C00033 + kegg:C00036,CHB_30769 = CHB_16452 + CHB_30089,citrate(aq) = acetate(aq) + oxaloacetate(aq),Tate S.S.; Datta S.P.; Biochem. J.; 94 470 (1965).,65TAT/DAT_1126,14348207.0,10.1042/bj0940470,298.15,8.4,0.138, ,chemical analysis and spectrophotometry,triethanolamine + HCl,3.49 = -log[Mg+2] _ mol/L;triethanolamine-HCl IS=0.1;citrate=0.00018;oxaloacetate=0.00181;acetate=0.01432;Mg2+_free=0.00032 _ Mg2+ (0.00032 mol/L) _ ,4.1.3.6, ,0.00032 Mg2+,0.1, , 
1358,1441.0,1030.0,citrate (pro-3S)-lyase,kegg:C00158 = kegg:C00033 + kegg:C00036,CHB_30769 = CHB_16452 + CHB_30089,citrate(aq) = acetate(aq) + oxaloacetate(aq),Tate S.S.; Datta S.P.; Biochem. J.; 94 470 (1965).,65TAT/DAT_1126,14348207.0,10.1042/bj0940470,298.15,8.4,0.0592, ,chemical analysis and spectrophotometry,triethanolamine + HCl,3.21 = -log[Mg+2] _ mol/L;triethanolamine-HCl IS=0.1;citrate=0.00036;oxaloacetate=0.00162;acetate=0.01414;Mg2+_free=0.00061 _ Mg2+ (0.00061 mol/L) _ ,4.1.3.6, ,0.00061 Mg2+,0.1, , 
1359,1448.0,1023.0,citrate (pro-3S)-lyase,kegg:C00158 = kegg:C00033 + kegg:C00036,CHB_30769 = CHB_16452 + CHB_30089,citrate(aq) = acetate(aq) + oxaloacetate(aq),Tate S.S.; Datta S.P.; Biochem. J.; 94 470 (1965).,65TAT/DAT_1126,14348207.0,10.1042/bj0940470,298.15,8.4,0.123, ,chemical analysis and spectrophotometry,triethanolamine + HCl,3.21 = -log[Mg+2] _ mol/L;triethanolamine-HCl IS=0.1;citrate=0.00035;oxaloacetate=0.00164;acetate=0.02665;Mg2+_free=0.00062 _ Mg2+ (0.00062 mol/L) _ ,4.1.3.6, ,0.00062 Mg2+,0.1, , 
1360,1443.0,1025.0,citrate (pro-3S)-lyase,kegg:C00158 = kegg:C00033 + kegg:C00036,CHB_30769 = CHB_16452 + CHB_30089,citrate(aq) = acetate(aq) + oxaloacetate(aq),Tate S.S.; Datta S.P.; Biochem. J.; 94 470 (1965).,65TAT/DAT_1126,14348207.0,10.1042/bj0940470,298.15,8.4,0.0739, ,chemical analysis and spectrophotometry,triethanolamine + HCl,3.2 = -log[Mg+2] _ mol/L;triethanolamine-HCl IS=0.1;citrate=0.00033;oxaloacetate=0.00168;acetate=0.01417;Mg2+_free=0.00063 _ Mg2+ (0.00063 mol/L) _ ,4.1.3.6, ,0.00063 Mg2+,0.1, , 
1361,1447.0,1024.0,citrate (pro-3S)-lyase,kegg:C00158 = kegg:C00033 + kegg:C00036,CHB_30769 = CHB_16452 + CHB_30089,citrate(aq) = acetate(aq) + oxaloacetate(aq),Tate S.S.; Datta S.P.; Biochem. J.; 94 470 (1965).,65TAT/DAT_1126,14348207.0,10.1042/bj0940470,298.15,8.4,0.0986, ,chemical analysis and spectrophotometry,triethanolamine + HCl,3.2 = -log[Mg+2] _ mol/L;triethanolamine-HCl IS=0.1;citrate=0.00032;oxaloacetate=0.00166;acetate=0.02043;Mg2+_free=0.00063 _ Mg2+ (0.00063 mol/L) _ ,4.1.3.6, ,0.00063 Mg2+,0.1, , 
1362,1446.0,1034.0,citrate (pro-3S)-lyase,kegg:C00158 = kegg:C00033 + kegg:C00036,CHB_30769 = CHB_16452 + CHB_30089,citrate(aq) = acetate(aq) + oxaloacetate(aq),Tate S.S.; Datta S.P.; Biochem. J.; 94 470 (1965).,65TAT/DAT_1126,14348207.0,10.1042/bj0940470,298.15,8.4,0.064, ,chemical analysis and spectrophotometry,triethanolamine + HCl,3.16 = -log[Mg+2] _ mol/L;triethanolamine-HCl IS=0.1;citrate=0.00021;oxaloacetate=0.00178;acetate=0.00804;Mg2+_free=0.00069 _ Mg2+ (0.00069 mol/L) _ ,4.1.3.6, ,0.00069 Mg2+,0.1, , 
1363,1444.0,1039.0,citrate (pro-3S)-lyase,kegg:C00158 = kegg:C00033 + kegg:C00036,CHB_30769 = CHB_16452 + CHB_30089,citrate(aq) = acetate(aq) + oxaloacetate(aq),Tate S.S.; Datta S.P.; Biochem. J.; 94 470 (1965).,65TAT/DAT_1126,14348207.0,10.1042/bj0940470,298.15,8.4,0.0667, ,chemical analysis and spectrophotometry,triethanolamine + HCl,3.0 = -log[Mg+2] _ mol/L;triethanolamine-HCl IS=0.1;citrate=0.00034;oxaloacetate=0.00165;acetate=0.01416;Mg2+_free=0.00101 _ Mg2+ (0.00101 mol/L) _ ,4.1.3.6, ,0.00101 Mg2+,0.1, , 
1364,1445.0,1036.0,citrate (pro-3S)-lyase,kegg:C00158 = kegg:C00033 + kegg:C00036,CHB_30769 = CHB_16452 + CHB_30089,citrate(aq) = acetate(aq) + oxaloacetate(aq),Tate S.S.; Datta S.P.; Biochem. J.; 94 470 (1965).,65TAT/DAT_1126,14348207.0,10.1042/bj0940470,298.15,8.4,0.043, ,chemical analysis and spectrophotometry,triethanolamine + HCl,2.87 = -log[Mg+2] _ mol/L;triethanolamine-HCl IS=0.1;citrate=0.00048;oxaloacetate=0.00151;acetate=0.01402;Mg2+_free=0.00136 _ Mg2+ (0.00136 mol/L) _ ,4.1.3.6, ,0.00136 Mg2+,0.1, , 
1365,1435.0,1035.0,citrate (pro-3S)-lyase,kegg:C00158 = kegg:C00033 + kegg:C00036,CHB_30769 = CHB_16452 + CHB_30089,citrate(aq) = acetate(aq) + oxaloacetate(aq),Tate S.S.; Datta S.P.; Biochem. J.; 94 470 (1965).,65TAT/DAT_1126,14348207.0,10.1042/bj0940470,298.15,8.4,0.0457, ,chemical analysis and spectrophotometry,triethanolamine + HCl,2.78 = -log[Mg+2] _ mol/L;triethanolamine-HCl IS=0.1;citrate=0.00072;oxaloacetate=0.00125;acetate=0.02628;Mg2+_free=0.00165 _ Mg2+ (0.00165 mol/L) _ ,4.1.3.6, ,0.00165 Mg2+,0.1, , 
1366,1436.0,1033.0,citrate (pro-3S)-lyase,kegg:C00158 = kegg:C00033 + kegg:C00036,CHB_30769 = CHB_16452 + CHB_30089,citrate(aq) = acetate(aq) + oxaloacetate(aq),Tate S.S.; Datta S.P.; Biochem. J.; 94 470 (1965).,65TAT/DAT_1126,14348207.0,10.1042/bj0940470,298.15,8.4,0.0293, ,chemical analysis and spectrophotometry,triethanolamine + HCl,2.42 = -log[Mg+2] _ mol/L;triethanolamine-HCl IS=0.1;citrate=0.00093;oxaloacetate=0.00105;acetate=0.02607;Mg2+_free=0.00378 _ Mg2+ (0.00378 mol/L) _ ,4.1.3.6, ,0.00378 Mg2+,0.1, , 
1367,1437.0,1026.0,citrate (pro-3S)-lyase,kegg:C00158 = kegg:C00033 + kegg:C00036,CHB_30769 = CHB_16452 + CHB_30089,citrate(aq) = acetate(aq) + oxaloacetate(aq),Tate S.S.; Datta S.P.; Biochem. J.; 94 470 (1965).,65TAT/DAT_1126,14348207.0,10.1042/bj0940470,298.15,8.4,0.0218, ,chemical analysis and spectrophotometry,triethanolamine + HCl,2.22 = -log[Mg+2] _ mol/L;triethanolamine-HCl IS=0.1;citrate=0.00107;oxaloacetate=0.0009;acetate=0.02593;Mg2+_free=0.00609 _ Mg2+ (0.00609 mol/L) _ ,4.1.3.6, ,0.00609 Mg2+,0.1, , 
1368,1452.0,1027.0,citrate (pro-3S)-lyase,kegg:C00158 = kegg:C00033 + kegg:C00036,CHB_30769 = CHB_16452 + CHB_30089,citrate(aq) = acetate(aq) + oxaloacetate(aq),Tate S.S.; Datta S.P.; Biochem. J.; 94 470 (1965).,65TAT/DAT_1126,14348207.0,10.1042/bj0940470,298.15,8.4,0.0159, ,chemical analysis and spectrophotometry,triethanolamine + HCl,2.07 = -log[Mg+2] _ mol/L;triethanolamine-HCl IS=0.1;citrate=0.00092;oxaloacetate=0.00108;acetate=0.01358;Mg2+_free=0.00855 _ Mg2+ (0.00855 mol/L) _ ,4.1.3.6, ,0.00855 Mg2+,0.1, , 
1369,1438.0,1028.0,citrate (pro-3S)-lyase,kegg:C00158 = kegg:C00033 + kegg:C00036,CHB_30769 = CHB_16452 + CHB_30089,citrate(aq) = acetate(aq) + oxaloacetate(aq),Tate S.S.; Datta S.P.; Biochem. J.; 94 470 (1965).,65TAT/DAT_1126,14348207.0,10.1042/bj0940470,298.15,8.4,0.0178, ,chemical analysis and spectrophotometry,triethanolamine + HCl,2.07 = -log[Mg+2] _ mol/L;triethanolamine-HCl IS=0.1;citrate=0.00106;oxaloacetate=0.00074;acetate=0.02594;Mg2+_free=0.00858 _ Mg2+ (0.00858 mol/L) _ ,4.1.3.6, ,0.00858 Mg2+,0.1, , 
1370,1439.0,1037.0,citrate (pro-3S)-lyase,kegg:C00158 = kegg:C00033 + kegg:C00036,CHB_30769 = CHB_16452 + CHB_30089,citrate(aq) = acetate(aq) + oxaloacetate(aq),Tate S.S.; Datta S.P.; Biochem. J.; 94 470 (1965).,65TAT/DAT_1126,14348207.0,10.1042/bj0940470,298.15,8.4,0.0176, ,chemical analysis and spectrophotometry,triethanolamine + HCl,2.05 = -log[Mg+2] _ mol/L;triethanolamine-HCl IS=0.1;citrate=0.00112;oxaloacetate=0.00075;acetate=0.02588;Mg2+_free=0.01097 _ Mg2+ (0.01097 mol/L) _ ,4.1.3.6, ,0.00892 Mg2+,0.1, , 
1371,1450.0,1031.0,citrate (pro-3S)-lyase,kegg:C00158 = kegg:C00033 + kegg:C00036,CHB_30769 = CHB_16452 + CHB_30089,citrate(aq) = acetate(aq) + oxaloacetate(aq),Tate S.S.; Datta S.P.; Biochem. J.; 94 470 (1965).,65TAT/DAT_1126,14348207.0,10.1042/bj0940470,298.15,8.4,0.0243, ,chemical analysis and spectrophotometry,triethanolamine + HCl,2.03 = -log[Mg+2] _ mol/L;triethanolamine-HCl IS=0.1;citrate=0.00034;oxaloacetate=0.00065;acetate=0.01316;Mg2+_free=0.00932 _ Mg2+ (0.00932 mol/L) _ ,4.1.3.6, ,0.00932 Mg2+,0.1, , 
1372,1449.0,1029.0,citrate (pro-3S)-lyase,kegg:C00158 = kegg:C00033 + kegg:C00036,CHB_30769 = CHB_16452 + CHB_30089,citrate(aq) = acetate(aq) + oxaloacetate(aq),Tate S.S.; Datta S.P.; Biochem. J.; 94 470 (1965).,65TAT/DAT_1126,14348207.0,10.1042/bj0940470,298.15,8.4,0.0251, ,chemical analysis and spectrophotometry,triethanolamine + HCl,2.02 = -log[Mg+2] _ mol/L;triethanolamine-HCl IS=0.1;citrate=0.00016;oxaloacetate=0.00033;acetate=0.01284;Mg2+_free=0.00966 _ Mg2+ (0.00966 mol/L) _ ,4.1.3.6, ,0.00966 Mg2+,0.1, , 
1373,1451.0,1032.0,citrate (pro-3S)-lyase,kegg:C00158 = kegg:C00033 + kegg:C00036,CHB_30769 = CHB_16452 + CHB_30089,citrate(aq) = acetate(aq) + oxaloacetate(aq),Tate S.S.; Datta S.P.; Biochem. J.; 94 470 (1965).,65TAT/DAT_1126,14348207.0,10.1042/bj0940470,298.15,8.4,0.0184, ,chemical analysis and spectrophotometry,triethanolamine + HCl,1.96 = -log[Mg+2] _ mol/L;triethanolamine-HCl IS=0.1;citrate=0.00065;oxaloacetate=0.00085;acetate=0.01335;Mg2+_free=0.00892 _ Mg2+ (0.00892 mol/L) _ ,4.1.3.6, ,0.01097 Mg2+,0.1, , 
1374,1453.0,1580.0,xylose isomerase,kegg:C00031 = kegg:C00095,CHB_4167 = CHB_37721,D-glucose(aq) = D-fructose(aq),Tsumura N.; Sato T.; Agric. Biol. Chem.; 29 1129 (1965).,65TSU/SAT_1300, , ,333.15,9.0,1.08, ,spectrophotometry,ammonium (0.05 mol dm-3),mol/L;ammonium buffer=0.05;(Mg)1(SO4)1=0.1;(Co)1(Cl)2=0.001  ,5.3.1.5, , , , , 
1375,1454,2157.0,glycine formiminotransferase,kegg:C00664 + kegg:C00037 = kegg:C02718 + kegg:C00101,CHB_15428 + CHB_15639 = CHB_15635 + CHB_18415,5-formiminotetrahydrofolate(aq) + glycine(aq) = N-formiminoglycine(aq) + tetrahydrofolate(aq),Uyeda K.; Rabinowitz J.C.; J. Biol. Chem.; 240 1701 (1965).,65UYE/RAB_354,14285511.0, ,298.15,7.0,3.1, ,spectrophotometry,potassium phosphate (0.069 mol dm-3),mol/L;potassium phosphate buffer=0.069;2-mercaptoethanol=0.039;tetrahydrofolate=0.0022;N-formiminoglycine=0.001775;5-formiminotetrahydrofolate=0.000975;glycine=0.001225 _ nan _ ,2.1.2.4, , ,, , 
1376,1455.0,134.0,phosphoglycerate dehydrogenase,kegg:C00197 + kegg:C00003 = kegg:C03232 + kegg:C00004,CHB_15846 + CHB_17794 = CHB_16908 + CHB_18110,3-phospho-D-glycerate(aq) + NAD(aq) = 3-phosphohydroxypyruvate(aq) + NADH(aq),Walsh D.A.; Sallach H.J.; Biochemistry; 4 1076 (1965).,65WAL/SAL_202,4378782.0,10.1021/bi00882a015,298.15,8.0,0.0001, ,spectrophotometry,Tris (0.25 mol dm-3) + HCl,mol/L;Tris-HCl=0.25;reduced glutathione=0.0025;EDTA=0.0125;(Na)1(Cl)1=0.1;2-mercaptoethanol=0.005  ,1.1.1.95, , , , , 
1377,1460,1209.0,alanine dehydrogenase,kegg:C00041 + kegg:C00003 + kegg:C00001 = kegg:C00022 + kegg:C00004 + kegg:C00014,CHB_15377 + CHB_15846 + CHB_16977 = CHB_15361 + CHB_16134 + CHB_16908,L-alanine(aq) + NAD(aq) + H2O(l) = pyruvate(aq) + NADH(aq) + ammonia(aq),Yoshida A.; Freese E.; Biochim. Biophys. Acta; 96 248 (1965).,65YOS/FRE_271, , ,298.15,10.05,0.000825, ,spectrophotometry,Tris + HCl,mol/L;sodium carbonate-bicarbonate buffer=0.045;L-alanine=0.00089 _ nan _ ,1.4.1.1, , ,, , 
1378,1458.0,1207.0,alanine dehydrogenase,kegg:C00041 + kegg:C00003 + kegg:C00001 = kegg:C00022 + kegg:C00004 + kegg:C00014,CHB_15377 + CHB_15846 + CHB_16977 = CHB_15361 + CHB_16134 + CHB_16908,L-alanine(aq) + NAD(aq) + H2O(l) = pyruvate(aq) + NADH(aq) + ammonia(aq),Yoshida A.; Freese E.; Biochim. Biophys. Acta; 96 248 (1965).,65YOS/FRE_271, , ,298.15,8.21,1.13E-05, ,spectrophotometry,Tris + HCl,mol/L;Tris-HCl=0.1;L-alanine=0.000915  ,1.4.1.1, , , , , 
1379,1459,1208.0,alanine dehydrogenase,kegg:C00041 + kegg:C00003 + kegg:C00001 = kegg:C00022 + kegg:C00004 + kegg:C00014,CHB_15377 + CHB_15846 + CHB_16977 = CHB_15361 + CHB_16134 + CHB_16908,L-alanine(aq) + NAD(aq) + H2O(l) = pyruvate(aq) + NADH(aq) + ammonia(aq),Yoshida A.; Freese E.; Biochim. Biophys. Acta; 96 248 (1965).,65YOS/FRE_271, , ,298.15,8.98,7.65E-05, ,spectrophotometry,Tris + HCl,mol/L;sodium carbonate-bicarbonate buffer=0.045;L-alanine=0.000897 _ nan _ ,1.4.1.1, , ,, , 
1380,1456.0,2306.0,malate dehydrogenase,kegg:C00149 + kegg:C00003 = kegg:C00036 + kegg:C00004,CHB_15589 + CHB_15846 = CHB_16452 + CHB_16908,(S)-malate(aq) + NAD(aq) = oxaloacetate(aq) + NADH(aq),Yoshida A.; J. Biol. Chem.; 240 1118 (1965).,65YOS_132,14284712.0, ,298.15,8.06,0.000976, ,spectrophotometry,Tris (0.05 mol dm-3) + HCl,mol/L;Tris-HCl=0.05;(S)-malate=0.009033  ,1.1.1.37, , , , , 
1381,1457.0,2305.0,malate dehydrogenase,kegg:C00149 + kegg:C00003 = kegg:C00036 + kegg:C00004,CHB_15589 + CHB_15846 = CHB_16452 + CHB_16908,(S)-malate(aq) + NAD(aq) = oxaloacetate(aq) + NADH(aq),Yoshida A.; J. Biol. Chem.; 240 1118 (1965).,65YOS_132,14284712.0, ,298.15,8.7,0.00367, ,spectrophotometry,Tris (0.05 mol dm-3) + HCl,mol/L;Tris-HCl=0.05;(S)-malate=0.009017  ,1.1.1.37, , , , , 
1382,1461.0,4114.0,UTP-glucose-1-phosphate uridylyltransferase,kegg:C00075 + kegg:C00103 = kegg:C00013 + kegg:C00029,CHB_15713 + CHB_16077 = CHB_18066 + CHB_18361,UTP(aq) + Î±-D-glucose 1-phosphate(aq) = pyrophosphate(aq) + UDPglucose(aq),Albrecht G.J.; Bass S.T.; Seifert L.L.; Hansen R.G.; J. Biol. Chem.; 241 2968 (1966).,66ALB/BAS_687,4287931.0, ,303.15,7.8,0.32, ,spectrophotometry,Tris acetate (0.1 mol dm-3),mol/L;(Mg)1=0.002;acetate=0.004;Tris-acetate=0.1;UTP=0.00031;D-glucose 1-phosphate=0.00023;UDPglucose=0.00015;pyrophosphate=0.00015  ,2.7.7.9, , , , , 
1383,1462.0,1913.0,lactate-malate transhydrogenase,kegg:C00186 + kegg:C00036 = kegg:C00149 + kegg:C00022,CHB_16452 + CHB_16651 = CHB_15361 + CHB_15589,(S)-lactate(aq) + oxaloacetate(aq) = (S)-malate(aq) + pyruvate(aq),Allen S.H.G.; J. Biol. Chem.; 241 5266 (1966).,66ALL_234,4289051.0, ,303.15,7.5,1.8, ,enzymatic assay and spectrophotometry,Tris + HCl,mol/L;Tris-HCl=0.05;(Li)1=0.0011;Tris=0.00088;(S)-lactate=0.000575758;oxaloacetate=0.000327273;pyruvate=0.000545;(S)-malate=0.000527273  ,1.1.99.7, , , , , 
1384,1466.0,2879.0,fructose 5-dehydrogenase (NADP+),kegg:C00095 + kegg:C00006 = kegg:C00273 + kegg:C00005,CHB_18009 + CHB_37721 = CHB_16474 + MAN_10209,D-fructose(aq) + NADP(aq) = 5-dehydro-D-fructose(aq) + NADPH(aq),Avigad G.; Englard S.; Pifko S.; J. Biol. Chem.; 241 373 (1966).,66AVI/ENG_213,4379259.0, ,303.15,6.2,8.56E-05, ,spectrophotometry,Tris (0.017 mol dm-3) + potassium phosphate (0.0017 mol dm-3),mol/L;Tris=0.05;potassium phosphate=0.005  ,1.1.1.124, , , , , 
1385,1465.0,2881.0,fructose 5-dehydrogenase (NADP+),kegg:C00095 + kegg:C00006 = kegg:C00273 + kegg:C00005,CHB_18009 + CHB_37721 = CHB_16474 + MAN_10209,D-fructose(aq) + NADP(aq) = 5-dehydro-D-fructose(aq) + NADPH(aq),Avigad G.; Englard S.; Pifko S.; J. Biol. Chem.; 241 373 (1966).,66AVI/ENG_213,4379259.0, ,303.15,6.55,0.000177, ,spectrophotometry,Tris (0.017 mol dm-3) + potassium phosphate (0.0017 mol dm-3),mol/L;Tris=0.05;potassium phosphate=0.005  ,1.1.1.124, , , , , 
1386,1464.0,2880.0,fructose 5-dehydrogenase (NADP+),kegg:C00095 + kegg:C00006 = kegg:C00273 + kegg:C00005,CHB_18009 + CHB_37721 = CHB_16474 + MAN_10209,D-fructose(aq) + NADP(aq) = 5-dehydro-D-fructose(aq) + NADPH(aq),Avigad G.; Englard S.; Pifko S.; J. Biol. Chem.; 241 373 (1966).,66AVI/ENG_213,4379259.0, ,303.15,6.8,0.000303, ,spectrophotometry,Tris (0.017 mol dm-3) + potassium phosphate (0.0017 mol dm-3),mol/L;Tris=0.05;potassium phosphate=0.005  ,1.1.1.124, , , , , 
1387,1463.0,2878.0,fructose 5-dehydrogenase (NADP+),kegg:C00095 + kegg:C00006 = kegg:C00273 + kegg:C00005,CHB_18009 + CHB_37721 = CHB_16474 + MAN_10209,D-fructose(aq) + NADP(aq) = 5-dehydro-D-fructose(aq) + NADPH(aq),Avigad G.; Englard S.; Pifko S.; J. Biol. Chem.; 241 373 (1966).,66AVI/ENG_213,4379259.0, ,303.15,7.1,0.000652, ,spectrophotometry,Tris (0.017 mol dm-3) + potassium phosphate (0.0017 mol dm-3),mol/L;Tris=0.05;potassium phosphate=0.005  ,1.1.1.124, , , , , 
1388,1467.0,1396.0,malate dehydrogenase,kegg:C00149 + kegg:C00003 = kegg:C00036 + kegg:C00004,CHB_15589 + CHB_15846 = CHB_16452 + CHB_16908,(S)-malate(aq) + NAD(aq) = oxaloacetate(aq) + NADH(aq),Bergmeyer H.U.; Moellering H.; Biochem. Z.; 344 167 (1966).,66BER/MOE_133,5982377.0, ,298.15,7.37,2.43E-05, ,spectrophotometry,triethanolamine (0.15 mol dm-3),mol/L;triethanolamine=0.15  ,1.1.1.37, , , , , 
1389,1468.0,1394.0,malate dehydrogenase,kegg:C00149 + kegg:C00003 = kegg:C00036 + kegg:C00004,CHB_15589 + CHB_15846 = CHB_16452 + CHB_16908,(S)-malate(aq) + NAD(aq) = oxaloacetate(aq) + NADH(aq),Bergmeyer H.U.; Moellering H.; Biochem. Z.; 344 167 (1966).,66BER/MOE_133,5982377.0, ,298.15,7.54,3.49E-05, ,spectrophotometry,triethanolamine (0.15 mol dm-3),mol/L;triethanolamine=0.15  ,1.1.1.37, , , , , 
1390,1469.0,1395.0,malate dehydrogenase,kegg:C00149 + kegg:C00003 = kegg:C00036 + kegg:C00004,CHB_15589 + CHB_15846 = CHB_16452 + CHB_16908,(S)-malate(aq) + NAD(aq) = oxaloacetate(aq) + NADH(aq),Bergmeyer H.U.; Moellering H.; Biochem. Z.; 344 167 (1966).,66BER/MOE_133,5982377.0, ,298.15,7.68,4.74E-05, ,spectrophotometry,triethanolamine (0.15 mol dm-3),mol/L;triethanolamine=0.15  ,1.1.1.37, , , , , 
1391,1470.0,1389.0,malate dehydrogenase,kegg:C00149 + kegg:C00003 = kegg:C00036 + kegg:C00004,CHB_15589 + CHB_15846 = CHB_16452 + CHB_16908,(S)-malate(aq) + NAD(aq) = oxaloacetate(aq) + NADH(aq),Bergmeyer H.U.; Moellering H.; Biochem. Z.; 344 167 (1966).,66BER/MOE_133,5982377.0, ,298.15,7.76,6.19E-05, ,spectrophotometry,triethanolamine (0.15 mol dm-3),mol/L;triethanolamine=0.15  ,1.1.1.37, , , , , 
1392,1471.0,1393.0,malate dehydrogenase,kegg:C00149 + kegg:C00003 = kegg:C00036 + kegg:C00004,CHB_15589 + CHB_15846 = CHB_16452 + CHB_16908,(S)-malate(aq) + NAD(aq) = oxaloacetate(aq) + NADH(aq),Bergmeyer H.U.; Moellering H.; Biochem. Z.; 344 167 (1966).,66BER/MOE_133,5982377.0, ,298.15,7.87,7.67E-05, ,spectrophotometry,triethanolamine (0.15 mol dm-3),mol/L;triethanolamine=0.15  ,1.1.1.37, , , , , 
1393,1472.0,1390.0,malate dehydrogenase,kegg:C00149 + kegg:C00003 = kegg:C00036 + kegg:C00004,CHB_15589 + CHB_15846 = CHB_16452 + CHB_16908,(S)-malate(aq) + NAD(aq) = oxaloacetate(aq) + NADH(aq),Bergmeyer H.U.; Moellering H.; Biochem. Z.; 344 167 (1966).,66BER/MOE_133,5982377.0, ,298.15,7.99,0.000101, ,spectrophotometry,triethanolamine (0.15 mol dm-3),mol/L;triethanolamine=0.15  ,1.1.1.37, , , , , 
1394,1473.0,1391.0,malate dehydrogenase,kegg:C00149 + kegg:C00003 = kegg:C00036 + kegg:C00004,CHB_15589 + CHB_15846 = CHB_16452 + CHB_16908,(S)-malate(aq) + NAD(aq) = oxaloacetate(aq) + NADH(aq),Bergmeyer H.U.; Moellering H.; Biochem. Z.; 344 167 (1966).,66BER/MOE_133,5982377.0, ,298.15,8.09,0.000129, ,spectrophotometry,triethanolamine (0.15 mol dm-3),mol/L;triethanolamine=0.15  ,1.1.1.37, , , , , 
1395,1474.0,1392.0,malate dehydrogenase,kegg:C00149 + kegg:C00003 = kegg:C00036 + kegg:C00004,CHB_15589 + CHB_15846 = CHB_16452 + CHB_16908,(S)-malate(aq) + NAD(aq) = oxaloacetate(aq) + NADH(aq),Bergmeyer H.U.; Moellering H.; Biochem. Z.; 344 167 (1966).,66BER/MOE_133,5982377.0, ,298.15,8.19,0.000162, ,spectrophotometry,triethanolamine (0.15 mol dm-3),mol/L;triethanolamine=0.15  ,1.1.1.37, , , , , 
1396,1480.0, ,glyoxylate reductase (NADP+), ,CHB_18009 + CHB_29805 = CHB_16474 + CHB_16891,glycolate(aq) + NADP(aq) = glyoxylate(aq) + NADPH(aq),Cartwright L.N.; Hullin R.P.; Biochem. J.; 101 781 (1966).,66CAR/HUL_200, , ,298.15,7.77,1.40E-10, ,spectrophotometry,Tris (0.1 mol dm-3) + HCl,mol/L;Tris-HCl=0.1;NADP=0.00407;sodium glycolate=0.633  ,1.1.1.79, , , , , 
1397,1481.0, ,glyoxylate reductase (NADP+), ,CHB_18009 + CHB_29805 = CHB_16474 + CHB_16891,glycolate(aq) + NADP(aq) = glyoxylate(aq) + NADPH(aq),Cartwright L.N.; Hullin R.P.; Biochem. J.; 101 781 (1966).,66CAR/HUL_200, , ,298.15,7.83,1.40E-10, ,spectrophotometry,Tris (0.1 mol dm-3) + HCl,mol/L;Tris-HCl=0.1;NADP=0.00407;sodium glycolate=0.33  ,1.1.1.79, , , , , 
1398,1482.0, ,glyoxylate reductase (NADP+), ,CHB_18009 + CHB_29805 = CHB_16474 + CHB_16891,glycolate(aq) + NADP(aq) = glyoxylate(aq) + NADPH(aq),Cartwright L.N.; Hullin R.P.; Biochem. J.; 101 781 (1966).,66CAR/HUL_200, , ,298.15,7.88,3.60E-10, ,spectrophotometry,Tris (0.1 mol dm-3) + HCl,mol/L;Tris-HCl=0.1;NADP=0.00407;sodium glycolate=0.33  ,1.1.1.79, , , , , 
1399,1483.0, ,glyoxylate reductase (NADP+), ,CHB_18009 + CHB_29805 = CHB_16474 + CHB_16891,glycolate(aq) + NADP(aq) = glyoxylate(aq) + NADPH(aq),Cartwright L.N.; Hullin R.P.; Biochem. J.; 101 781 (1966).,66CAR/HUL_200, , ,298.15,7.9,3.50E-10, ,spectrophotometry,Tris (0.1 mol dm-3) + HCl,mol/L;Tris-HCl=0.1;NADP=0.00407;sodium glycolate=0.567  ,1.1.1.79, , , , , 
1400,1484.0, ,glyoxylate reductase (NADP+), ,CHB_18009 + CHB_29805 = CHB_16474 + CHB_16891,glycolate(aq) + NADP(aq) = glyoxylate(aq) + NADPH(aq),Cartwright L.N.; Hullin R.P.; Biochem. J.; 101 781 (1966).,66CAR/HUL_200, , ,298.15,7.92,9.00E-11, ,spectrophotometry,Tris (0.1 mol dm-3) + HCl,mol/L;Tris-HCl=0.1;NADP=0.00407;sodium glycolate=0.6  ,1.1.1.79, , , , , 
1401,1475.0, ,glyoxylate reductase, ,CHB_15846 + CHB_29805 = CHB_16891 + CHB_16908,glycolate(aq) + NAD(aq) = glyoxylate(aq) + NADH(aq),Cartwright L.N.; Hullin R.P.; Biochem. J.; 101 781 (1966).,66CAR/HUL_89,16742459.0,10.1042/bj1010781,298.15,8.0,7.60E-10, ,spectrophotometry,Tris (0.1 mol dm-3) + HCl,mol/L;Tris-HCl=0.1;NAD=0.00437;sodium glycolate=0.567  ,1.1.1.26, , , , , 
1402,1476.0, ,glyoxylate reductase, ,CHB_15846 + CHB_29805 = CHB_16891 + CHB_16908,glycolate(aq) + NAD(aq) = glyoxylate(aq) + NADH(aq),Cartwright L.N.; Hullin R.P.; Biochem. J.; 101 781 (1966).,66CAR/HUL_89,16742459.0,10.1042/bj1010781,298.15,8.05,6.40E-10, ,spectrophotometry,Tris (0.1 mol dm-3) + HCl,mol/L;Tris-HCl=0.1;NAD=0.00437;sodium glycolate=0.433  ,1.1.1.26, , , , , 
1403,1477.0, ,glyoxylate reductase, ,CHB_15846 + CHB_29805 = CHB_16891 + CHB_16908,glycolate(aq) + NAD(aq) = glyoxylate(aq) + NADH(aq),Cartwright L.N.; Hullin R.P.; Biochem. J.; 101 781 (1966).,66CAR/HUL_89,16742459.0,10.1042/bj1010781,298.15,8.07,5.20E-10, ,spectrophotometry,Tris (0.1 mol dm-3) + HCl,mol/L;Tris-HCl=0.1;NAD=0.00437;sodium glycolate=0.333  ,1.1.1.26, , , , , 
1404,1478.0, ,glyoxylate reductase, ,CHB_15846 + CHB_29805 = CHB_16891 + CHB_16908,glycolate(aq) + NAD(aq) = glyoxylate(aq) + NADH(aq),Cartwright L.N.; Hullin R.P.; Biochem. J.; 101 781 (1966).,66CAR/HUL_89,16742459.0,10.1042/bj1010781,298.15,8.09,5.20E-10, ,spectrophotometry,Tris (0.1 mol dm-3) + HCl,mol/L;Tris-HCl=0.1;NAD=0.00437;sodium glycolate=0.5  ,1.1.1.26, , , , , 
1405,1479.0, ,glyoxylate reductase, ,CHB_15846 + CHB_29805 = CHB_16891 + CHB_16908,glycolate(aq) + NAD(aq) = glyoxylate(aq) + NADH(aq),Cartwright L.N.; Hullin R.P.; Biochem. J.; 101 781 (1966).,66CAR/HUL_89,16742459.0,10.1042/bj1010781,298.15,8.12,1.08E-09, ,spectrophotometry,Tris (0.1 mol dm-3) + HCl,mol/L;Tris-HCl=0.1;NAD=0.00437;sodium glycolate=0.633  ,1.1.1.26, , , , , 
1406,1485.0,829.0,glutathione-CoA-glutathione transhydrogenase,kegg:C00010 + kegg:C00127 = kegg:C00920 + kegg:C00051,CHB_15346 + CHB_17858 = CHB_16856 + CHB_17586,CoA(aq) + oxidized glutathione(aq) = CoA-glutathione(aq) + reduced glutathione(aq),Chang S.H.; Wilken D.R.; J. Biol. Chem.; 241 4251 (1966).,66CHA/WIL_327,5924646.0, ,298.15,6.9,1.25, ,spectrophotometry and electrophoresis,potassium phosphate (0.05 mol dm-3),mol/L;potassium phosphate buffer=0.05;CoA=0.00251953;oxidized glutathione=0.00251953;reduced glutathione=0.0131055;CoA-glutathione=0.000605474  ,1.8.4.3, , , , , 
1407,, ,levansucrase, , ,"sucrose(aq) + (2,6-Î²-D-fructosyl)n(aq) = D-glucose(aq) + (2,6-Î²-D-fructosyl)n+1(aq)",Dedonder R.; Methods Enzymol.; 8 500 (1966).,66DED_421, , ,310.15,6.0,0.036, ,spectrophotometry,phosphate, ,2.4.1.10, , , , , 
1408,1486.0,157.0,L-rhamnose isomerase,kegg:C00507 = kegg:C00861,CHB_62346 = MAN_10205,L-rhamnose(aq) = L-rhamnulose(aq),Domagk G.F.; Zech R.; Methods Enzymol.; 9 579 (1966),66DOM/ZEC_1374, , ,310.15,8.5,0.75, ,spectrophotometry,Tris (0.1 mol dm-3) + HCl,mol/L;Tris-HCl=0.0625;potassium thioglycolate=0.025;(Mn)1(Cl)2=0.000125  ,5.3.1.14, , , , , 
1409,1487.0,4466.0,glycine-oxaloacetate transaminase,kegg:C00037 + kegg:C00036 = kegg:C00048 + kegg:C00049,CHB_15428 + CHB_16452 = CHB_16891 + CHB_29991,glycine(aq) + oxaloacetate(aq) = glyoxylate(aq) + L-aspartate(aq),Gibbs R.G.; Morris J.G.; Biochem. J.; 99 27P (1966).,66GIB/MOR_534,16749179.0,10.1042/bj0990021p,298.15,7.1,0.016, , , ,   ,2.6.1.35, , , , , 
1410,1488.0,2029.0,laminaribiose phosphorylase,kegg:C02048 + kegg:C00009 = kegg:C00031 + kegg:C00103,CHB_18411 + CHB_26078 = CHB_16077 + CHB_4167,laminaribiose(aq) + orthophosphate(aq) = D-glucose(aq) + Î±-D-glucose 1-phosphate(aq),Goldemberg S.H.; Marechal L.R.; DeSouza B.C.; J. Biol. Chem.; 241 45 (1966).,66GOL/MAR_447, , ,310.15,6.5,0.3, ,chromatography,imidazole (0.04 mol dm-3),mol/L;imidazole buffer=0.04;EDTA=0.004;D-glucose 1-phosphate=0.002;D-glucose=0.0096;orthophosphate=0.0121;laminaribiose=0.0048;laminaritriose=0.00306;laminaritetraose=0.00154  ,2.4.1.31, , , , , 
1411,1490.0, ,laminaribiose phosphorylase, ,CHB_26078 + PBC_71312211 = CHB_16077 + CHB_55514,laminaritetraose(aq) + orthophosphate(aq) = laminaritriose(aq) + Î±-D-glucose 1-phosphate(aq),Goldemberg S.H.; Marechal L.R.; DeSouza B.C.; J. Biol. Chem.; 241 45 (1966).,66GOL/MAR_448, , ,310.15,6.5,0.36, ,chromatography,imidazole (0.04 mol dm-3),mol/L;imidazole buffer=0.04;EDTA=0.004;D-glucose 1-phosphate=0.002;D-glucose=0.0096;orthophosphate=0.0121;laminaribiose=0.0048;laminaritriose=0.00306;laminaritetraose=0.00154  ,2.4.1.31, , , , , 
1412,1489.0, ,laminaribiose phosphorylase, ,CHB_26078 + CHB_55514 = CHB_16077 + CHB_18411,laminaritriose(aq) + orthophosphate(aq) = laminaribiose(aq) + Î±-D-glucose 1-phosphate(aq),Goldemberg S.H.; Marechal L.R.; DeSouza B.C.; J. Biol. Chem.; 241 45 (1966).,66GOL/MAR_449,5901055.0, ,310.15,6.5,0.26, ,chromatography,imidazole (0.04 mol dm-3),mol/L;imidazole buffer=0.04;EDTA=0.004;D-glucose 1-phosphate=0.002;D-glucose=0.0096;orthophosphate=0.0121;laminaribiose=0.0048;laminaritriose=0.00306;laminaritetraose=0.00154  ,2.4.1.31, , , , , 
1413,1491.0,2875.0,UTP-glucose-1-phosphate uridylyltransferase,kegg:C00075 + kegg:C00103 = kegg:C00013 + kegg:C00029,CHB_15713 + CHB_16077 = CHB_18066 + CHB_18361,UTP(aq) + Î±-D-glucose 1-phosphate(aq) = pyrophosphate(aq) + UDPglucose(aq),Hansen R.G.; Albrecht G.J.; Bass S.T.; Seifert L.L.; Methods Enzymol.; 8 248 (1966).,66HAN/ALB_688, , ,298.15,7.8,0.31, ,spectrophotometry,Tris acetate (0.1 mol dm-3),mol/L;Tris-acetate buffer=0.09;(Mg)1=0.002;acetate=0.004;(Na)4=0.002;pyrophosphate=0.002;NADP=0.0004;UDPglucose=0.0004;D-glucose 1-phosphate=0;UTP=0  ,2.7.7.9, , , , , 
1414,1492.0,1312.0,adenine phosphoribosyltransferase,kegg:C00147 + kegg:C00119 = kegg:C00020 + kegg:C00013,CHB_16708 + CHB_17111 = CHB_16027 + CHB_18361,adenine(aq) + 5-phospho-Î±-D-ribose 1-diphosphate(aq) = AMP(aq) + pyrophosphate(aq),Hori M.; Henderson J.F.; J. Biol. Chem.; 241 3404 (1966).,66HOR/HEN_474,4287985.0, ,303.15,7.4,290, ,radioactivity,Tris (0.2 mol dm-3) + HCl,mol/L;(Mg)1(SO4)1=0.001;Tris-HCl=0.2  ,2.4.2.7, , , , , 
1415,1493.0,887.0,aspartate transaminase,kegg:C19838 + kegg:C00026 = kegg:C03459 + kegg:C00025,CHB_16810 + CHB_60893 = CHB_17778 + CHB_29985,erythro-3-hydroxyaspartate(aq) + 2-oxoglutarate(aq) = 2-oxo-3-hydroxybutanedioic acid(aq) + L-glutamate(aq),Jenkins W.T.; D'Ari L.; J. Biol. Chem.; 241 2845 (1966).,66JEN/DAR_502,5912360.0, ,303.15,7.9,12, ,spectrophotometry,pyrophosphate (0.05 mol dm-3),mol/L;pyrophosphate buffer=0.05  ,2.6.1.1, , , , , 
1416,1494,3354.0,glucose-1-phosphate cytidylyltransferase,kegg:C00063 + kegg:C00103 = kegg:C00501 + kegg:C00013,CHB_16077 + CHB_17677 = CHB_18361 + CHB_35242,CTP(aq) + D-glucose 1-phosphate(aq) = CDPglucose(aq) + pyrophosphate(aq),Kimata K.; Suzuki S.; J. Biol. Chem.; 241 1099 (1966).,66KIM/SUZ_706,5933869.0, ,310.15,8.5,0.57, ,spectrophotometry and enzymatic assay,Tris (0.063 mol dm-3) + HCl,mol/L;Tris-HCl=0.0625;(Mg)1(Cl)2=0.01;(Na)1(F)1=0.005;CTP=0.00092;D-glucose 1-phosphate=0.000945;CDPglucose=0;pyrophosphate=0 _ nan _ ,2.7.7.33, , ,, , 
1417,4294.0,182.0,carbamate kinase,kegg:C00002 + kegg:C01563 = kegg:C00008 + kegg:C00169,CHB_13941 + CHB_15422 = CHB_16761 + CHB_17672,ATP(aq) + ammonium carbamate(aq) = ADP(aq) + carbamoyl phosphate(aq),Marshall M.; Cohen P.P.; J. Biol. Chem.; 241 4197 (1966).,66MAR/COH_577,4958913.0, ,298.15,8.14,0.027, ,radioactivity,bicarbonate,mol/L;carbamate=0.000499;ATP=0.0000295;ADP=0.0000192;carbamoyl phosphate=0.0000205;(NH4)1(Cl)1=0.2;(Mg)1(Cl)2=0.01  ,2.7.2.2, , , , , 
1418,1495.0,986.0,adenylate kinase,2 kegg:C00008 = kegg:C00020 + kegg:C00002,2 CHB_16761 = CHB_15422 + CHB_16027,2 ADP(aq) = AMP(aq) + ATP(aq),Markland F.S.; Wadkins C.L.; J. Biol. Chem.; 241 4136 (1966).,66MAR/WAD_641,5924638.0, ,303.15,7.4,0.81, ,electrophoresis and spectrophotometry,Tris acetate (0.040 mol dm-3),mol/L;Tris-acetate=0.04;(Mg)1(Cl)2=0.005;AMP=0.00682105;ATP=0.00682105;ADP=0.00757895  ,2.7.4.3, , , , , 
1419,1497.0,3267.0,"dTDP-4-amino-4,6-dideoxy-D-glucose transaminase",kegg:C04268 + kegg:C00026 = kegg:C11907 + kegg:C00025,CHB_16810 + CHB_68523 = CHB_16128 + CHB_29985,"dTDP-4-amino-4,6-dideoxy-D-glucose(aq) + 2-oxoglutarate(aq) = dTDP-4-dehydro-6-deoxy-D-glucose(aq) + L-glutamate(aq)",Matsuhashi M.; Strominger J.L.; Methods Enzymol.; 8 317 (1966).,66MAT/STR_533, , ,310.15,7.0,2, ,spectrophotometry,phosphate (0.12 mol dm-3),mol/L;potassium phosphate buffer=0.12;potassium L-glutamate=0.16  ,2.6.1.33, , , , , 
1420,1496.0,728.0,CDPabequose epimerase,kegg:C03598 = kegg:C03599,CHB_70802 = CHB_17259,"CDP-3,6-dideoxy-D-glucose(aq) = CDP-3,6-dideoxy-D-mannose(aq)",Matsuhashi S.; J. Biol. Chem.; 241 4275 (1966).,66MAT_1275,5924649.0, ,310.15,8.4,1.3, ,chromatography and radioactivity,Tris (0.1 mol dm-3) + HCl,mol/L;Tris-HCl=0.1;(K)1(F)1=0.03  ,5.1.3.10, , , , , 
1421,,3887.0,thetin-homocysteine S-methyltransferase,kegg:C03392 + kegg:C00155 = kegg:C03173 + kegg:C00073, ,dimethylacetothetin(aq) + L-homocysteine(aq) = S-methylthioglycolate(aq) + L-methionine(aq),Mudd S.H.; Klee W.A.; Ross P.D.; Biochemistry; 5 1653 (1966).,66MUD/KLE_341, , ,297.15,7.07, , ,calorimetry,phosphate (0.034 mol dm-3), ,2.1.1.3, , , , ,-49.3
1422,, ,thetin-homocysteine S-methyltransferase, , ,dimethylpropiothetin(aq) + L-homocysteine(aq) = S-methylpropiothetin(aq) + L-methionine(aq),Mudd S.H.; Klee W.A.; Ross P.D.; Biochemistry; 5 1653 (1966).,66MUD/KLE_342, , ,297.15,7.07, , ,calorimetry,phosphate (0.034 mol dm-3), ,2.1.1.3, , , , ,-41.4
1423,,3895.0,thetin-homocysteine S-methyltransferase,kegg:C01008 + kegg:C00155 = kegg:C00580 + kegg:C00073, ,trimethylsulfonium(aq) + L-homocysteine(aq) = dimethylsulfide(aq) + L-methionine(aq),Mudd S.H.; Klee W.A.; Ross P.D.; Biochemistry; 5 1653 (1966).,66MUD/KLE_344, , ,297.15,7.07, , ,calorimetry,phosphate (0.034 mol dm-3), ,2.1.1.3, , , , ,-33.4
1424,,3896.0,homocysteine S-methyltransferase,kegg:C00019 + kegg:C00155 = kegg:C00021 + kegg:C00073, ,S-adenosyl-L-methionine(aq) + L-homocysteine(aq) = S-adenosyl-L-homocysteine(aq) + L-methionine(aq),Mudd S.H.; Klee W.A.; Ross P.D.; Biochemistry; 5 1653 (1966).,66MUD/KLE_345,5961285.0,10.1021/bi00869a030,297.15,7.07, , ,calorimetry,phosphate (0.034 mol dm-3), ,2.1.1.10, , , , ,-65.3
1425,1498.0,2806.0,sucrose synthase,kegg:C00498 + kegg:C00095 = kegg:C00008 + kegg:C00089,CHB_15751 + CHB_37721 = CHB_16761 + CHB_17992,ADPglucose(aq) + D-fructose(aq) = ADP(aq) + sucrose(aq),Murata T.; Sugiyama T.; Minamikawa T.; Akazawa T.; Arch. Biochem. Biophys.; 113 34 (1966).,66MUR/SUG_422, , ,310.15,7.4,1.6, ,chromatography and radioactivity,Tris (0.16 mol dm-3),mol/L;Tris=0.16;EDTA=0.008;(Na)1(F)1=0.08  ,2.4.1.13, , , , , 
1426,1499.0,2805.0,sucrose synthase,kegg:C00029 + kegg:C00095 = kegg:C00015 + kegg:C00089,CHB_18066 + CHB_37721 = CHB_17659 + CHB_17992,UDPglucose(aq) + D-fructose(aq) = UDP(aq) + sucrose(aq),Murata T.; Sugiyama T.; Minamikawa T.; Akazawa T.; Arch. Biochem. Biophys.; 113 34 (1966).,66MUR/SUG_426,5941994.0,10.1016/0003-9861(66)90153-6,310.15,7.4,3.3, ,chromatography and radioactivity,Tris (0.16 mol dm-3),mol/L;Tris=0.16;EDTA=0.008;(Na)1(F)1=0.08  ,2.4.1.13, , , , , 
1427,1500.0,1421.0,xylose isomerase,kegg:C00031 = kegg:C00095,CHB_4167 = CHB_37721,D-glucose(aq) = D-fructose(aq),Natake M.; Agric. Biol. Chem.; 30 887 (1966).,66NAT_1301, , ,313.15,7.0,0.82, ,chromatography,arsenate + HCl,mol/L;arsenate-HCl buffer=0.4  ,5.3.1.5, , , , , 
1428,1501.0,550.0,glucose-6-phosphate isomerase,kegg:C00092 = kegg:C00085,CHB_4170 = CHB_61553,D-glucose 6-phosphate(aq) = D-fructose 6-phosphate(aq),Reithel F.J.; Methods Enzymol.; 9 565 (1966).,66REI_1356, , ,303.15,8.0,0.32, ,spectrophotometry,Tris (0.1 mol dm-3) + acetate,mol/L;Tris-acetate buffer=0.1  ,5.3.1.9, , , , , 
1429,1504.0,3908.0,aldehyde reductase,kegg:C00379 + kegg:C00006 = kegg:C00181 + kegg:C00005,CHB_17151 + CHB_18009 = CHB_16474 + CHB_53455,xylitol(aq) + NADP(aq) = D-xylose(aq) + NADPH(aq),Scher B.M.; Horecker B.L.; Arch. Biochem. Biophys.; 116 117 (1966).,66SCH/HOR_79,4381350.0,10.1016/0003-9861(66)90020-8,298.15,7.8,0.021, ,spectrophotometry,triethanolamine (0.1 mol dm-3) + HCl,mol/L;triethanolamine-HCl=0.1  ,1.1.1.21, , , , , 
1430,1503.0,900.0,choline O-acetyltransferase,kegg:C00024 + kegg:C00114 = kegg:C00010 + kegg:C01996,CHB_15351 + CHB_15354 = CHB_15346 + CHB_15355,acetyl-CoA(aq) + choline(aq) = CoA(aq) + O-acetylcholine(aq),Schuberth J.; Biochim. Biophys. Acta; 122 470 (1966).,66SCH_385, , ,310.15,7.0,5100, ,spectrophotometry,potassium phosphate (0.01 mol dm-3),mol/L;(K)2(HPO4)1=0.01;O-acetylcholine=0.023  ,2.3.1.6, ,0.0 NaCl, , , 
1431,1502.0,899.0,choline O-acetyltransferase,kegg:C00024 + kegg:C00114 = kegg:C00010 + kegg:C01996,CHB_15351 + CHB_15354 = CHB_15346 + CHB_15355,acetyl-CoA(aq) + choline(aq) = CoA(aq) + O-acetylcholine(aq),Schuberth J.; Biochim. Biophys. Acta; 122 470 (1966).,66SCH_385, , ,310.15,7.0,145, ,spectrophotometry,potassium phosphate (0.01 mol dm-3),mol/L;(K)2(HPO4)1=0.01;(Na)1(Cl)1=0.3 _ NaCl (0.3mol/L) _ ,2.3.1.6, ,0.3 NaCl, , , 
1432,1505.0,3345.0,glutamate N-acetyltransferase,kegg:C00437 + kegg:C00025 = kegg:C00077 + kegg:C00624,CHB_16543 + CHB_29985 = CHB_15729 + CHB_44337,N2-acetyl-L-ornithine(aq) + L-glutamate(aq) = L-ornithine(aq) + N-acetyl-L-glutamate(aq),Staub M.; Denes G.; Biochim. Biophys. Acta; 128 82 (1966).,66STA/DEN_410, , ,310.15,7.5,0.47, ,"spectrophotometry, chromatography, and radioactivity",Tris (0.1 mol dm-3) + HCl,mol/L;Tris buffer=0.1  ,2.3.1.35, , , , , 
1433,, ,aconitate hydratase, , ,citrate(aq) = cis-aconitate(aq) + H2O(l),Thomson J.F.; Nance S.L.; Bush K.J.; Szczepanik P.A.; Arch. Biochem. Biophys.; 117 65 (1966).,66THO/NAN_1158, , ,298.15,7.4,0.042, ,spectrophotometry,Tris (0.033 mol dm-3) + HCl,D2O,4.2.1.3, , , , , 
1434,1506.0,888.0,aconitate hydratase,kegg:C00158 = kegg:C00417 + kegg:C00001,CHB_30769 = CHB_15377 + CHB_16383,citrate(aq) = cis-aconitate(aq) + H2O(l),Thomson J.F.; Nance S.L.; Bush K.J.; Szczepanik P.A.; Arch. Biochem. Biophys.; 117 65 (1966).,66THO/NAN_1158, , ,298.15,7.4,0.046, ,spectrophotometry,Tris (0.033 mol dm-3) + HCl,H2O _ mol/L;Tris=0.033;(Mg)1(SO4)1=0.003;citrate=0.0014144;isocitrate=0.00012;cis-aconitate=0.0000656;NADH=0.000076  ,4.2.1.3, , , , , 
1435,, ,aconitate hydratase, , ,isocitrate(aq) = cis-aconitate(aq) + H2O(l),Thomson J.F.; Nance S.L.; Bush K.J.; Szczepanik P.A.; Arch. Biochem. Biophys.; 117 65 (1966).,66THO/NAN_1161, , ,298.15,7.4,0.44, ,spectrophotometry,Tris (0.033 mol dm-3) + HCl,D2O,4.2.1.3, , , , , 
1436,1507.0,1191.0,aconitate hydratase,kegg:C00311 = kegg:C00417 + kegg:C00001,CHB_16087 = CHB_15377 + CHB_16383,isocitrate(aq) = cis-aconitate(aq) + H2O(l),Thomson J.F.; Nance S.L.; Bush K.J.; Szczepanik P.A.; Arch. Biochem. Biophys.; 117 65 (1966).,66THO/NAN_1161, , ,298.15,7.4,0.55, ,spectrophotometry,Tris (0.033 mol dm-3) + HCl,H2O _ mol/L;Tris=0.033;(Mg)1(SO4)1=0.003;citrate=0.0014144;isocitrate=0.00012;cis-aconitate=0.0000656;NADH=0.000076  ,4.2.1.3, , , , , 
1437,, ,aconitate hydratase, , ,isocitrate(aq) = citrate(aq),Thomson J.F.; Nance S.L.; Bush K.J.; Szczepanik P.A.; Arch. Biochem. Biophys.; 117 65 (1966).,66THO/NAN_1164,5971743.0,10.1016/0003-9861(66)90126-3,298.15,7.4,10.3, ,spectrophotometry,Tris (0.033 mol dm-3) + HCl,D2O,4.2.1.3, , , , , 
1438,1508.0,1189.0,aconitate hydratase,kegg:C00311 = kegg:C00158,CHB_16087 = CHB_30769,isocitrate(aq) = citrate(aq),Thomson J.F.; Nance S.L.; Bush K.J.; Szczepanik P.A.; Arch. Biochem. Biophys.; 117 65 (1966).,66THO/NAN_1164,5971743.0,10.1016/0003-9861(66)90126-3,298.15,7.4,11.8, ,spectrophotometry,Tris (0.033 mol dm-3) + HCl,H2O _ mol/L;Tris=0.033;(Mg)1(SO4)1=0.003;citrate=0.0014144;isocitrate=0.00012;cis-aconitate=0.0000656;NADH=0.000076  ,4.2.1.3, , , , , 
1439,, ,3-oxoacyl-[acyl-carrier-protein] reductase, , ,(3R)-3-hydroxybutanoyl-[acyl-carrier protein](aq) + NADP(aq) = 3-oxobutanoyl-[acyl-carrier protein](aq) + NADPH(aq),Toomey R.E.; Wakil S.J.; Biochim. Biophys. Acta; 116 189 (1966).,66TOO/WAK_207, , ,298.15,7.0,0.25, ,spectrophotometry,potassium phosphate (0.125 mol dm-3), ,1.1.1.100, , , , , 
1440,, ,3-oxoacyl-[acyl-carrier-protein] reductase, , ,(3R)-3-hydroxybutanoyl-[acyl-carrier protein](aq) + NADP(aq) = 3-oxobutanoyl-[acyl-carrier protein](aq) + NADPH(aq),Toomey R.E.; Wakil S.J.; Biochim. Biophys. Acta; 116 189 (1966).,66TOO/WAK_207, , ,298.15,9.0,16, ,spectrophotometry,potassium phosphate (0.125 mol dm-3), ,1.1.1.100, , , , , 
1441,1509.0,1538.0,arginine kinase,kegg:C00002 + kegg:C00062 = kegg:C00008 + kegg:C05945,CHB_15422 + CHB_16467 = CHB_16761 + CHB_18412,ATP(aq) + L-arginine(aq) = ADP(aq) + NÏ‰-phospho-L-arginine(aq),Uhr M.L.; Marcus F.; Morrison J.F.; J. Biol. Chem.; 241 5428 (1966).,66UHR/MAR_616,5954807.0, ,303.15,8.0,1.2, , ,triethanolamine (0.1 mol dm-3) + HCl,2.4 = -log[Mg+2] _ mol/L;triethanolamine-HCl buffer=0.1;(Mg)1(Cl)2=0.004;ADP=0.00286151;N-w-phospho-L-arginine=0.00286151;ATP=0.00313849;L-arginine=0.00213849 _ MgCl2 (0.004 mol/L) _ ,2.7.3.3, ,0.004 MgCl2, , , 
1442,1510.0,1536.0,arginine kinase,kegg:C00002 + kegg:C00062 = kegg:C00008 + kegg:C05945,CHB_15422 + CHB_16467 = CHB_16761 + CHB_18412,ATP(aq) + L-arginine(aq) = ADP(aq) + NÏ‰-phospho-L-arginine(aq),Uhr M.L.; Marcus F.; Morrison J.F.; J. Biol. Chem.; 241 5428 (1966).,66UHR/MAR_616,5954807.0, ,303.15,8.0,2.1, , ,triethanolamine (0.1 mol dm-3) + HCl,2.22 = -log[Mg+2] _ mol/L;triethanolamine-HCl buffer=0.1;(Mg)1(Cl)2=0.006;ADP=0.00323003;N-w-phospho-L-arginine=0.00323003;ATP=0.00276997;L-arginine=0.00176997 _ MgCl2 (0.006 mol/L) _ ,2.7.3.3, ,0.006 MgCl2, , , 
1443,1511.0,1537.0,arginine kinase,kegg:C00002 + kegg:C00062 = kegg:C00008 + kegg:C05945,CHB_15422 + CHB_16467 = CHB_16761 + CHB_18412,ATP(aq) + L-arginine(aq) = ADP(aq) + NÏ‰-phospho-L-arginine(aq),Uhr M.L.; Marcus F.; Morrison J.F.; J. Biol. Chem.; 241 5428 (1966).,66UHR/MAR_616,5954807.0, ,303.15,8.0,2.4, , ,triethanolamine (0.1 mol dm-3) + HCl,2.1 = -log[Mg+2] _ mol/L;triethanolamine-HCl buffer=0.1;(Mg)1(Cl)2=0.008;ADP=0.00331762;N-w-phospho-L-arginine=0.00331762;ATP=0.00268238;L-arginine=0.00168238 _ MgCl2 (0.008 mol/L) _ ,2.7.3.3, ,0.008 MgCl2, , , 
1444,1512.0,4309.0,glucose-1-phosphate guanylyltransferase,kegg:C00044 + kegg:C00103 = kegg:C00394 + kegg:C00013,CHB_15996 + CHB_16077 = CHB_18361 + CHB_62254,GTP(aq) + Î±-D-glucose 1-phosphate(aq) = GDPglucose(aq) + pyrophosphate(aq),Verachtert H.; Rodriguez P.; Bass S.T.; Hansen R.G.; J. Biol. Chem.; 241 2007 (1966).,66VER/ROD_707,5946626.0, ,303.15,7.8,0.25, ,enzymatic assay and spectrophotometry,Tris,mol/L;Tris-acetate buffer=0.1;(Mg)1(Cl)2=0.001;GDPglucose=0.000667;pyrophosphate=0.000667;D-glucose 1-phosphate=0.00133;GTP=0.00133  ,2.7.7.34, , , , , 
1445,,289.0,[acyl-carrier-protein] S-acetyltransferase,kegg:C00024 + kegg:C00229 = kegg:C00010 + kegg:C03939, ,acetyl-CoA(aq) + acyl-carrier protein(aq) = CoA(aq) + acetyl-[acyl-carrier protein](aq),Williamson I.P.; Wakil S.J.; J. Biol. Chem.; 241 2326 (1966).,66WIL/WAK_411, , ,311.15,6.5,2.09, ,chromatography and radioactivity,potassium phosphate (0.1 mol dm-3), ,2.3.1.38, , , , , 
1446,,288.0,[acyl-carrier-protein] S-malonyltransferase,kegg:C00083 + kegg:C00229 = kegg:C00010 + kegg:C01209, ,malonyl-CoA(aq) + acyl-carrier protein(aq) = CoA(aq) + malonyl-[acyl-carrier protein](aq),Williamson I.P.; Wakil S.J.; J. Biol. Chem.; 241 2326 (1966).,66WIL/WAK_412,5330116.0, ,311.15,6.5,2.33, ,chromatography and radioactivity,potassium phosphate (0.1 mol dm-3), ,2.3.1.39, , , , , 
1447,1522.0,225.0,phosphoenolpyruvate carboxykinase (GTP),kegg:C00081 + kegg:C00036 + kegg:C00001 = kegg:C00104 + kegg:C00074 + kegg:C00288,CHB_15377 + CHB_16039 + CHB_16452 = CHB_17544 + CHB_17808 + CHB_18021,ITP(aq) + oxaloacetate(aq) + H2O(l) = IDP(aq) + phosphoenolpyruvate(aq) + carbon dioxide(aq),Wood H.G.; Davis J.J.; Lochm|ller H.; J. Biol. Chem.; 241 5692 (1966).,66WOO/DAV_1083, , ,298.15,7.03,0.71, ,spectrophotometry and enzymatic assay,Tris (0.010 mol dm-3) + HCl,mol/L;IS=0.1;Tris-HCl=0.01;(K)1(HCO3)1=0.085;(Mn)1(Cl)2=0.0025;reduced glutathione=0.001;phosphoenolpyruvate=0.00456;carbon dioxide=0.0972;oxaloacetate=0.000582;ITP=0.000579;pyruvate=0.000124;IDP=0.000545 _ MnCl2 (0.0025 mol/L) _ ,4.1.1.32, ,0.0025 MnCl2,0.1, , 
1448,1521.0,224.0,phosphoenolpyruvate carboxykinase (GTP),kegg:C00081 + kegg:C00036 + kegg:C00001 = kegg:C00104 + kegg:C00074 + kegg:C00288,CHB_15377 + CHB_16039 + CHB_16452 = CHB_17544 + CHB_17808 + CHB_18021,ITP(aq) + oxaloacetate(aq) + H2O(l) = IDP(aq) + phosphoenolpyruvate(aq) + carbon dioxide(aq),Wood H.G.; Davis J.J.; Lochm|ller H.; J. Biol. Chem.; 241 5692 (1966).,66WOO/DAV_1083, , ,298.15,7.06,0.5, ,spectrophotometry and enzymatic assay,Tris (0.010 mol dm-3) + HCl,mol/L;IS=0.1;Tris-HCl=0.01;(K)1(HCO3)1=0.085;(Mn)1(Cl)2=0.0025;reduced glutathione=0.001;IDP=0.00117;phosphoenolpyruvate=0.001445;carbon dioxide=0.102;oxaloacetate=0.000473;ITP=0.00073;pyruvate=0.000122 _ MnCl2 (0.0025 mol/L) _ ,4.1.1.32, ,0.0025 MnCl2,0.1, , 
1449,1520.0,223.0,phosphoenolpyruvate carboxykinase (GTP),kegg:C00081 + kegg:C00036 + kegg:C00001 = kegg:C00104 + kegg:C00074 + kegg:C00288,CHB_15377 + CHB_16039 + CHB_16452 = CHB_17544 + CHB_17808 + CHB_18021,ITP(aq) + oxaloacetate(aq) + H2O(l) = IDP(aq) + phosphoenolpyruvate(aq) + carbon dioxide(aq),Wood H.G.; Davis J.J.; Lochm|ller H.; J. Biol. Chem.; 241 5692 (1966).,66WOO/DAV_1083, , ,298.15,7.8,1.7, ,spectrophotometry and enzymatic assay,Tris (0.010 mol dm-3) + HCl,mol/L;IS=0.1;Tris-HCl=0.01;(K)1(HCO3)1=0.01;(K)1(Cl)1=0.07;(Mn)1(Cl)2=0.002;reduced glutathione=0.001;IDP=0.00136;phosphoenolpyruvate=0.00169;carbon dioxide=0.00914;oxaloacetate=0.000275;ITP=0.000045;pyruvate=0.000067 _ MnCl2 (0.002 mol/L) _ ,4.1.1.32, ,0.002 MnCl2,0.1, , 
1450,1519,227.0,phosphoenolpyruvate carboxykinase (diphosphate),kegg:C00013 + kegg:C00036 + kegg:C00001 = kegg:C00009 + kegg:C00074 + kegg:C00288,CHB_15377 + CHB_16452 + CHB_18361 = CHB_17544 + CHB_18021 + CHB_26078,diphosphate(aq) + oxaloacetate(aq) + H2O(l) = phosphate(aq) + phosphoenolpyruvate(aq) + carbon dioxide(aq),Wood H.G.; Davis J.J.; Lochm|ller H.; J. Biol. Chem.; 241 5692 (1966).,66WOO/DAV_1084,4288897.0, ,298.15,6.5,0.013, ,spectrophotometry and enzymatic assay,carbonate + bicarbonate,mol/L;IS=0.1;(Mg)1(Cl)2=0.0024;2-mercaptoethanol=0.001;(K)1(HCO3)1=0.003;(K)1(Cl)1=0.087;carbon dioxide=0.003115;oxaloacetate=0.00008425;pyruvate=0.00010075;diphosphate=0.00021475;orthophosphate=0.0002845;phosphoenolpyruvate=0.000285 _ nan _ ,4.1.1.38, , ,0.1, , 
1451,1523.0,3716.0,citramalate lyase,kegg:C02614 = kegg:C00033 + kegg:C00022,CHB_30936 = CHB_15361 + CHB_30089,(S)-2-methylmalate(aq) = acetate(aq) + pyruvate(aq),Barker H.A.; Arch. Mikrobiol.; 59 4 (1967).,67BAR_1134, , ,298.15,7.4,8.3, ,spectrophotometry,potassium phosphate (0.05 mol dm-3),mol/L;potassium phosphate buffer=0.05;(Mg)1(Cl)2=0.001;(S)-2-methylmalate=0.02;NADH=0.0001;acetate=0;pyruvate=0  ,4.1.3.22, , , , , 
1452,1524.0,4533.0,xylose isomerase,kegg:C00031 = kegg:C00095,CHB_4167 = CHB_37721,D-glucose(aq) = D-fructose(aq),Danno G.; Yoshimura S.; Natake M.; Agric. Biol. Chem.; 31 284 (1967).,67DAN/YOS_1302, , ,333.15,6.5,1, ,spectrophotometry,phosphate (0.01 mol dm-3),mol/L;phosphate buffer=0.01;(Co)1(Cl)2=0.001  ,5.3.1.5, , , , , 
1453,1525.0,4534.0,xylose isomerase,kegg:C00031 = kegg:C00095,CHB_4167 = CHB_37721,D-glucose(aq) = D-fructose(aq),Danno G.; Yoshimura S.; Natake M.; Agric. Biol. Chem.; 31 284 (1967).,67DAN/YOS_1302, , ,343.15,6.5,1, ,spectrophotometry,phosphate (0.01 mol dm-3),mol/L;phosphate buffer=0.01;(Co)1(Cl)2=0.001  ,5.3.1.5, , , , , 
1454,1550.0,1803.0,glutamate dehydrogenase,kegg:C00025 + kegg:C00003 + kegg:C00001 = kegg:C00026 + kegg:C00004 + kegg:C00014,CHB_15377 + CHB_15846 + CHB_29985 = CHB_16134 + CHB_16810 + CHB_16908,L-glutamate(aq) + NAD(aq) + H2O(l) = 2-oxoglutarate(aq) + NADH(aq) + ammonia(aq),Engel P.C.; Dalziel K.; Biochem. J.; 105 691 (1967).,67ENG/DAL_276, , ,298.1,7.0,1.40E-06, ,spectrophotometry,phosphate,mol/L;IS=0.233  ,1.4.1.2, , ,0.47 & 0.233, , 
1455,1555.0,1799.0,glutamate dehydrogenase,kegg:C00025 + kegg:C00003 + kegg:C00001 = kegg:C00026 + kegg:C00004 + kegg:C00014,CHB_15377 + CHB_15846 + CHB_29985 = CHB_16134 + CHB_16810 + CHB_16908,L-glutamate(aq) + NAD(aq) + H2O(l) = 2-oxoglutarate(aq) + NADH(aq) + ammonia(aq),Engel P.C.; Dalziel K.; Biochem. J.; 105 691 (1967).,67ENG/DAL_276, , ,300.15,6.79,1.12E-06, ,spectrophotometry,phosphate,mol/L;IS=0.471  ,1.4.1.2, , ,0.471, , 
1456,1528.0,1776.0,glutamate dehydrogenase,kegg:C00025 + kegg:C00003 + kegg:C00001 = kegg:C00026 + kegg:C00004 + kegg:C00014,CHB_15377 + CHB_15846 + CHB_29985 = CHB_16134 + CHB_16810 + CHB_16908,L-glutamate(aq) + NAD(aq) + H2O(l) = 2-oxoglutarate(aq) + NADH(aq) + ammonia(aq),Engel P.C.; Dalziel K.; Biochem. J.; 105 691 (1967).,67ENG/DAL_276, , ,300.15,6.82,5.81E-07, ,spectrophotometry,phosphate,mol/L;IS=0.0445  ,1.4.1.2, , ,0.0445, , 
1457,1526,1775.0,glutamate dehydrogenase,kegg:C00025 + kegg:C00003 + kegg:C00001 = kegg:C00026 + kegg:C00004 + kegg:C00014,CHB_15377 + CHB_15846 + CHB_29985 = CHB_16134 + CHB_16810 + CHB_16908,L-glutamate(aq) + NAD(aq) + H2O(l) = 2-oxoglutarate(aq) + NADH(aq) + ammonia(aq),Engel P.C.; Dalziel K.; Biochem. J.; 105 691 (1967).,67ENG/DAL_276, , ,300.15,6.83,4.22E-07, ,spectrophotometry,phosphate,mol/L;IS=0.0245 _ nan _ ,1.4.1.2, , ,0.0245, , 
1458,1536.0,1782.0,glutamate dehydrogenase,kegg:C00025 + kegg:C00003 + kegg:C00001 = kegg:C00026 + kegg:C00004 + kegg:C00014,CHB_15377 + CHB_15846 + CHB_29985 = CHB_16134 + CHB_16810 + CHB_16908,L-glutamate(aq) + NAD(aq) + H2O(l) = 2-oxoglutarate(aq) + NADH(aq) + ammonia(aq),Engel P.C.; Dalziel K.; Biochem. J.; 105 691 (1967).,67ENG/DAL_276, , ,300.15,6.89,6.31E-07, ,spectrophotometry,phosphate,mol/L;IS=0.067  ,1.4.1.2, , ,0.067, , 
1459,1531.0,1778.0,glutamate dehydrogenase,kegg:C00025 + kegg:C00003 + kegg:C00001 = kegg:C00026 + kegg:C00004 + kegg:C00014,CHB_15377 + CHB_15846 + CHB_29985 = CHB_16134 + CHB_16810 + CHB_16908,L-glutamate(aq) + NAD(aq) + H2O(l) = 2-oxoglutarate(aq) + NADH(aq) + ammonia(aq),Engel P.C.; Dalziel K.; Biochem. J.; 105 691 (1967).,67ENG/DAL_276, , ,300.15,6.9,5.62E-07, ,spectrophotometry,phosphate,mol/L;IS=0.055  ,1.4.1.2, , ,0.055, , 
1460,1530.0,1777.0,glutamate dehydrogenase,kegg:C00025 + kegg:C00003 + kegg:C00001 = kegg:C00026 + kegg:C00004 + kegg:C00014,CHB_15377 + CHB_15846 + CHB_29985 = CHB_16134 + CHB_16810 + CHB_16908,L-glutamate(aq) + NAD(aq) + H2O(l) = 2-oxoglutarate(aq) + NADH(aq) + ammonia(aq),Engel P.C.; Dalziel K.; Biochem. J.; 105 691 (1967).,67ENG/DAL_276, , ,300.15,6.9,6.37E-07, ,spectrophotometry,phosphate,mol/L;IS=0.055  ,1.4.1.2, , ,0.055, , 
1461,1540.0,1786.0,glutamate dehydrogenase,kegg:C00025 + kegg:C00003 + kegg:C00001 = kegg:C00026 + kegg:C00004 + kegg:C00014,CHB_15377 + CHB_15846 + CHB_29985 = CHB_16134 + CHB_16810 + CHB_16908,L-glutamate(aq) + NAD(aq) + H2O(l) = 2-oxoglutarate(aq) + NADH(aq) + ammonia(aq),Engel P.C.; Dalziel K.; Biochem. J.; 105 691 (1967).,67ENG/DAL_276, , ,300.15,6.9,7.51E-07, ,spectrophotometry,phosphate,mol/L;IS=0.101  ,1.4.1.2, , ,0.101, , 
1462,1549.0,1793.0,glutamate dehydrogenase,kegg:C00025 + kegg:C00003 + kegg:C00001 = kegg:C00026 + kegg:C00004 + kegg:C00014,CHB_15377 + CHB_15846 + CHB_29985 = CHB_16134 + CHB_16810 + CHB_16908,L-glutamate(aq) + NAD(aq) + H2O(l) = 2-oxoglutarate(aq) + NADH(aq) + ammonia(aq),Engel P.C.; Dalziel K.; Biochem. J.; 105 691 (1967).,67ENG/DAL_276, , ,300.15,6.9,1.24E-06, ,spectrophotometry,phosphate,mol/L;IS=0.233  ,1.4.1.2, , ,0.233, , 
1463,1551.0,1797.0,glutamate dehydrogenase,kegg:C00025 + kegg:C00003 + kegg:C00001 = kegg:C00026 + kegg:C00004 + kegg:C00014,CHB_15377 + CHB_15846 + CHB_29985 = CHB_16134 + CHB_16810 + CHB_16908,L-glutamate(aq) + NAD(aq) + H2O(l) = 2-oxoglutarate(aq) + NADH(aq) + ammonia(aq),Engel P.C.; Dalziel K.; Biochem. J.; 105 691 (1967).,67ENG/DAL_276, , ,300.15,6.9,1.49E-06, ,spectrophotometry,phosphate,mol/L;IS=0.471  ,1.4.1.2, , ,0.471, , 
1464,1552.0,1798.0,glutamate dehydrogenase,kegg:C00025 + kegg:C00003 + kegg:C00001 = kegg:C00026 + kegg:C00004 + kegg:C00014,CHB_15377 + CHB_15846 + CHB_29985 = CHB_16134 + CHB_16810 + CHB_16908,L-glutamate(aq) + NAD(aq) + H2O(l) = 2-oxoglutarate(aq) + NADH(aq) + ammonia(aq),Engel P.C.; Dalziel K.; Biochem. J.; 105 691 (1967).,67ENG/DAL_276, , ,300.15,6.9,1.51E-06, ,spectrophotometry,phosphate,mol/L;IS=0.471  ,1.4.1.2, , ,0.471, , 
1465,1554.0,1795.0,glutamate dehydrogenase,kegg:C00025 + kegg:C00003 + kegg:C00001 = kegg:C00026 + kegg:C00004 + kegg:C00014,CHB_15377 + CHB_15846 + CHB_29985 = CHB_16134 + CHB_16810 + CHB_16908,L-glutamate(aq) + NAD(aq) + H2O(l) = 2-oxoglutarate(aq) + NADH(aq) + ammonia(aq),Engel P.C.; Dalziel K.; Biochem. J.; 105 691 (1967).,67ENG/DAL_276, , ,300.15,6.9,1.52E-06, ,spectrophotometry,phosphate,mol/L;IS=0.471  ,1.4.1.2, , ,0.471, , 
1466,1534,1780.0,glutamate dehydrogenase,kegg:C00025 + kegg:C00003 + kegg:C00001 = kegg:C00026 + kegg:C00004 + kegg:C00014,CHB_15377 + CHB_15846 + CHB_29985 = CHB_16134 + CHB_16810 + CHB_16908,L-glutamate(aq) + NAD(aq) + H2O(l) = 2-oxoglutarate(aq) + NADH(aq) + ammonia(aq),Engel P.C.; Dalziel K.; Biochem. J.; 105 691 (1967).,67ENG/DAL_276, , ,300.15,6.92,7.04E-07, ,spectrophotometry,phosphate,mol/L;IS=0.067 _ nan _ ,1.4.1.2, , ,0.067, , 
1467,1533.0,1781.0,glutamate dehydrogenase,kegg:C00025 + kegg:C00003 + kegg:C00001 = kegg:C00026 + kegg:C00004 + kegg:C00014,CHB_15377 + CHB_15846 + CHB_29985 = CHB_16134 + CHB_16810 + CHB_16908,L-glutamate(aq) + NAD(aq) + H2O(l) = 2-oxoglutarate(aq) + NADH(aq) + ammonia(aq),Engel P.C.; Dalziel K.; Biochem. J.; 105 691 (1967).,67ENG/DAL_276, , ,300.15,6.92,7.13E-07, ,spectrophotometry,phosphate,mol/L;IS=0.067  ,1.4.1.2, , ,0.067, , 
1468,1527,1807.0,glutamate dehydrogenase,kegg:C00025 + kegg:C00003 + kegg:C00001 = kegg:C00026 + kegg:C00004 + kegg:C00014,CHB_15377 + CHB_15846 + CHB_29985 = CHB_16134 + CHB_16810 + CHB_16908,L-glutamate(aq) + NAD(aq) + H2O(l) = 2-oxoglutarate(aq) + NADH(aq) + ammonia(aq),Engel P.C.; Dalziel K.; Biochem. J.; 105 691 (1967).,67ENG/DAL_276, , ,300.15,6.93,4.14E-07, ,spectrophotometry,phosphate,mol/L;IS=0.0245 _ nan _ ,1.4.1.2, , ,0.0245, , 
1469,1538.0,1784.0,glutamate dehydrogenase,kegg:C00025 + kegg:C00003 + kegg:C00001 = kegg:C00026 + kegg:C00004 + kegg:C00014,CHB_15377 + CHB_15846 + CHB_29985 = CHB_16134 + CHB_16810 + CHB_16908,L-glutamate(aq) + NAD(aq) + H2O(l) = 2-oxoglutarate(aq) + NADH(aq) + ammonia(aq),Engel P.C.; Dalziel K.; Biochem. J.; 105 691 (1967).,67ENG/DAL_276, , ,300.15,6.93,8.80E-07, ,spectrophotometry,phosphate,mol/L;IS=0.089  ,1.4.1.2, , ,0.089, , 
1470,1529,1809.0,glutamate dehydrogenase,kegg:C00025 + kegg:C00003 + kegg:C00001 = kegg:C00026 + kegg:C00004 + kegg:C00014,CHB_15377 + CHB_15846 + CHB_29985 = CHB_16134 + CHB_16810 + CHB_16908,L-glutamate(aq) + NAD(aq) + H2O(l) = 2-oxoglutarate(aq) + NADH(aq) + ammonia(aq),Engel P.C.; Dalziel K.; Biochem. J.; 105 691 (1967).,67ENG/DAL_276, , ,300.15,6.94,5.73E-07, ,spectrophotometry,phosphate,mol/L;IS=0.0445 _ nan _ ,1.4.1.2, , ,0.0445, , 
1471,1535.0,1810.0,glutamate dehydrogenase,kegg:C00025 + kegg:C00003 + kegg:C00001 = kegg:C00026 + kegg:C00004 + kegg:C00014,CHB_15377 + CHB_15846 + CHB_29985 = CHB_16134 + CHB_16810 + CHB_16908,L-glutamate(aq) + NAD(aq) + H2O(l) = 2-oxoglutarate(aq) + NADH(aq) + ammonia(aq),Engel P.C.; Dalziel K.; Biochem. J.; 105 691 (1967).,67ENG/DAL_276, , ,300.15,6.94,6.79E-07, ,spectrophotometry,phosphate,mol/L;IS=0.067  ,1.4.1.2, , ,0.067, , 
1472,1539.0,1785.0,glutamate dehydrogenase,kegg:C00025 + kegg:C00003 + kegg:C00001 = kegg:C00026 + kegg:C00004 + kegg:C00014,CHB_15377 + CHB_15846 + CHB_29985 = CHB_16134 + CHB_16810 + CHB_16908,L-glutamate(aq) + NAD(aq) + H2O(l) = 2-oxoglutarate(aq) + NADH(aq) + ammonia(aq),Engel P.C.; Dalziel K.; Biochem. J.; 105 691 (1967).,67ENG/DAL_276, , ,300.15,6.95,7.79E-07, ,spectrophotometry,phosphate,mol/L;IS=0.089  ,1.4.1.2, , ,0.089, , 
1473,1543.0,1791.0,glutamate dehydrogenase,kegg:C00025 + kegg:C00003 + kegg:C00001 = kegg:C00026 + kegg:C00004 + kegg:C00014,CHB_15377 + CHB_15846 + CHB_29985 = CHB_16134 + CHB_16810 + CHB_16908,L-glutamate(aq) + NAD(aq) + H2O(l) = 2-oxoglutarate(aq) + NADH(aq) + ammonia(aq),Engel P.C.; Dalziel K.; Biochem. J.; 105 691 (1967).,67ENG/DAL_276, , ,300.15,6.95,1.04E-06, ,spectrophotometry,phosphate,mol/L;IS=0.111  ,1.4.1.2, , ,0.135 & 0.111, , 
1474,1548.0,1792.0,glutamate dehydrogenase,kegg:C00025 + kegg:C00003 + kegg:C00001 = kegg:C00026 + kegg:C00004 + kegg:C00014,CHB_15377 + CHB_15846 + CHB_29985 = CHB_16134 + CHB_16810 + CHB_16908,L-glutamate(aq) + NAD(aq) + H2O(l) = 2-oxoglutarate(aq) + NADH(aq) + ammonia(aq),Engel P.C.; Dalziel K.; Biochem. J.; 105 691 (1967).,67ENG/DAL_276, , ,300.15,6.95,1.30E-06, ,spectrophotometry,phosphate,mol/L;IS=0.233  ,1.4.1.2, , ,0.233, , 
1475,1544,1789.0,glutamate dehydrogenase,kegg:C00025 + kegg:C00003 + kegg:C00001 = kegg:C00026 + kegg:C00004 + kegg:C00014,CHB_15377 + CHB_15846 + CHB_29985 = CHB_16134 + CHB_16810 + CHB_16908,L-glutamate(aq) + NAD(aq) + H2O(l) = 2-oxoglutarate(aq) + NADH(aq) + ammonia(aq),Engel P.C.; Dalziel K.; Biochem. J.; 105 691 (1967).,67ENG/DAL_276, , ,300.15,6.96,9.13E-07, ,spectrophotometry,phosphate,mol/L;IS=0.111 _ nan _ ,1.4.1.2, , ,0.111, , 
1476,1542.0,1787.0,glutamate dehydrogenase,kegg:C00025 + kegg:C00003 + kegg:C00001 = kegg:C00026 + kegg:C00004 + kegg:C00014,CHB_15377 + CHB_15846 + CHB_29985 = CHB_16134 + CHB_16810 + CHB_16908,L-glutamate(aq) + NAD(aq) + H2O(l) = 2-oxoglutarate(aq) + NADH(aq) + ammonia(aq),Engel P.C.; Dalziel K.; Biochem. J.; 105 691 (1967).,67ENG/DAL_276, , ,300.15,6.97,9.86E-07, ,spectrophotometry,phosphate,mol/L;IS=0.111  ,1.4.1.2, , ,0.111, , 
1477,1546.0,1812.0,glutamate dehydrogenase,kegg:C00025 + kegg:C00003 + kegg:C00001 = kegg:C00026 + kegg:C00004 + kegg:C00014,CHB_15377 + CHB_15846 + CHB_29985 = CHB_16134 + CHB_16810 + CHB_16908,L-glutamate(aq) + NAD(aq) + H2O(l) = 2-oxoglutarate(aq) + NADH(aq) + ammonia(aq),Engel P.C.; Dalziel K.; Biochem. J.; 105 691 (1967).,67ENG/DAL_276, , ,300.15,6.97,1.05E-06, ,spectrophotometry,phosphate,mol/L;IS=0.135  ,1.4.1.2, , ,0.135, , 
1478,1537.0,1783.0,glutamate dehydrogenase,kegg:C00025 + kegg:C00003 + kegg:C00001 = kegg:C00026 + kegg:C00004 + kegg:C00014,CHB_15377 + CHB_15846 + CHB_29985 = CHB_16134 + CHB_16810 + CHB_16908,L-glutamate(aq) + NAD(aq) + H2O(l) = 2-oxoglutarate(aq) + NADH(aq) + ammonia(aq),Engel P.C.; Dalziel K.; Biochem. J.; 105 691 (1967).,67ENG/DAL_276, , ,300.15,6.98,8.66E-07, ,spectrophotometry,phosphate,mol/L;IS=0.089  ,1.4.1.2, , ,0.089, , 
1479,1547,1788.0,glutamate dehydrogenase,kegg:C00025 + kegg:C00003 + kegg:C00001 = kegg:C00026 + kegg:C00004 + kegg:C00014,CHB_15377 + CHB_15846 + CHB_29985 = CHB_16134 + CHB_16810 + CHB_16908,L-glutamate(aq) + NAD(aq) + H2O(l) = 2-oxoglutarate(aq) + NADH(aq) + ammonia(aq),Engel P.C.; Dalziel K.; Biochem. J.; 105 691 (1967).,67ENG/DAL_276, , ,300.15,6.98,1.01E-06, ,spectrophotometry,phosphate,mol/L;IS=0.135 _ nan _ ,1.4.1.2, , ,0.111 & 0.135, , 
1480,1545.0,1790.0,glutamate dehydrogenase,kegg:C00025 + kegg:C00003 + kegg:C00001 = kegg:C00026 + kegg:C00004 + kegg:C00014,CHB_15377 + CHB_15846 + CHB_29985 = CHB_16134 + CHB_16810 + CHB_16908,L-glutamate(aq) + NAD(aq) + H2O(l) = 2-oxoglutarate(aq) + NADH(aq) + ammonia(aq),Engel P.C.; Dalziel K.; Biochem. J.; 105 691 (1967).,67ENG/DAL_276, , ,300.15,6.98,1.08E-06, ,spectrophotometry,phosphate,mol/L;IS=0.135  ,1.4.1.2, , ,0.135, , 
1481,,1794.0,glutamate dehydrogenase,kegg:C00025 + kegg:C00003 + kegg:C00001 = kegg:C00026 + kegg:C00004 + kegg:C00014, ,L-glutamate(aq) + NAD(aq) + H2O(l) = 2-oxoglutarate(aq) + NADH(aq) + ammonia(aq),Engel P.C.; Dalziel K.; Biochem. J.; 105 691 (1967).,67ENG/DAL_276, , ,300.15,6.99,1.39E-06, ,spectrophotometry,phosphate, ,1.4.1.2, , ,0.233, , 
1482,1557.0,1801.0,glutamate dehydrogenase,kegg:C00025 + kegg:C00003 + kegg:C00001 = kegg:C00026 + kegg:C00004 + kegg:C00014,CHB_15377 + CHB_15846 + CHB_29985 = CHB_16134 + CHB_16810 + CHB_16908,L-glutamate(aq) + NAD(aq) + H2O(l) = 2-oxoglutarate(aq) + NADH(aq) + ammonia(aq),Engel P.C.; Dalziel K.; Biochem. J.; 105 691 (1967).,67ENG/DAL_276, , ,300.15,6.99,1.83E-06, ,spectrophotometry,phosphate,mol/L;IS=0.471  ,1.4.1.2, , ,0.471, , 
1483,1556,1800.0,glutamate dehydrogenase,kegg:C00025 + kegg:C00003 + kegg:C00001 = kegg:C00026 + kegg:C00004 + kegg:C00014,CHB_15377 + CHB_15846 + CHB_29985 = CHB_16134 + CHB_16810 + CHB_16908,L-glutamate(aq) + NAD(aq) + H2O(l) = 2-oxoglutarate(aq) + NADH(aq) + ammonia(aq),Engel P.C.; Dalziel K.; Biochem. J.; 105 691 (1967).,67ENG/DAL_276, , ,300.15,6.99,1.84E-06, ,spectrophotometry,phosphate,mol/L;IS=0.471 _ nan _ ,1.4.1.2, , ,0.471, , 
1484,1541.0,1811.0,glutamate dehydrogenase,kegg:C00025 + kegg:C00003 + kegg:C00001 = kegg:C00026 + kegg:C00004 + kegg:C00014,CHB_15377 + CHB_15846 + CHB_29985 = CHB_16134 + CHB_16810 + CHB_16908,L-glutamate(aq) + NAD(aq) + H2O(l) = 2-oxoglutarate(aq) + NADH(aq) + ammonia(aq),Engel P.C.; Dalziel K.; Biochem. J.; 105 691 (1967).,67ENG/DAL_276, , ,300.15,7.06,1.16E-06, ,spectrophotometry,phosphate,mol/L;IS=0.101  ,1.4.1.2, , ,0.101, , 
1485,1532,1779.0,glutamate dehydrogenase,kegg:C00025 + kegg:C00003 + kegg:C00001 = kegg:C00026 + kegg:C00004 + kegg:C00014,CHB_15377 + CHB_15846 + CHB_29985 = CHB_16134 + CHB_16810 + CHB_16908,L-glutamate(aq) + NAD(aq) + H2O(l) = 2-oxoglutarate(aq) + NADH(aq) + ammonia(aq),Engel P.C.; Dalziel K.; Biochem. J.; 105 691 (1967).,67ENG/DAL_276, , ,300.15,7.07,8.64E-07, ,spectrophotometry,phosphate,mol/L;IS=0.055 _ nan _ ,1.4.1.2, , ,0.055, , 
1486,1553.0,1813.0,glutamate dehydrogenase,kegg:C00025 + kegg:C00003 + kegg:C00001 = kegg:C00026 + kegg:C00004 + kegg:C00014,CHB_15377 + CHB_15846 + CHB_29985 = CHB_16134 + CHB_16810 + CHB_16908,L-glutamate(aq) + NAD(aq) + H2O(l) = 2-oxoglutarate(aq) + NADH(aq) + ammonia(aq),Engel P.C.; Dalziel K.; Biochem. J.; 105 691 (1967).,67ENG/DAL_276, , ,300.15,7.17,2.78E-06, ,spectrophotometry,phosphate,mol/L;IS=0.471  ,1.4.1.2, , ,0.471, , 
1487,,1804.0,glutamate dehydrogenase,kegg:C00025 + kegg:C00003 + kegg:C00001 = kegg:C00026 + kegg:C00004 + kegg:C00014, ,L-glutamate(aq) + NAD(aq) + H2O(l) = 2-oxoglutarate(aq) + NADH(aq) + ammonia(aq),Engel P.C.; Dalziel K.; Biochem. J.; 105 691 (1967).,67ENG/DAL_276, , ,300.1,7.0,1.80E-06, ,spectrophotometry,phosphate, ,1.4.1.2, , ,0.47, , 
1488,1558.0,1802.0,glutamate dehydrogenase,kegg:C00025 + kegg:C00003 + kegg:C00001 = kegg:C00026 + kegg:C00004 + kegg:C00014,CHB_15377 + CHB_15846 + CHB_29985 = CHB_16134 + CHB_16810 + CHB_16908,L-glutamate(aq) + NAD(aq) + H2O(l) = 2-oxoglutarate(aq) + NADH(aq) + ammonia(aq),Engel P.C.; Dalziel K.; Biochem. J.; 105 691 (1967).,67ENG/DAL_276, , ,303.15,6.89,1.56E-06, ,spectrophotometry,phosphate,mol/L;IS=0.709  ,1.4.1.2, , ,0.709, , 
1489,1559.0,1814.0,glutamate dehydrogenase,kegg:C00025 + kegg:C00003 + kegg:C00001 = kegg:C00026 + kegg:C00004 + kegg:C00014,CHB_15377 + CHB_15846 + CHB_29985 = CHB_16134 + CHB_16810 + CHB_16908,L-glutamate(aq) + NAD(aq) + H2O(l) = 2-oxoglutarate(aq) + NADH(aq) + ammonia(aq),Engel P.C.; Dalziel K.; Biochem. J.; 105 691 (1967).,67ENG/DAL_276, , ,303.15,7.02,2.18E-06, ,spectrophotometry,phosphate,mol/L;IS=0.709  ,1.4.1.2, , ,0.709, , 
1490,1562,1805.0,glutamate dehydrogenase,kegg:C00025 + kegg:C00003 + kegg:C00001 = kegg:C00026 + kegg:C00004 + kegg:C00014,CHB_15377 + CHB_15846 + CHB_29985 = CHB_16134 + CHB_16810 + CHB_16908,L-glutamate(aq) + NAD(aq) + H2O(l) = 2-oxoglutarate(aq) + NADH(aq) + ammonia(aq),Engel P.C.; Dalziel K.; Biochem. J.; 105 691 (1967).,67ENG/DAL_276, , ,305.1,7.0,2.80E-06, ,spectrophotometry,phosphate,mol/L;IS=0.47 _ nan _ ,1.4.1.2, , ,0.47, , 
1491,1563,1806.0,glutamate dehydrogenase,kegg:C00025 + kegg:C00003 + kegg:C00001 = kegg:C00026 + kegg:C00004 + kegg:C00014,CHB_15377 + CHB_15846 + CHB_29985 = CHB_16134 + CHB_16810 + CHB_16908,L-glutamate(aq) + NAD(aq) + H2O(l) = 2-oxoglutarate(aq) + NADH(aq) + ammonia(aq),Engel P.C.; Dalziel K.; Biochem. J.; 105 691 (1967).,67ENG/DAL_276, , ,309.8,7.0,4.30E-06, ,spectrophotometry,phosphate,mol/L;IS=0.47 _ nan _ ,1.4.1.2, , ,0.47, , 
1492,1564,1808.0,glutamate dehydrogenase,kegg:C00025 + kegg:C00003 + kegg:C00001 = kegg:C00026 + kegg:C00004 + kegg:C00014,CHB_15377 + CHB_15846 + CHB_29985 = CHB_16134 + CHB_16810 + CHB_16908,L-glutamate(aq) + NAD(aq) + H2O(l) = 2-oxoglutarate(aq) + NADH(aq) + ammonia(aq),Engel P.C.; Dalziel K.; Biochem. J.; 105 691 (1967).,67ENG/DAL_276, , ,311.1,7.0,5.30E-06, ,spectrophotometry,phosphate,mol/L;IS=0.47 _ nan _ ,1.4.1.2, , ,0.47, , 
1493,1579.0,1323.0,glutamate dehydrogenase (NADP+),kegg:C00025 + kegg:C00006 + kegg:C00001 = kegg:C00026 + kegg:C00005 + kegg:C00014,CHB_15377 + CHB_18009 + CHB_29985 = CHB_16134 + CHB_16474 + CHB_16810,L-glutamate(aq) + NADP(aq) + H2O(l) = 2-oxoglutarate(aq) + NADPH(aq) + ammonia(aq),Engel P.C.; Dalziel K.; Biochem. J.; 105 691 (1967).,67ENG/DAL_287,4384597.0,10.1042/bj1050691,298.1,7.0,1.10E-06, ,spectrophotometry,phosphate,mol/L;IS=0.47  ,1.4.1.4, , ,0.47, , 
1494,1566.0,1336.0,glutamate dehydrogenase (NADP+),kegg:C00025 + kegg:C00006 + kegg:C00001 = kegg:C00026 + kegg:C00005 + kegg:C00014,CHB_15377 + CHB_18009 + CHB_29985 = CHB_16134 + CHB_16474 + CHB_16810,L-glutamate(aq) + NADP(aq) + H2O(l) = 2-oxoglutarate(aq) + NADPH(aq) + ammonia(aq),Engel P.C.; Dalziel K.; Biochem. J.; 105 691 (1967).,67ENG/DAL_287,4384597.0,10.1042/bj1050691,300.15,6.9,2.59E-07, ,spectrophotometry,phosphate,mol/L;IS=0.051  ,1.4.1.4, , ,0.054 & 0.051, , 
1495,1574.0,1319.0,glutamate dehydrogenase (NADP+),kegg:C00025 + kegg:C00006 + kegg:C00001 = kegg:C00026 + kegg:C00005 + kegg:C00014,CHB_15377 + CHB_18009 + CHB_29985 = CHB_16134 + CHB_16474 + CHB_16810,L-glutamate(aq) + NADP(aq) + H2O(l) = 2-oxoglutarate(aq) + NADPH(aq) + ammonia(aq),Engel P.C.; Dalziel K.; Biochem. J.; 105 691 (1967).,67ENG/DAL_287,4384597.0,10.1042/bj1050691,300.15,6.92,5.04E-07, ,spectrophotometry,phosphate,mol/L;IS=0.134  ,1.4.1.4, , ,0.134, , 
1496,1573.0,1334.0,glutamate dehydrogenase (NADP+),kegg:C00025 + kegg:C00006 + kegg:C00001 = kegg:C00026 + kegg:C00005 + kegg:C00014,CHB_15377 + CHB_18009 + CHB_29985 = CHB_16134 + CHB_16474 + CHB_16810,L-glutamate(aq) + NADP(aq) + H2O(l) = 2-oxoglutarate(aq) + NADPH(aq) + ammonia(aq),Engel P.C.; Dalziel K.; Biochem. J.; 105 691 (1967).,67ENG/DAL_287,4384597.0,10.1042/bj1050691,300.15,6.92,5.92E-07, ,spectrophotometry,phosphate,mol/L;IS=0.134  ,1.4.1.4, , ,0.134, , 
1497,1565.0,1328.0,glutamate dehydrogenase (NADP+),kegg:C00025 + kegg:C00006 + kegg:C00001 = kegg:C00026 + kegg:C00005 + kegg:C00014,CHB_15377 + CHB_18009 + CHB_29985 = CHB_16134 + CHB_16474 + CHB_16810,L-glutamate(aq) + NADP(aq) + H2O(l) = 2-oxoglutarate(aq) + NADPH(aq) + ammonia(aq),Engel P.C.; Dalziel K.; Biochem. J.; 105 691 (1967).,67ENG/DAL_287,4384597.0,10.1042/bj1050691,300.15,6.93,2.09E-07, ,spectrophotometry,phosphate,mol/L;IS=0.026  ,1.4.1.4, , ,0.026, , 
1498,1567.0,1329.0,glutamate dehydrogenase (NADP+),kegg:C00025 + kegg:C00006 + kegg:C00001 = kegg:C00026 + kegg:C00005 + kegg:C00014,CHB_15377 + CHB_18009 + CHB_29985 = CHB_16134 + CHB_16474 + CHB_16810,L-glutamate(aq) + NADP(aq) + H2O(l) = 2-oxoglutarate(aq) + NADPH(aq) + ammonia(aq),Engel P.C.; Dalziel K.; Biochem. J.; 105 691 (1967).,67ENG/DAL_287,4384597.0,10.1042/bj1050691,300.15,6.94,2.91E-07, ,spectrophotometry,phosphate,mol/L;IS=0.051  ,1.4.1.4, , ,0.054 & 0.051, , 
1499,1572,1337.0,glutamate dehydrogenase (NADP+),kegg:C00025 + kegg:C00006 + kegg:C00001 = kegg:C00026 + kegg:C00005 + kegg:C00014,CHB_15377 + CHB_18009 + CHB_29985 = CHB_16134 + CHB_16474 + CHB_16810,L-glutamate(aq) + NADP(aq) + H2O(l) = 2-oxoglutarate(aq) + NADPH(aq) + ammonia(aq),Engel P.C.; Dalziel K.; Biochem. J.; 105 691 (1967).,67ENG/DAL_287,4384597.0,10.1042/bj1050691,300.15,6.97,5.55E-07, ,spectrophotometry,phosphate,mol/L;IS=0.112 _ nan _ ,1.4.1.4, , ,0.112, , 
1500,1578.0,1324.0,glutamate dehydrogenase (NADP+),kegg:C00025 + kegg:C00006 + kegg:C00001 = kegg:C00026 + kegg:C00005 + kegg:C00014,CHB_15377 + CHB_18009 + CHB_29985 = CHB_16134 + CHB_16474 + CHB_16810,L-glutamate(aq) + NADP(aq) + H2O(l) = 2-oxoglutarate(aq) + NADPH(aq) + ammonia(aq),Engel P.C.; Dalziel K.; Biochem. J.; 105 691 (1967).,67ENG/DAL_287,4384597.0,10.1042/bj1050691,300.1,7.0,1.20E-06, ,spectrophotometry,phosphate,mol/L;IS=0.471  ,1.4.1.4, , ,0.47 & 0.471, , 
1501,1577.0,1322.0,glutamate dehydrogenase (NADP+),kegg:C00025 + kegg:C00006 + kegg:C00001 = kegg:C00026 + kegg:C00005 + kegg:C00014,CHB_15377 + CHB_18009 + CHB_29985 = CHB_16134 + CHB_16474 + CHB_16810,L-glutamate(aq) + NADP(aq) + H2O(l) = 2-oxoglutarate(aq) + NADPH(aq) + ammonia(aq),Engel P.C.; Dalziel K.; Biochem. J.; 105 691 (1967).,67ENG/DAL_287,4384597.0,10.1042/bj1050691,303.15,6.79,8.08E-07, ,spectrophotometry,phosphate,mol/L;IS=0.471  ,1.4.1.4, , ,0.471, , 
1502,1576.0,1321.0,glutamate dehydrogenase (NADP+),kegg:C00025 + kegg:C00006 + kegg:C00001 = kegg:C00026 + kegg:C00005 + kegg:C00014,CHB_15377 + CHB_18009 + CHB_29985 = CHB_16134 + CHB_16474 + CHB_16810,L-glutamate(aq) + NADP(aq) + H2O(l) = 2-oxoglutarate(aq) + NADPH(aq) + ammonia(aq),Engel P.C.; Dalziel K.; Biochem. J.; 105 691 (1967).,67ENG/DAL_287,4384597.0,10.1042/bj1050691,303.15,6.91,9.03E-07, ,spectrophotometry,phosphate,mol/L;IS=0.471  ,1.4.1.4, , ,0.471, , 
1503,1569.0,1331.0,glutamate dehydrogenase (NADP+),kegg:C00025 + kegg:C00006 + kegg:C00001 = kegg:C00026 + kegg:C00005 + kegg:C00014,CHB_15377 + CHB_18009 + CHB_29985 = CHB_16134 + CHB_16474 + CHB_16810,L-glutamate(aq) + NADP(aq) + H2O(l) = 2-oxoglutarate(aq) + NADPH(aq) + ammonia(aq),Engel P.C.; Dalziel K.; Biochem. J.; 105 691 (1967).,67ENG/DAL_287,4384597.0,10.1042/bj1050691,303.15,6.93,3.67E-07, ,spectrophotometry,phosphate,mol/L;IS=0.067  ,1.4.1.4, , ,0.067, , 
1504,1575.0,1320.0,glutamate dehydrogenase (NADP+),kegg:C00025 + kegg:C00006 + kegg:C00001 = kegg:C00026 + kegg:C00005 + kegg:C00014,CHB_15377 + CHB_18009 + CHB_29985 = CHB_16134 + CHB_16474 + CHB_16810,L-glutamate(aq) + NADP(aq) + H2O(l) = 2-oxoglutarate(aq) + NADPH(aq) + ammonia(aq),Engel P.C.; Dalziel K.; Biochem. J.; 105 691 (1967).,67ENG/DAL_287,4384597.0,10.1042/bj1050691,303.15,6.95,6.34E-07, ,spectrophotometry,phosphate,mol/L;IS=0.134  ,1.4.1.4, , ,0.134, , 
1505,1568.0,1330.0,glutamate dehydrogenase (NADP+),kegg:C00025 + kegg:C00006 + kegg:C00001 = kegg:C00026 + kegg:C00005 + kegg:C00014,CHB_15377 + CHB_18009 + CHB_29985 = CHB_16134 + CHB_16474 + CHB_16810,L-glutamate(aq) + NADP(aq) + H2O(l) = 2-oxoglutarate(aq) + NADPH(aq) + ammonia(aq),Engel P.C.; Dalziel K.; Biochem. J.; 105 691 (1967).,67ENG/DAL_287,4384597.0,10.1042/bj1050691,303.15,6.96,3.83E-07, ,spectrophotometry,phosphate,mol/L;IS=0.067  ,1.4.1.4, , ,0.067, , 
1506,1571.0,1333.0,glutamate dehydrogenase (NADP+),kegg:C00025 + kegg:C00006 + kegg:C00001 = kegg:C00026 + kegg:C00005 + kegg:C00014,CHB_15377 + CHB_18009 + CHB_29985 = CHB_16134 + CHB_16474 + CHB_16810,L-glutamate(aq) + NADP(aq) + H2O(l) = 2-oxoglutarate(aq) + NADPH(aq) + ammonia(aq),Engel P.C.; Dalziel K.; Biochem. J.; 105 691 (1967).,67ENG/DAL_287,4384597.0,10.1042/bj1050691,303.15,6.96,5.22E-07, ,spectrophotometry,phosphate,mol/L;IS=0.112  ,1.4.1.4, , ,0.112, , 
1507,1570.0,1332.0,glutamate dehydrogenase (NADP+),kegg:C00025 + kegg:C00006 + kegg:C00001 = kegg:C00026 + kegg:C00005 + kegg:C00014,CHB_15377 + CHB_18009 + CHB_29985 = CHB_16134 + CHB_16474 + CHB_16810,L-glutamate(aq) + NADP(aq) + H2O(l) = 2-oxoglutarate(aq) + NADPH(aq) + ammonia(aq),Engel P.C.; Dalziel K.; Biochem. J.; 105 691 (1967).,67ENG/DAL_287,4384597.0,10.1042/bj1050691,303.15,6.97,4.96E-07, ,spectrophotometry,phosphate,mol/L;IS=0.091  ,1.4.1.4, , ,0.091, , 
1508,1580.0,1335.0,glutamate dehydrogenase (NADP+),kegg:C00025 + kegg:C00006 + kegg:C00001 = kegg:C00026 + kegg:C00005 + kegg:C00014,CHB_15377 + CHB_18009 + CHB_29985 = CHB_16134 + CHB_16474 + CHB_16810,L-glutamate(aq) + NADP(aq) + H2O(l) = 2-oxoglutarate(aq) + NADPH(aq) + ammonia(aq),Engel P.C.; Dalziel K.; Biochem. J.; 105 691 (1967).,67ENG/DAL_287,4384597.0,10.1042/bj1050691,303.15,6.99,1.16E-06, ,spectrophotometry,phosphate,mol/L;IS=0.47  ,1.4.1.4, , ,0.471 & 0.47, , 
1509,1581,1325.0,glutamate dehydrogenase (NADP+),kegg:C00025 + kegg:C00006 + kegg:C00001 = kegg:C00026 + kegg:C00005 + kegg:C00014,CHB_15377 + CHB_18009 + CHB_29985 = CHB_16134 + CHB_16474 + CHB_16810,L-glutamate(aq) + NADP(aq) + H2O(l) = 2-oxoglutarate(aq) + NADPH(aq) + ammonia(aq),Engel P.C.; Dalziel K.; Biochem. J.; 105 691 (1967).,67ENG/DAL_287,4384597.0,10.1042/bj1050691,305.1,7.0,2.00E-06, ,spectrophotometry,phosphate,mol/L;IS=0.47 _ nan _ ,1.4.1.4, , ,0.47, , 
1510,1582.0,1326.0,glutamate dehydrogenase (NADP+),kegg:C00025 + kegg:C00006 + kegg:C00001 = kegg:C00026 + kegg:C00005 + kegg:C00014,CHB_15377 + CHB_18009 + CHB_29985 = CHB_16134 + CHB_16474 + CHB_16810,L-glutamate(aq) + NADP(aq) + H2O(l) = 2-oxoglutarate(aq) + NADPH(aq) + ammonia(aq),Engel P.C.; Dalziel K.; Biochem. J.; 105 691 (1967).,67ENG/DAL_287,4384597.0,10.1042/bj1050691,309.8,7.0,3.20E-06, ,spectrophotometry,phosphate,mol/L;IS=0.47  ,1.4.1.4, , ,0.47, , 
1511,1583,1327.0,glutamate dehydrogenase (NADP+),kegg:C00025 + kegg:C00006 + kegg:C00001 = kegg:C00026 + kegg:C00005 + kegg:C00014,CHB_15377 + CHB_18009 + CHB_29985 = CHB_16134 + CHB_16474 + CHB_16810,L-glutamate(aq) + NADP(aq) + H2O(l) = 2-oxoglutarate(aq) + NADPH(aq) + ammonia(aq),Engel P.C.; Dalziel K.; Biochem. J.; 105 691 (1967).,67ENG/DAL_287,4384597.0,10.1042/bj1050691,311.1,7.0,3.60E-06, ,spectrophotometry,phosphate,mol/L;IS=0.47 _ nan _ ,1.4.1.4, , ,0.47, , 
1512,1584.0,5.0,aconitate hydratase,kegg:C00311 = kegg:C00158,CHB_16087 = CHB_30769,isocitrate(aq) = citrate(aq),England P.J.; Denton R.M.; Randle P.J.; Biochem. J.; 105 32c (1967).,67ENG/DEN_1165,5583983.0,10.1042/bj1050032c,310.15,7.3,11, ,spectrophotometry,triethanolamine (0.1 mol dm-3) + HCl,mol/L;triethanolamine-HCl=0.1;citrate=0.001;isocitrate=0;(Ca)1(Cl)2=0.00065 _ CaCl2 (0.00065 mol/L) _ ,4.2.1.3, ,0.0 MgSO4 & 0.00065 CaCl2, , , 
1513,1585.0,11.0,aconitate hydratase,kegg:C00311 = kegg:C00158,CHB_16087 = CHB_30769,isocitrate(aq) = citrate(aq),England P.J.; Denton R.M.; Randle P.J.; Biochem. J.; 105 32c (1967).,67ENG/DEN_1165,5583983.0,10.1042/bj1050032c,310.15,7.3,15, ,spectrophotometry,triethanolamine (0.1 mol dm-3) + HCl,mol/L;triethanolamine-HCl=0.1;citrate=0.001;isocitrate=0;(Ca)1(Cl)2=0.0011 _ CaCl2 (0.0011 mol/L) _ ,4.2.1.3, ,0.0 MgSO4 & 0.0011 CaCl2, , , 
1514,1586.0,15.0,aconitate hydratase,kegg:C00311 = kegg:C00158,CHB_16087 = CHB_30769,isocitrate(aq) = citrate(aq),England P.J.; Denton R.M.; Randle P.J.; Biochem. J.; 105 32c (1967).,67ENG/DEN_1165,5583983.0,10.1042/bj1050032c,310.15,7.3,17, ,spectrophotometry,triethanolamine (0.1 mol dm-3) + HCl,mol/L;triethanolamine-HCl=0.1;citrate=0.001;isocitrate=0;(Ca)1(Cl)2=0.0016 _ CaCl2 (0.0016 mol/L) _ ,4.2.1.3, ,0.0 MgSO4 & 0.0016 CaCl2, , , 
1515,1587.0,12.0,aconitate hydratase,kegg:C00311 = kegg:C00158,CHB_16087 = CHB_30769,isocitrate(aq) = citrate(aq),England P.J.; Denton R.M.; Randle P.J.; Biochem. J.; 105 32c (1967).,67ENG/DEN_1165,5583983.0,10.1042/bj1050032c,310.15,7.3,19, ,spectrophotometry,triethanolamine (0.1 mol dm-3) + HCl,mol/L;triethanolamine-HCl=0.1;citrate=0.001;isocitrate=0;(Ca)1(Cl)2=0.0021 _ CaCl2 (0.0021 mol/L) _ ,4.2.1.3, ,0.0 MgSO4 & 0.0021 CaCl2, , , 
1516,1588.0,3.0,aconitate hydratase,kegg:C00311 = kegg:C00158,CHB_16087 = CHB_30769,isocitrate(aq) = citrate(aq),England P.J.; Denton R.M.; Randle P.J.; Biochem. J.; 105 32c (1967).,67ENG/DEN_1165,5583983.0,10.1042/bj1050032c,310.15,7.3,25, ,spectrophotometry,triethanolamine (0.1 mol dm-3) + HCl,2.8 = -log[Mg+2] _ mol/L;triethanolamine-HCl=0.1;citrate=0.001;isocitrate=0;(Ca)1(Cl)2=0.0031 _ CaCl2 (0.0031 mol/L) _ ,4.2.1.3, ,0.0 MgSO4 & 0.0031 CaCl2, , , 
1517,1589.0,7.0,aconitate hydratase,kegg:C00311 = kegg:C00158,CHB_16087 = CHB_30769,isocitrate(aq) = citrate(aq),England P.J.; Denton R.M.; Randle P.J.; Biochem. J.; 105 32c (1967).,67ENG/DEN_1165,5583983.0,10.1042/bj1050032c,310.15,7.3,26, ,spectrophotometry,triethanolamine (0.1 mol dm-3) + HCl,mol/L;triethanolamine-HCl=0.1;citrate=0.001;isocitrate=0;(Ca)1(Cl)2=0.005 _ CaCl2 (0.005 mol/L) _ ,4.2.1.3, ,0.0 MgSO4 & 0.005 CaCl2, , , 
1518,1591.0,10.0,aconitate hydratase,kegg:C00311 = kegg:C00158,CHB_16087 = CHB_30769,isocitrate(aq) = citrate(aq),England P.J.; Denton R.M.; Randle P.J.; Biochem. J.; 105 32c (1967).,67ENG/DEN_1165,5583983.0,10.1042/bj1050032c,310.15,7.3,14, ,spectrophotometry,triethanolamine (0.1 mol dm-3) + HCl,3.19 = -log[Mg+2] _ mol/L;triethanolamine-HCl=0.1;citrate=0.001;isocitrate=0;(Mg)1(SO4)1=0.00065 _ MgSO4 (0.00065 mol/L) _ ,4.2.1.3, ,0.0 CaCl2 & 0.00065 MgSO4, , , 
1519,1592.0,2.0,aconitate hydratase,kegg:C00311 = kegg:C00158,CHB_16087 = CHB_30769,isocitrate(aq) = citrate(aq),England P.J.; Denton R.M.; Randle P.J.; Biochem. J.; 105 32c (1967).,67ENG/DEN_1165,5583983.0,10.1042/bj1050032c,310.15,7.3,18, ,spectrophotometry,triethanolamine (0.1 mol dm-3) + HCl,2.96 = -log[Mg+2] _ mol/L;triethanolamine-HCl=0.1;citrate=0.001;isocitrate=0;(Mg)1(SO4)1=0.0011 _ MgSO4 (0.0011 mol/L) _ ,4.2.1.3, ,0.0 CaCl2 & 0.0011 MgSO4, , , 
1520,1593.0,6.0,aconitate hydratase,kegg:C00311 = kegg:C00158,CHB_16087 = CHB_30769,isocitrate(aq) = citrate(aq),England P.J.; Denton R.M.; Randle P.J.; Biochem. J.; 105 32c (1967).,67ENG/DEN_1165,5583983.0,10.1042/bj1050032c,310.15,7.3,25, ,spectrophotometry,triethanolamine (0.1 mol dm-3) + HCl,mol/L;triethanolamine-HCl=0.1;citrate=0.001;isocitrate=0;(Mg)1(SO4)1=0.0016 _ MgSO4 (0.0016 mol/L) _ ,4.2.1.3, ,0.0 CaCl2 & 0.0016 MgSO4, , , 
1521,1594.0,9.0,aconitate hydratase,kegg:C00311 = kegg:C00158,CHB_16087 = CHB_30769,isocitrate(aq) = citrate(aq),England P.J.; Denton R.M.; Randle P.J.; Biochem. J.; 105 32c (1967).,67ENG/DEN_1165,5583983.0,10.1042/bj1050032c,310.15,7.3,35, ,spectrophotometry,triethanolamine (0.1 mol dm-3) + HCl,2.68 = -log[Mg+2] _ mol/L;triethanolamine-HCl=0.1;citrate=0.001;isocitrate=0;(Mg)1(SO4)1=0.0021 _ MgSO4 (0.0021 mol/L) _ ,4.2.1.3, ,0.0 CaCl2 & 0.0021 MgSO4, , , 
1522,1595.0,16.0,aconitate hydratase,kegg:C00311 = kegg:C00158,CHB_16087 = CHB_30769,isocitrate(aq) = citrate(aq),England P.J.; Denton R.M.; Randle P.J.; Biochem. J.; 105 32c (1967).,67ENG/DEN_1165,5583983.0,10.1042/bj1050032c,310.15,7.3,35, ,spectrophotometry,triethanolamine (0.1 mol dm-3) + HCl,2.51 = -log[Mg+2] _ mol/L;triethanolamine-HCl=0.1;citrate=0.001;isocitrate=0;(Mg)1(SO4)1=0.0031 _ MgSO4 (0.0031 mol/L) _ ,4.2.1.3, ,0.0 CaCl2 & 0.0031 MgSO4, , , 
1523,1596.0,4.0,aconitate hydratase,kegg:C00311 = kegg:C00158,CHB_16087 = CHB_30769,isocitrate(aq) = citrate(aq),England P.J.; Denton R.M.; Randle P.J.; Biochem. J.; 105 32c (1967).,67ENG/DEN_1165,5583983.0,10.1042/bj1050032c,310.15,7.3,33, ,spectrophotometry,triethanolamine (0.1 mol dm-3) + HCl,2.3 = -log[Mg+2] _ mol/L;triethanolamine-HCl=0.1;citrate=0.001;isocitrate=0;(Mg)1(SO4)1=0.005 _ MgSO4 (0.005 mol/L) _ ,4.2.1.3, ,0.0 CaCl2 & 0.005 MgSO4, , , 
1524,1590.0,8.0,aconitate hydratase,kegg:C00311 = kegg:C00158,CHB_16087 = CHB_30769,isocitrate(aq) = citrate(aq),England P.J.; Denton R.M.; Randle P.J.; Biochem. J.; 105 32c (1967).,67ENG/DEN_1165,5583983.0,10.1042/bj1050032c,310.15,7.3,30, ,spectrophotometry,triethanolamine (0.1 mol dm-3) + HCl,mol/L;triethanolamine-HCl=0.1;citrate=0.001;isocitrate=0;(Ca)1(Cl)2=0.05 _ CaCl2 (0.05 mol/L) _ ,4.2.1.3, ,0.0 MgSO4 & 0.05 CaCl2, , , 
1525,1597.0,13.0,aconitate hydratase,kegg:C00311 = kegg:C00158,CHB_16087 = CHB_30769,isocitrate(aq) = citrate(aq),England P.J.; Denton R.M.; Randle P.J.; Biochem. J.; 105 32c (1967).,67ENG/DEN_1165,5583983.0,10.1042/bj1050032c,310.15,7.3,28, ,spectrophotometry,triethanolamine (0.1 mol dm-3) + HCl,1.3 = -log[Mg+2] _ mol/L;triethanolamine-HCl=0.1;citrate=0.001;isocitrate=0;(Mg)1(SO4)1=0.05 _ MgSO4 (0.05 mol/L) _ ,4.2.1.3, ,0.0 CaCl2 & 0.05 MgSO4, , , 
1526,1598.0,14.0,aconitate hydratase,kegg:C00311 = kegg:C00158,CHB_16087 = CHB_30769,isocitrate(aq) = citrate(aq),England P.J.; Denton R.M.; Randle P.J.; Biochem. J.; 105 32c (1967).,67ENG/DEN_1165,5583983.0,10.1042/bj1050032c,310.15,7.3,7.5, ,spectrophotometry,triethanolamine (0.1 mol dm-3) + HCl,mol/L;triethanolamine-HCl=0.1;citrate=0.001;isocitrate=0  ,4.2.1.3, ,0.0 CaCl2 & 0.0 MgSO4, , , 
1527,1599.0,85.0,creatine kinase,kegg:C00002 + kegg:C00300 = kegg:C00008 + kegg:C02305,CHB_15422 + CHB_16919 = CHB_16761 + CHB_17287,ATP(aq) + creatine(aq) = ADP(aq) + phosphocreatine(aq),Eppenberger H.M.; Dawson D.M.; Kaplan N.O.; J. Biol. Chem.; 242 204 (1967).,67EPP/DAW_595,6016604.0, ,310.15,7.0,0.0054, ,spectrophotometry,Tris (0.1 mol dm-3) + HCl,mol/L;Tris-HCl=0.1  ,2.7.3.2, , , , , 
1528,1600.0,87.0,creatine kinase,kegg:C00002 + kegg:C00300 = kegg:C00008 + kegg:C02305,CHB_15422 + CHB_16919 = CHB_16761 + CHB_17287,ATP(aq) + creatine(aq) = ADP(aq) + phosphocreatine(aq),Eppenberger H.M.; Dawson D.M.; Kaplan N.O.; J. Biol. Chem.; 242 204 (1967).,67EPP/DAW_595,6016604.0, ,310.15,7.5,0.041, ,spectrophotometry,Tris (0.1 mol dm-3) + HCl,mol/L;Tris-HCl=0.1  ,2.7.3.2, , , , , 
1529,1601.0,86.0,creatine kinase,kegg:C00002 + kegg:C00300 = kegg:C00008 + kegg:C02305,CHB_15422 + CHB_16919 = CHB_16761 + CHB_17287,ATP(aq) + creatine(aq) = ADP(aq) + phosphocreatine(aq),Eppenberger H.M.; Dawson D.M.; Kaplan N.O.; J. Biol. Chem.; 242 204 (1967).,67EPP/DAW_595,6016604.0, ,310.15,8.0,0.084, ,spectrophotometry,Tris (0.1 mol dm-3) + HCl,mol/L;Tris-HCl=0.1  ,2.7.3.2, , , , , 
1530,1602.0,3614.0,deoxyribose-phosphate aldolase,kegg:C00673 = kegg:C00118 + kegg:C00084,MAN_10201 = CHB_15343 + CHB_29052,2-deoxy-D-ribose 5-phosphate(aq) = D-glyceraldehyde 3-phosphate(aq) + acetaldehyde(aq),Groth D.P.; J. Biol. Chem.; 242 155 (1967).,67GRO_1088,6016328.0, ,295.15,7.5,0.00025, ,spectrophotometry,Tris (0.005 mol dm-3),mol/L;Tris buffer=0.005;citrate=0.003  ,4.1.2.4, , , , , 
1531,1603.0,3813.0,3-oxoacid CoA-transferase,kegg:C00091 + kegg:C00164 = kegg:C00042 + kegg:C00332,CHB_13705 + CHB_15380 = CHB_15345 + CHB_30031,succinyl-CoA(aq) + acetoacetate(aq) = succinate(aq) + acetoacetyl-CoA(aq),Hersh L.B.; Jencks W.P.; J. Biol. Chem.; 242 3468 (1967).,67HER/JEN_721, , ,298.15,8.1,0.067, ,spectrophotometry,Tris,mol/L;Tris-sulfate buffer = 0.067  ,2.8.3.5, , , , , 
1532,1604.0,3633.0,phosphoserine transaminase,kegg:C03232 + kegg:C00025 = kegg:C00026 + kegg:C01005,CHB_18110 + CHB_29985 = CHB_15811 + CHB_16810,3-phosphonooxypyruvate(aq) + L-glutamate(aq) = 2-oxoglutarate(aq) + O-phospho-L-serine(aq),Hirsch H.; Greenberg D.M.; J. Biol. Chem.; 242 2283 (1967).,67HIR/GRE_538,6022873.0, ,298.15,8.2,0.15, ,spectrophotometry and radioactivity,Tris + HCl,mol/L;Tris-HCl=0.0125  ,2.6.1.52, , , , , 
1533,1605.0,1344.0,linoleate isomerase,kegg:C01595 = kegg:C04056,CHB_17351 = CHB_32798,"9-cis,12-cis-octadecadienoate(aq) = 9-cis,11-trans-octadecadienoate(aq)",Kepler C.; Tove S.B.; J. Biol. Chem.; 242 5686 (1967).,67KEP/TOV_1280,5633396.0, ,308.15,7.0,61, ,radioactivity,phosphate (0.1 mol dm-3),mol/L;potassium phosphate buffer=0.1  ,5.2.1.5, , , , , 
1534,1606.0,4131.0,methenyltetrahydrofolate cyclohydrolase,kegg:C00445 + kegg:C00001 = kegg:C00234,CHB_15377 + CHB_15638 = CHB_15637,"5,10-methenyltetrahydrofolate(aq) + H2O(l) = 10-formyltetrahydrofolate(aq)",Lombrozo L.; Greenberg D.M.; Arch. Biochem. Biophys.; 118 297 (1967).,67LOM/GRE_1059,6033708.0,10.1016/0003-9861(67)90352-9,298.15,6.5,1.84, ,spectrophotometry,potassium citrate (0.11 mol dm-3),mol/L;potassium citrate buffer=0.11  ,3.5.4.9, , , , , 
1535,1637.0,3249.0,ATP citrate(pro-3S)-lyase,kegg:C00002 + kegg:C00158 + kegg:C00010 = kegg:C00008 + kegg:C00009 + kegg:C00024 + kegg:C00036,CHB_15346 + CHB_15422 + CHB_30769 = CHB_15351 + CHB_16452 + CHB_16761 + CHB_26078,ATP(aq) + citrate(aq) + CoA(aq) = ADP(aq) + phosphate(aq) + acetyl-CoA(aq) + oxaloacetate(aq),Plowman K.M.; Cleland W.W.; J. Biol. Chem.; 242 4239 (1967).,67PLO/CLE_1130,6061708.0, ,298.15,8.1,1.2, ,radioactivity and paper chromatography,Tris + HCl,mol/L;Tris-HCl=0.1;(K)1(Cl)1=0.25;Mg2+_free=0.000424  ,4.1.3.8, , , , , 
1536,,4053.0,succinate dehydrogenase,2 kegg:C00042 + kegg:C00007 = 2 kegg:C00122 + 2 kegg:C00001, ,2 succinate(aq) + O2(aq) = 2 fumarate(aq) + 2 H2O(l),Poe M.; Gutfreund H.; Estabrook R.W.; Arch. Biochem. Biophys.; 122 204 (1967).,67POE/GUT_263, , ,298.15,7.4, , ,calorimetry,phosphate (0.10 mol dm-3) and Tris (0.10 mol dm-3), ,1.3.99.1, , , , ,-72.4
1537,,757.0,NADH dehydrogenase,2 kegg:C00004 + kegg:C00007 = 2 kegg:C00003 + 2 kegg:C00001, ,2 NADH(aq) + O2(aq) = 2 NAD(aq) + 2 H2O(l),Poe M.; Gutfreund H.; Estabrook R.W.; Arch. Biochem. Biophys.; 122 204 (1967).,67POE/GUT_319,4294746.0,10.1016/0003-9861(67)90140-3,298.15,7.0, , ,calorimetry,citrate glycyl-glycine phosphate and (Tris + HCl), ,1.6.99.3, , , , ,-516
1538,1638.0,799.0,4-hydroxy-2-oxoglutarate aldolase,kegg:C01127 = kegg:C00022 + kegg:C00048,CHB_17742 = CHB_15361 + CHB_16891,4-hydroxy-2-oxoglutarate(aq) = pyruvate(aq) + glyoxylate(aq),Rosso R.G.; Adams E.; J. Biol. Chem.; 242 5524 (1967).,67ROS/ADA_1133,12325368.0, ,310.15,8.4,0.01, ,"enzymatic assay, spectrophotometry, and chemical analysis",Tris (0.013 mol dm-3),mol/L;Tris buffer=0.013  ,4.1.3.16, , , , , 
1539,1642,1434.0,purine-nucleoside phosphorylase,kegg:C00212 + kegg:C00009 = kegg:C00147 + kegg:C00620,CHB_16335 + CHB_26078 = CHB_16708 + CHB_35425,adenosine(aq) + orthophosphate(aq) = adenine(aq) + Î±-D-ribose 1-phosphate(aq),Sakai T.; Yorifuji T.; Tochikura T.; Ogata K.; Agr. Biol. Chem.; 31 533 (1967).,67SAK/YOR2_454, , ,310.15,7.0,0.063, ,electrophoresis,Tris (0.04 mol dm-3) + HCl,mol/L;Tris-HCl=0.04;adenosine=0.0048;orthophosphate=0.0048;adenine=0.0012;D-ribose 1-phosphate=0.0012 _ nan _ ,2.4.2.1, , ,, , 
1540,1641.0,1435.0,purine-nucleoside phosphorylase,kegg:C00212 + kegg:C00009 = kegg:C00147 + kegg:C00620,CHB_16335 + CHB_26078 = CHB_16708 + CHB_35425,adenosine(aq) + orthophosphate(aq) = adenine(aq) + Î±-D-ribose 1-phosphate(aq),Sakai T.; Yorifuji T.; Tochikura T.; Ogata K.; Agr. Biol. Chem.; 31 533 (1967).,67SAK/YOR2_454, , ,310.15,9.0,0.12, ,electrophoresis,Tris (0.04 mol dm-3) + HCl,mol/L;Tris-HCl=0.04;adenosine=0.0042;orthophosphate=0.0042;adenine=0.0018;D-ribose 1-phosphate=0.0018  ,2.4.2.1, , , , , 
1541,1639.0,4373.0,pyrimidine-nucleoside phosphorylase,kegg:C00299 + kegg:C00009 = kegg:C00106 + kegg:C00620,CHB_16704 + CHB_26078 = CHB_17568 + CHB_35425,uridine(aq) + orthophosphate(aq) = uracil(aq) + Î±-D-ribose 1-phosphate(aq),Sakai T.; Yorifuji T.; Tochikura T.; Ogata K.; Agr. Biol. Chem.; 31 525 (1967).,67SAK/YOR_470, , ,310.15,7.0,0.44, ,electrophoresis,Tris (0.04 mol dm-3) + HCl,mol/L;Tris-HCl=0.04;uracil=0.0024;D-ribose 1-phosphate=0.0024;uridine=0.0036;orthophosphate=0.0036  ,2.4.2.2, , , , , 
1542,1640.0,4374.0,pyrimidine-nucleoside phosphorylase,kegg:C00299 + kegg:C00009 = kegg:C00106 + kegg:C00620,CHB_16704 + CHB_26078 = CHB_17568 + CHB_35425,uridine(aq) + orthophosphate(aq) = uracil(aq) + Î±-D-ribose 1-phosphate(aq),Sakai T.; Yorifuji T.; Tochikura T.; Ogata K.; Agr. Biol. Chem.; 31 525 (1967).,67SAK/YOR_470, , ,310.15,9.0,1, ,electrophoresis,Tris (0.04 mol dm-3) + HCl,mol/L;Tris-HCl=0.04;uracil=0.003;D-ribose 1-phosphate=0.003;uridine=0.003;orthophosphate=0.003  ,2.4.2.2, , , , , 
1543,1643.0,2371.0,sucrose phosphorylase,kegg:C00089 + kegg:C00009 = kegg:C00103 + kegg:C00095,CHB_17992 + CHB_26078 = CHB_16077 + CHB_37721,sucrose(aq) + orthophosphate(aq) = Î±-D-glucose 1-phosphate(aq) + D-fructose(aq),Silverstein R.; Voet J.; Reed D.; Abeles R.H.; J. Biol. Chem.; 242 1338 (1967).,67SIL/VOE_417,4381552.0, ,303.15,7.0,16, ,spectrophotometry,Tris maleate (0.03 mol dm-3),mol/L;Tris-maleate buffer=0.03  ,2.4.1.7, , , , , 
1544,1644.0,4372.0,amino-acid racemase,kegg:C00123 = kegg:C01570,CHB_35619 = CHB_28797,L-leucine(aq) = D-leucine(aq),Soda K.; Osumi T.; Agric. Biol. Chem.; 31 1097 (1967).,67SOD/OSU_1241, , ,310.15,8.3,1, ,manometry and enzymatic assay,diphosphate (0.03 mol dm-3),mol/L;pyrophosphate buffer=0.03;pyridoxal phosphate=0.0005;L-amino-n-butyrate=0.02;D-amino-n-butyrate=0.02  ,5.1.1.10, , , , , 
1545,1645.0, ,amino-acid racemase, ,CHB_15603 = CHB_28225,L-Î±-amino-n-butyrate(aq) = D-Î±-amino-n-butyrate(aq),Soda K.; Osumi T.; Agric. Biol. Chem.; 31 1097 (1967).,67SOD/OSU_1242, , ,310.15,8.3,1, ,manometry and enzymatic assay,diphosphate (0.03 mol dm-3),mol/L;pyrophosphate buffer=0.03;pyridoxal phosphate=0.0005;L-leucine=0.02;D-leucine=0.02  ,5.1.1.10, , , , , 
1546,1650.0,3202.0,glucose-6-phosphate isomerase,kegg:C00092 = kegg:C00085,CHB_4170 = CHB_61553,D-glucose 6-phosphate(aq) = D-fructose 6-phosphate(aq),Takeda Y.; Hizukuri S.; Nikuni Z.; Biochim. Biophys. Acta; 146 568 (1967).,67TAK/HIZ_1357, , ,310.15,7.5,0.54, ,spectrophotometry,Tris (0.040 mol dm-3) + HCl,mol/L;Tris-HCl=0.04;D-fructose 6-phosphate=0.00084;D-glucose 6-phosphate=0.00156  ,5.3.1.9, , , , , 
1547,1651.0,233.0,mannose isomerase,kegg:C00159 = kegg:C00095,CHB_4208 = CHB_37721,D-mannose(aq) = D-fructose(aq),Takasaki Y.; Agric. Biol. Chem.; 31 435 (1967).,67TAK2_1342, , ,274.15,7.0,3.1, ,chemical analysis and polarimetry,phosphate (0.05 mol dm-3),mol/L;phosphate buffer=0.05  ,5.3.1.7, , , , , 
1548,1652.0,234.0,mannose isomerase,kegg:C00159 = kegg:C00095,CHB_4208 = CHB_37721,D-mannose(aq) = D-fructose(aq),Takasaki Y.; Agric. Biol. Chem.; 31 435 (1967).,67TAK2_1342, , ,279.15,7.0,3.1, ,chemical analysis and polarimetry,phosphate (0.05 mol dm-3),mol/L;phosphate buffer=0.05  ,5.3.1.7, , , , , 
1549,1653.0,229.0,mannose isomerase,kegg:C00159 = kegg:C00095,CHB_4208 = CHB_37721,D-mannose(aq) = D-fructose(aq),Takasaki Y.; Agric. Biol. Chem.; 31 435 (1967).,67TAK2_1342, , ,284.15,7.0,3, ,chemical analysis and polarimetry,phosphate (0.05 mol dm-3),mol/L;phosphate buffer=0.05  ,5.3.1.7, , , , , 
1550,1654.0,230.0,mannose isomerase,kegg:C00159 = kegg:C00095,CHB_4208 = CHB_37721,D-mannose(aq) = D-fructose(aq),Takasaki Y.; Agric. Biol. Chem.; 31 435 (1967).,67TAK2_1342, , ,298.15,7.0,3, ,chemical analysis and polarimetry,phosphate (0.05 mol dm-3),mol/L;phosphate buffer=0.05  ,5.3.1.7, , , , , 
1551,1655.0,232.0,mannose isomerase,kegg:C00159 = kegg:C00095,CHB_4208 = CHB_37721,D-mannose(aq) = D-fructose(aq),Takasaki Y.; Agric. Biol. Chem.; 31 435 (1967).,67TAK2_1342, , ,308.15,7.0,2.9, ,chemical analysis and polarimetry,phosphate (0.05 mol dm-3),mol/L;phosphate buffer=0.05  ,5.3.1.7, , , , , 
1552,1656.0,231.0,mannose isomerase,kegg:C00159 = kegg:C00095,CHB_4208 = CHB_37721,D-mannose(aq) = D-fructose(aq),Takasaki Y.; Agric. Biol. Chem.; 31 435 (1967).,67TAK2_1342, , ,313.15,7.0,3, ,chemical analysis and polarimetry,phosphate (0.05 mol dm-3),mol/L;phosphate buffer=0.05  ,5.3.1.7, , , , , 
1553,1646.0,813.0,xylose isomerase,kegg:C00031 = kegg:C00095,CHB_4167 = CHB_37721,D-glucose(aq) = D-fructose(aq),Takasaki Y.; Agric. Biol. Chem.; 31 309 (1967).,67TAK_1303, , ,298.15,7.0,0.74, ,chemical analysis and polarimetry,phosphate (0.045 mol dm-3),mol/L;phosphate buffer=0.045;(Mg)1(SO4)1=0.009  ,5.3.1.5, , , , , 
1554,1647.0,816.0,xylose isomerase,kegg:C00031 = kegg:C00095,CHB_4167 = CHB_37721,D-glucose(aq) = D-fructose(aq),Takasaki Y.; Agric. Biol. Chem.; 31 309 (1967).,67TAK_1303, , ,313.15,7.0,0.92, ,chemical analysis and polarimetry,phosphate (0.045 mol dm-3),mol/L;phosphate buffer=0.045;(Mg)1(SO4)1=0.009  ,5.3.1.5, , , , , 
1555,1648.0,814.0,xylose isomerase,kegg:C00031 = kegg:C00095,CHB_4167 = CHB_37721,D-glucose(aq) = D-fructose(aq),Takasaki Y.; Agric. Biol. Chem.; 31 309 (1967).,67TAK_1303, , ,333.15,7.0,1.15, ,chemical analysis and polarimetry,phosphate (0.045 mol dm-3),mol/L;phosphate buffer=0.045;(Mg)1(SO4)1=0.009  ,5.3.1.5, , , , , 
1556,1649.0,815.0,xylose isomerase,kegg:C00031 = kegg:C00095,CHB_4167 = CHB_37721,D-glucose(aq) = D-fructose(aq),Takasaki Y.; Agric. Biol. Chem.; 31 309 (1967).,67TAK_1303, , ,343.15,7.0,1.3, ,chemical analysis and polarimetry,phosphate (0.045 mol dm-3),mol/L;phosphate buffer=0.045;(Mg)1(SO4)1=0.009  ,5.3.1.5, , , , , 
1557,1658.0,132.0,allantoicase,kegg:C00499 + kegg:C00001 = kegg:C00603 + kegg:C00086,CHB_15377 + CHB_17536 = CHB_15412 + CHB_16199,allantoate(aq) + H2O(l) = (-)-ureidoglycolate(aq) + urea(aq),Trijbels F.; Vogels G.D.; Biochim. Biophys. Acta; 132 115 (1967).,67TRI/VOG_1050, , ,303.15,7.5,0.21, ,polarimetry,triethanolamine (0.087 mol dm-3) + HCl,mol/L;triethanolamine-HCl=0.085;(-)-ureidoglycolate=0.106;allantoate=0;urea=1  ,3.5.3.4, , , , , 
1558,1657.0,2529.0,ureidoglycolate lyase,kegg:C00603 = kegg:C00048 + kegg:C00086,CHB_15412 = CHB_16199 + CHB_16891,(-)-ureidoglycolate(aq) = glyoxylate(aq) + urea(aq),Trijbels F.; Vogels G.D.; Biochim. Biophys. Acta; 132 115 (1967).,67TRI/VOG_1227, , ,303.15,7.5,0.14, ,polarimetry,triethanolamine (0.07 mol dm-3) + HCl,mol/L;triethanolamine-HCl=0.07;(Zn)1(SO4)1=0.01;glyoxylate=0.06;urea=0.06;(-)-ureidoglycolate=0.027;(Na)1=0.067  ,4.3.2.3, , , , , 
1559,1659.0,937.0,methylenetetrahydrofolate dehydrogenase (NADP+),kegg:C00143 + kegg:C00006 = kegg:C00445 + kegg:C00005,CHB_18009 + CHB_1989 = CHB_15638 + CHB_16474,"5,10-methylenetetrahydrofolate(aq) + NADP(aq) = 5,10-methenyltetrahydrofolate(aq) + NADPH(aq)",Uyeda K.; Rabinowitz J.C.; J. Biol. Chem.; 242 4378 (1967).,67UYE/RAB_301,4383631.0, ,298.15,6.9,0.14, ,spectrophotometry,potassium maleate (0.05 mol dm-3),mol/L;potassium maleate buffer=0.05;2-mercaptoethanol=0.02  ,1.5.1.5, , , , , 
1560,1660,3835.0,histidine ammonia-lyase,kegg:C00135 = kegg:C00785 + kegg:C00014,CHB_15971 = CHB_16134 + CHB_27247,L-histidine(aq) = urocanate(aq) + ammonia(aq),Williams V.R.; Hiroms J.M.; Biochim. Biophys. Acta; 139 214 (1967).,67WIL/HIR_1215, , ,298.15,8.0,3, ,spectrophotometry,Tris (0.033 mol dm-3) + acetate,mol/L;Tris-acetate=0.033;(Mg)1(SO4)1=0.001;EDTA=0.000033;2-mercaptoethanol=0.00067;L-histidine=0.005;ammonia=0.195;urocanate=0.075 _ nan _ ,4.3.1.3, , ,, , 
1561,1664.0,482.0,L-lactate dehydrogenase,kegg:C00186 + kegg:C00003 = kegg:C00022 + kegg:C00004,CHB_15846 + CHB_16651 = CHB_15361 + CHB_16908,(S)-lactate(aq) + NAD(aq) = pyruvate(aq) + NADH(aq),Williamson D.H.; Lund P.; Krebs H.A.; Biochem. J.; 103 514 (1967).,67WIL/LUN_104, , ,311.15,7.0,9.36E-05, ,spectrophotometry,phosphate (0.012 mol dm-3 to 0.10 mol dm-3),mol/L;IS=0.045  ,1.1.1.27, , ,0.045, , 
1562,1663.0,485.0,L-lactate dehydrogenase,kegg:C00186 + kegg:C00003 = kegg:C00022 + kegg:C00004,CHB_15846 + CHB_16651 = CHB_15361 + CHB_16908,(S)-lactate(aq) + NAD(aq) = pyruvate(aq) + NADH(aq),Williamson D.H.; Lund P.; Krebs H.A.; Biochem. J.; 103 514 (1967).,67WIL/LUN_104, , ,311.15,7.0,9.67E-05, ,spectrophotometry,phosphate (0.012 mol dm-3 to 0.10 mol dm-3),mol/L;IS=0.077  ,1.1.1.27, , ,0.077, , 
1563,1662.0,483.0,L-lactate dehydrogenase,kegg:C00186 + kegg:C00003 = kegg:C00022 + kegg:C00004,CHB_15846 + CHB_16651 = CHB_15361 + CHB_16908,(S)-lactate(aq) + NAD(aq) = pyruvate(aq) + NADH(aq),Williamson D.H.; Lund P.; Krebs H.A.; Biochem. J.; 103 514 (1967).,67WIL/LUN_104, , ,311.15,7.0,0.0001023, ,spectrophotometry,phosphate (0.012 mol dm-3 to 0.10 mol dm-3),mol/L;IS=0.138  ,1.1.1.27, , ,0.138, , 
1564,1661.0,484.0,L-lactate dehydrogenase,kegg:C00186 + kegg:C00003 = kegg:C00022 + kegg:C00004,CHB_15846 + CHB_16651 = CHB_15361 + CHB_16908,(S)-lactate(aq) + NAD(aq) = pyruvate(aq) + NADH(aq),Williamson D.H.; Lund P.; Krebs H.A.; Biochem. J.; 103 514 (1967).,67WIL/LUN_104, , ,311.15,7.0,0.000111, ,spectrophotometry,phosphate (0.012 mol dm-3 to 0.10 mol dm-3),mol/L;IS=0.258  ,1.1.1.27, , ,0.258, , 
1565,1665.0,1215.0,3-hydroxybutyrate dehydrogenase,kegg:C01089 + kegg:C00003 = kegg:C00164 + kegg:C00004,CHB_10983 + CHB_15846 = CHB_13705 + CHB_16908,(R)-3-hydroxybutanoate(aq) + NAD(aq) = 3-oxobutanoate(aq) + NADH(aq),Williamson D.H.; Lund P.; Krebs H.A.; Biochem. J.; 103 514 (1967).,67WIL/LUN_120, , ,311.15,7.0,0.0494, ,spectrophotometry,phosphate (0.0125 mol dm-3 to 0.10 mol dm-3),mol/L;IS=0.255  ,1.1.1.30, , ,0.255, , 
1566,1666.0,1212.0,3-hydroxybutyrate dehydrogenase,kegg:C01089 + kegg:C00003 = kegg:C00164 + kegg:C00004,CHB_10983 + CHB_15846 = CHB_13705 + CHB_16908,(R)-3-hydroxybutanoate(aq) + NAD(aq) = 3-oxobutanoate(aq) + NADH(aq),Williamson D.H.; Lund P.; Krebs H.A.; Biochem. J.; 103 514 (1967).,67WIL/LUN_120, , ,311.15,7.04,0.0526, ,spectrophotometry,phosphate (0.0125 mol dm-3 to 0.10 mol dm-3),mol/L;IS=0.134  ,1.1.1.30, , ,0.134, , 
1567,1667.0,1213.0,3-hydroxybutyrate dehydrogenase,kegg:C01089 + kegg:C00003 = kegg:C00164 + kegg:C00004,CHB_10983 + CHB_15846 = CHB_13705 + CHB_16908,(R)-3-hydroxybutanoate(aq) + NAD(aq) = 3-oxobutanoate(aq) + NADH(aq),Williamson D.H.; Lund P.; Krebs H.A.; Biochem. J.; 103 514 (1967).,67WIL/LUN_120, , ,311.15,7.09,0.0561, ,spectrophotometry,phosphate (0.0125 mol dm-3 to 0.10 mol dm-3),mol/L;IS=0.073  ,1.1.1.30, , ,0.073, , 
1568,1668.0,1214.0,3-hydroxybutyrate dehydrogenase,kegg:C01089 + kegg:C00003 = kegg:C00164 + kegg:C00004,CHB_10983 + CHB_15846 = CHB_13705 + CHB_16908,(R)-3-hydroxybutanoate(aq) + NAD(aq) = 3-oxobutanoate(aq) + NADH(aq),Williamson D.H.; Lund P.; Krebs H.A.; Biochem. J.; 103 514 (1967).,67WIL/LUN_120, , ,311.15,7.1,0.0482, ,spectrophotometry,phosphate (0.0125 mol dm-3 to 0.10 mol dm-3),mol/L;IS=0.042  ,1.1.1.30, , ,0.042, , 
1569,1669.0,1517.0,malate dehydrogenase,kegg:C00149 + kegg:C00003 = kegg:C00036 + kegg:C00004,CHB_15589 + CHB_15846 = CHB_16452 + CHB_16908,(S)-malate(aq) + NAD(aq) = oxaloacetate(aq) + NADH(aq),Williamson D.H.; Lund P.; Krebs H.A.; Biochem. J.; 103 514 (1967).,67WIL/LUN_134,4291787.0,10.1042/bj1030514,311.15,7.0,2.78E-05, ,spectrophotometry,phosphate,mol/L;IS=0.25  ,1.1.1.37, , ,0.25, , 
1570,1681.0,2506.0,adenosine deaminase,kegg:C00212 + kegg:C00001 = kegg:C00294 + kegg:C00014,CHB_15377 + CHB_16335 = CHB_16134 + CHB_17596,adenosine(aq) + H2O(l) = inosine(aq) + ammonia(aq),Wolfenden R.; J. Biol. Chem.; 242 4711 (1967).,67WOL_1052,6061417.0, ,298.15,10.18,908, ,radioactivity,ammonia + HCl,   ,3.5.4.4, , , , , 
1571,1684.0,2509.0,adenosine deaminase,kegg:C00212 + kegg:C00001 = kegg:C00294 + kegg:C00014,CHB_15377 + CHB_16335 = CHB_16134 + CHB_17596,adenosine(aq) + H2O(l) = inosine(aq) + ammonia(aq),Wolfenden R.; J. Biol. Chem.; 242 4711 (1967).,67WOL_1052,6061417.0, ,298.15,6.5,2231, ,radioactivity,ammonia + HCl,   ,3.5.4.4, , , , , 
1572,1685.0,2502.0,adenosine deaminase,kegg:C00212 + kegg:C00001 = kegg:C00294 + kegg:C00014,CHB_15377 + CHB_16335 = CHB_16134 + CHB_17596,adenosine(aq) + H2O(l) = inosine(aq) + ammonia(aq),Wolfenden R.; J. Biol. Chem.; 242 4711 (1967).,67WOL_1052,6061417.0, ,298.15,6.53,8333, ,radioactivity,ammonia + HCl,   ,3.5.4.4, , , , , 
1573,1682.0,2503.0,adenosine deaminase,kegg:C00212 + kegg:C00001 = kegg:C00294 + kegg:C00014,CHB_15377 + CHB_16335 = CHB_16134 + CHB_17596,adenosine(aq) + H2O(l) = inosine(aq) + ammonia(aq),Wolfenden R.; J. Biol. Chem.; 242 4711 (1967).,67WOL_1052,6061417.0, ,298.15,7.5,1175, ,radioactivity,ammonia + HCl,   ,3.5.4.4, , , , , 
1574,1680.0,2515.0,adenosine deaminase,kegg:C00212 + kegg:C00001 = kegg:C00294 + kegg:C00014,CHB_15377 + CHB_16335 = CHB_16134 + CHB_17596,adenosine(aq) + H2O(l) = inosine(aq) + ammonia(aq),Wolfenden R.; J. Biol. Chem.; 242 4711 (1967).,67WOL_1052,6061417.0, ,298.15,8.12,587, ,radioactivity,ammonia + HCl,   ,3.5.4.4, , , , , 
1575,1674.0,2504.0,adenosine deaminase,kegg:C00212 + kegg:C00001 = kegg:C00294 + kegg:C00014,CHB_15377 + CHB_16335 = CHB_16134 + CHB_17596,adenosine(aq) + H2O(l) = inosine(aq) + ammonia(aq),Wolfenden R.; J. Biol. Chem.; 242 4711 (1967).,67WOL_1052,6061417.0, ,298.15,8.52,255, ,radioactivity,ammonia + HCl,   ,3.5.4.4, , , , , 
1576,1672.0,2512.0,adenosine deaminase,kegg:C00212 + kegg:C00001 = kegg:C00294 + kegg:C00014,CHB_15377 + CHB_16335 = CHB_16134 + CHB_17596,adenosine(aq) + H2O(l) = inosine(aq) + ammonia(aq),Wolfenden R.; J. Biol. Chem.; 242 4711 (1967).,67WOL_1052,6061417.0, ,298.15,8.88,212, ,radioactivity,ammonia + HCl,   ,3.5.4.4, , , , , 
1577,1679.0,2511.0,adenosine deaminase,kegg:C00212 + kegg:C00001 = kegg:C00294 + kegg:C00014,CHB_15377 + CHB_16335 = CHB_16134 + CHB_17596,adenosine(aq) + H2O(l) = inosine(aq) + ammonia(aq),Wolfenden R.; J. Biol. Chem.; 242 4711 (1967).,67WOL_1052,6061417.0, ,298.15,9.13,352, ,radioactivity,ammonia + HCl,   ,3.5.4.4, , , , , 
1578,1673.0,2508.0,adenosine deaminase,kegg:C00212 + kegg:C00001 = kegg:C00294 + kegg:C00014,CHB_15377 + CHB_16335 = CHB_16134 + CHB_17596,adenosine(aq) + H2O(l) = inosine(aq) + ammonia(aq),Wolfenden R.; J. Biol. Chem.; 242 4711 (1967).,67WOL_1052,6061417.0, ,298.15,9.16,242, ,radioactivity,ammonia + HCl,   ,3.5.4.4, , , , , 
1579,1675.0,2507.0,adenosine deaminase,kegg:C00212 + kegg:C00001 = kegg:C00294 + kegg:C00014,CHB_15377 + CHB_16335 = CHB_16134 + CHB_17596,adenosine(aq) + H2O(l) = inosine(aq) + ammonia(aq),Wolfenden R.; J. Biol. Chem.; 242 4711 (1967).,67WOL_1052,6061417.0, ,298.15,9.16,267, ,radioactivity,ammonia + HCl,   ,3.5.4.4, , , , , 
1580,1677.0,2516.0,adenosine deaminase,kegg:C00212 + kegg:C00001 = kegg:C00294 + kegg:C00014,CHB_15377 + CHB_16335 = CHB_16134 + CHB_17596,adenosine(aq) + H2O(l) = inosine(aq) + ammonia(aq),Wolfenden R.; J. Biol. Chem.; 242 4711 (1967).,67WOL_1052,6061417.0, ,298.15,9.16,318, ,radioactivity,ammonia + HCl,   ,3.5.4.4, , , , , 
1581,1678.0,2514.0,adenosine deaminase,kegg:C00212 + kegg:C00001 = kegg:C00294 + kegg:C00014,CHB_15377 + CHB_16335 = CHB_16134 + CHB_17596,adenosine(aq) + H2O(l) = inosine(aq) + ammonia(aq),Wolfenden R.; J. Biol. Chem.; 242 4711 (1967).,67WOL_1052,6061417.0, ,298.15,9.16,345, ,radioactivity,ammonia + HCl,   ,3.5.4.4, , , , , 
1582,1671.0,2513.0,adenosine deaminase,kegg:C00212 + kegg:C00001 = kegg:C00294 + kegg:C00014,CHB_15377 + CHB_16335 = CHB_16134 + CHB_17596,adenosine(aq) + H2O(l) = inosine(aq) + ammonia(aq),Wolfenden R.; J. Biol. Chem.; 242 4711 (1967).,67WOL_1052,6061417.0, ,298.15,9.23,191, ,radioactivity,ammonia + HCl,   ,3.5.4.4, , , , , 
1583,1683.0,2510.0,adenosine deaminase,kegg:C00212 + kegg:C00001 = kegg:C00294 + kegg:C00014,CHB_15377 + CHB_16335 = CHB_16134 + CHB_17596,adenosine(aq) + H2O(l) = inosine(aq) + ammonia(aq),Wolfenden R.; J. Biol. Chem.; 242 4711 (1967).,67WOL_1052,6061417.0, ,298.15,9.32,1321, ,radioactivity,ammonia + HCl,   ,3.5.4.4, , , , , 
1584,1676.0,2505.0,adenosine deaminase,kegg:C00212 + kegg:C00001 = kegg:C00294 + kegg:C00014,CHB_15377 + CHB_16335 = CHB_16134 + CHB_17596,adenosine(aq) + H2O(l) = inosine(aq) + ammonia(aq),Wolfenden R.; J. Biol. Chem.; 242 4711 (1967).,67WOL_1052,6061417.0, ,298.15,9.71,302, ,radioactivity,ammonia + HCl,   ,3.5.4.4, , , , , 
1585,,546.0,alkaline phosphatase,kegg:C00013 + kegg:C00001 = 2 kegg:C00009, ,pyrophosphate(aq) + H2O(l) = 2 orthophosphate(aq),Wu C.-H.; Witonsky R.J.; George P.; Rutman R.J.; J. Am. Chem. Soc.; 89 1987 (1967).,67WU/WIT_811, , ,298.15,6.76, , ,calorimetry,none, ,3.1.3.1, , , , ,-15.5
1586,,547.0,alkaline phosphatase,kegg:C00013 + kegg:C00001 = 2 kegg:C00009, ,pyrophosphate(aq) + H2O(l) = 2 orthophosphate(aq),Wu C.-H.; Witonsky R.J.; George P.; Rutman R.J.; J. Am. Chem. Soc.; 89 1987 (1967).,67WU/WIT_811, , ,298.15,6.88, , ,calorimetry,none, ,3.1.3.1, , , , ,-14.6
1587,,549.0,alkaline phosphatase,kegg:C00013 + kegg:C00001 = 2 kegg:C00009, ,pyrophosphate(aq) + H2O(l) = 2 orthophosphate(aq),Wu C.-H.; Witonsky R.J.; George P.; Rutman R.J.; J. Am. Chem. Soc.; 89 1987 (1967).,67WU/WIT_811, , ,298.15,6.89, , ,calorimetry,none, ,3.1.3.1, , , , ,-16.3
1588,,548.0,alkaline phosphatase,kegg:C00013 + kegg:C00001 = 2 kegg:C00009, ,pyrophosphate(aq) + H2O(l) = 2 orthophosphate(aq),Wu C.-H.; Witonsky R.J.; George P.; Rutman R.J.; J. Am. Chem. Soc.; 89 1987 (1967).,67WU/WIT_811, , ,298.15,6.93, , ,calorimetry,none, ,3.1.3.1, , , , ,-14.6
1589,1687.0,3385.0,carnitine dehydrogenase,kegg:C00318 + kegg:C00003 = kegg:C02636 + kegg:C00004,CHB_15846 + CHB_16347 = CHB_16758 + CHB_16908,L-carnitine(aq) + NAD(aq) = 3-dehydrocarnitine(aq) + NADH(aq),Aurich H.; Kleber H.-P.; Sorger H.; Tauchert H.; Eur. J. Biochem.; 6 196 (1968).,68AUR/KLE_209,4302217.0,10.1111/j.1432-1033.1968.tb00437.x,303.15,7.0,0.00013, ,spectrophotometry,Tris (0.05 mol dm-3) + HCl,mol/L;Tris-HCl=0.05  ,1.1.1.108, , , , , 
1590,1686.0,3386.0,carnitine dehydrogenase,kegg:C00318 + kegg:C00003 = kegg:C02636 + kegg:C00004,CHB_15846 + CHB_16347 = CHB_16758 + CHB_16908,L-carnitine(aq) + NAD(aq) = 3-dehydrocarnitine(aq) + NADH(aq),Aurich H.; Kleber H.-P.; Sorger H.; Tauchert H.; Eur. J. Biochem.; 6 196 (1968).,68AUR/KLE_209,4302217.0,10.1111/j.1432-1033.1968.tb00437.x,303.15,8.0,0.0013, ,spectrophotometry,Tris (0.05 mol dm-3) + HCl,mol/L;Tris-HCl=0.05  ,1.1.1.108, , , , , 
1591,1688.0,3387.0,carnitine dehydrogenase,kegg:C00318 + kegg:C00003 = kegg:C02636 + kegg:C00004,CHB_15846 + CHB_16347 = CHB_16758 + CHB_16908,L-carnitine(aq) + NAD(aq) = 3-dehydrocarnitine(aq) + NADH(aq),Aurich H.; Kleber H.-P.; Sorger H.; Tauchert H.; Eur. J. Biochem.; 6 196 (1968).,68AUR/KLE_209,4302217.0,10.1111/j.1432-1033.1968.tb00437.x,303.15,9.0,0.013, ,spectrophotometry,Tris (0.05 mol dm-3) + HCl,mol/L;Tris-HCl=0.05  ,1.1.1.108, , , , , 
1592,1689.0,415.0,glucose dehydrogenase (NADP+),kegg:C00031 + kegg:C00006 = kegg:C00198 + kegg:C00005,CHB_18009 + CHB_4167 = CHB_16217 + CHB_16474,"D-glucose(aq) + NADP(aq) = D-glucono-1,5-lactone(aq) + NADPH(aq)",Avigad G.; Alroy Y.; Englard S.; J. Biol. Chem.; 243 1936 (1968).,68AVI/ALR_212,4384672.0, ,303.15,6.13,0.297, ,spectrophotometry,phosphate (0.1 mol dm-3),mol/L;phosphate buffer=0.1  ,1.1.1.119, , , , , 
1593,1690.0,417.0,glucose dehydrogenase (NADP+),kegg:C00031 + kegg:C00006 = kegg:C00198 + kegg:C00005,CHB_18009 + CHB_4167 = CHB_16217 + CHB_16474,"D-glucose(aq) + NADP(aq) = D-glucono-1,5-lactone(aq) + NADPH(aq)",Avigad G.; Alroy Y.; Englard S.; J. Biol. Chem.; 243 1936 (1968).,68AVI/ALR_212,4384672.0, ,303.15,6.55,1.13, ,spectrophotometry,phosphate (0.1 mol dm-3),mol/L;phosphate buffer=0.1  ,1.1.1.119, , , , , 
1594,1691.0,416.0,glucose dehydrogenase (NADP+),kegg:C00031 + kegg:C00006 = kegg:C00198 + kegg:C00005,CHB_18009 + CHB_4167 = CHB_16217 + CHB_16474,"D-glucose(aq) + NADP(aq) = D-glucono-1,5-lactone(aq) + NADPH(aq)",Avigad G.; Alroy Y.; Englard S.; J. Biol. Chem.; 243 1936 (1968).,68AVI/ALR_212,4384672.0, ,303.15,6.93,3.52, ,spectrophotometry,phosphate (0.1 mol dm-3),mol/L;phosphate buffer=0.1  ,1.1.1.119, , , , , 
1595,1694.0, ,pyridoxamine-pyruvate transaminase, ,CHB_15361 + PBC_12486188 = CHB_16977 + PBC_164889,5-deoxypyridoxamine(aq) + pyruvate(aq) = 5-deoxypyridoxal(aq) + L-alanine(aq),Ayling J.E.; Snell E.E.; Biochemistry; 7 1626 (1968).,68AYL/SNE2_528, , ,298.15,8.85,0.17, ,spectrophotometry,sodium pyrophosphate (0.05 mol dm-3),mol/L;sodium pyrophosphate buffer=0.05  ,2.6.1.30, , , , , 
1596,1696.0, ,pyridoxamine-pyruvate transaminase, ,CHB_15361 + PBC_15850356 = CHB_16977 + MAN_10062,3-hydroxy-4-aminomethylpyridine(aq) + pyruvate(aq) = 3-hydroxypyridine-4-aldehyde(aq) + L-alanine(aq),Ayling J.E.; Snell E.E.; Biochemistry; 7 1626 (1968).,68AYL/SNE2_529, , ,298.15,8.85,0.7, ,spectrophotometry,sodium pyrophosphate (0.05 mol dm-3),mol/L;sodium pyrophosphate buffer=0.05  ,2.6.1.30, , , , , 
1597,1693.0, ,pyridoxamine-pyruvate transaminase, ,CHB_15361 + MAN_10134 = CHB_16977 + MAN_10135,Î¿-methylpyridoxamine(aq) + pyruvate(aq) = Î¿-methylpyridoxal(aq) + L-alanine(aq),Ayling J.E.; Snell E.E.; Biochemistry; 7 1626 (1968).,68AYL/SNE2_530, , ,298.15,8.85,1.26, ,spectrophotometry,sodium pyrophosphate (0.05 mol dm-3),mol/L;sodium pyrophosphate buffer=0.05  ,2.6.1.30, , , , , 
1598,1695.0, ,pyridoxamine-pyruvate transaminase, ,CHB_15361 + MAN_10058 = CHB_16977 + MAN_10057,norpyridoxamine(aq) + pyruvate(aq) = norpyridoxal(aq) + L-alanine(aq),Ayling J.E.; Snell E.E.; Biochemistry; 7 1626 (1968).,68AYL/SNE2_531,5650371.0,10.1021/bi00845a003,298.15,8.85,1.96, ,spectrophotometry,sodium pyrophosphate (0.05 mol dm-3),mol/L;sodium pyrophosphate buffer=0.05  ,2.6.1.30, , , , , 
1599,1692.0,1553.0,pyridoxamine-pyruvate transaminase,kegg:C00534 + kegg:C00022 = kegg:C00250 + kegg:C00041,CHB_15361 + CHB_16410 = CHB_16977 + CHB_17310,pyridoxamine(aq) + pyruvate(aq) = pyridoxal(aq) + L-alanine(aq),Ayling J.E.; Snell E.E.; Biochemistry; 7 1616 (1968).,68AYL/SNE_532,5650370.0,10.1021/bi00845a002,298.15,8.85,1.21, ,spectrophotometry,sodium pyrophosphate (0.05 mol dm-3),mol/L;sodium pyrophosphate buffer=0.05  ,2.6.1.30, , , , , 
1600,1697.0,4405.0,aspartate ammonia-lyase,kegg:C00049 = kegg:C00122 + kegg:C00014,CHB_29991 = CHB_16134 + CHB_29806,L-aspartate(aq) = fumarate(aq) + ammonia(aq),Bada J.L.; Miller S.L.; Biochemistry; 7 3403 (1968).,68BAD/MIL_1211,5681454.0,10.1021/bi00850a014,278.05,7.0, ,0.00215,"amino acid analysis, Conway diffusion, and UV absorption",Hepes Mes Tris and phosphate,mol/kg;IS=0.1  ,4.3.1.1, , ,0.1,0.1, 
1601,1698.0,4406.0,aspartate ammonia-lyase,kegg:C00049 = kegg:C00122 + kegg:C00014,CHB_29991 = CHB_16134 + CHB_29806,L-aspartate(aq) = fumarate(aq) + ammonia(aq),Bada J.L.; Miller S.L.; Biochemistry; 7 3403 (1968).,68BAD/MIL_1211,5681454.0,10.1021/bi00850a014,288.45,7.0, ,0.00307,"amino acid analysis, Conway diffusion, and UV absorption",Hepes Mes Tris and phosphate,mol/kg;IS=0.1  ,4.3.1.1, , ,0.1,0.1, 
1602,1699.0,4407.0,aspartate ammonia-lyase,kegg:C00049 = kegg:C00122 + kegg:C00014,CHB_29991 = CHB_16134 + CHB_29806,L-aspartate(aq) = fumarate(aq) + ammonia(aq),Bada J.L.; Miller S.L.; Biochemistry; 7 3403 (1968).,68BAD/MIL_1211,5681454.0,10.1021/bi00850a014,300.55,7.0, ,0.00511,"amino acid analysis, Conway diffusion, and UV absorption",Hepes Mes Tris and phosphate,mol/kg;IS=0.1  ,4.3.1.1, , ,0.1,0.1, 
1603,1704.0,4408.0,aspartate ammonia-lyase,kegg:C00049 = kegg:C00122 + kegg:C00014,CHB_29991 = CHB_16134 + CHB_29806,L-aspartate(aq) = fumarate(aq) + ammonia(aq),Bada J.L.; Miller S.L.; Biochemistry; 7 3403 (1968).,68BAD/MIL_1211,5681454.0,10.1021/bi00850a014,309.45,5.7, ,0.0071,"amino acid analysis, Conway diffusion, and UV absorption",Hepes Mes Tris and phosphate,mol/kg;IS=0.1  ,4.3.1.1, , ,0.1,0.1, 
1604,1701.0,4409.0,aspartate ammonia-lyase,kegg:C00049 = kegg:C00122 + kegg:C00014,CHB_29991 = CHB_16134 + CHB_29806,L-aspartate(aq) = fumarate(aq) + ammonia(aq),Bada J.L.; Miller S.L.; Biochemistry; 7 3403 (1968).,68BAD/MIL_1211,5681454.0,10.1021/bi00850a014,309.45,7.0, ,0.0067,"amino acid analysis, Conway diffusion, and UV absorption",Hepes Mes Tris and phosphate,mol/kg;IS=0.1  ,4.3.1.1, , ,0.1,0.1, 
1605,1702.0,4410.0,aspartate ammonia-lyase,kegg:C00049 = kegg:C00122 + kegg:C00014,CHB_29991 = CHB_16134 + CHB_29806,L-aspartate(aq) = fumarate(aq) + ammonia(aq),Bada J.L.; Miller S.L.; Biochemistry; 7 3403 (1968).,68BAD/MIL_1211,5681454.0,10.1021/bi00850a014,309.45,7.0, ,0.0067,"amino acid analysis, Conway diffusion, and UV absorption",Hepes Mes Tris and phosphate,mol/kg;IS=0.1  ,4.3.1.1, , ,0.1,0.1, 
1606,1703.0,4412.0,aspartate ammonia-lyase,kegg:C00049 = kegg:C00122 + kegg:C00014,CHB_29991 = CHB_16134 + CHB_29806,L-aspartate(aq) = fumarate(aq) + ammonia(aq),Bada J.L.; Miller S.L.; Biochemistry; 7 3403 (1968).,68BAD/MIL_1211,5681454.0,10.1021/bi00850a014,309.45,7.0, ,0.00673,"amino acid analysis, Conway diffusion, and UV absorption",Hepes Mes Tris and phosphate,mol/kg;IS=0.1  ,4.3.1.1, , ,0.1,0.1, 
1607,1705.0,4413.0,aspartate ammonia-lyase,kegg:C00049 = kegg:C00122 + kegg:C00014,CHB_29991 = CHB_16134 + CHB_29806,L-aspartate(aq) = fumarate(aq) + ammonia(aq),Bada J.L.; Miller S.L.; Biochemistry; 7 3403 (1968).,68BAD/MIL_1211,5681454.0,10.1021/bi00850a014,309.45,7.0, ,0.0091,"amino acid analysis, Conway diffusion, and UV absorption",Hepes Mes Tris and phosphate,mol/kg;IS=0.3  ,4.3.1.1, , ,0.3,0.3, 
1608,1706.0,4414.0,aspartate ammonia-lyase,kegg:C00049 = kegg:C00122 + kegg:C00014,CHB_29991 = CHB_16134 + CHB_29806,L-aspartate(aq) = fumarate(aq) + ammonia(aq),Bada J.L.; Miller S.L.; Biochemistry; 7 3403 (1968).,68BAD/MIL_1211,5681454.0,10.1021/bi00850a014,309.45,7.0, ,0.0098,"amino acid analysis, Conway diffusion, and UV absorption",Hepes Mes Tris and phosphate,mol/kg;IS=0.52  ,4.3.1.1, , ,0.52,0.52, 
1609,1707.0,4415.0,aspartate ammonia-lyase,kegg:C00049 = kegg:C00122 + kegg:C00014,CHB_29991 = CHB_16134 + CHB_29806,L-aspartate(aq) = fumarate(aq) + ammonia(aq),Bada J.L.; Miller S.L.; Biochemistry; 7 3403 (1968).,68BAD/MIL_1211,5681454.0,10.1021/bi00850a014,309.45,7.0, ,0.0098,"amino acid analysis, Conway diffusion, and UV absorption",Hepes Mes Tris and phosphate,mol/kg;IS=0.73  ,4.3.1.1, , ,0.73,0.73, 
1610,1700.0,4411.0,aspartate ammonia-lyase,kegg:C00049 = kegg:C00122 + kegg:C00014,CHB_29991 = CHB_16134 + CHB_29806,L-aspartate(aq) = fumarate(aq) + ammonia(aq),Bada J.L.; Miller S.L.; Biochemistry; 7 3403 (1968).,68BAD/MIL_1211,5681454.0,10.1021/bi00850a014,309.45,7.7, ,0.0064,"amino acid analysis, Conway diffusion, and UV absorption",Hepes Mes Tris and phosphate,mol/kg;IS=0.1  ,4.3.1.1, , ,0.1,0.1, 
1611,,4123.0,glucoside 3-dehydrogenase,kegg:C00243 + 2 kegg:C00125 = kegg:C05403 + 2 kegg:C00126, ,lactose(aq) + 2 cytochrome c(aq) = 3-oxolactose(aq) + 2 reduced cytochrome c(aq),Van Beeumen J.; DeLey J.; Eur. J. Biochem; 6 331 (1968).,68BEE/DEL_236, , ,298.15,5.92,6.3, ,spectrophotometry,citrate-phosphate (0.1 mol dm-3), ,1.1.99.13, , , , , 
1612,1708.0,2406.0,adenylate kinase,2 kegg:C00008 = kegg:C00020 + kegg:C00002,2 CHB_16761 = CHB_15422 + CHB_16027,2 ADP(aq) = AMP(aq) + ATP(aq),Bomsel J.; Pradet A.; Biochim. Biophys. Acta; 162 230 (1968).,68BOM/PRA_643, , ,298.15, ,0.5, ,chromatography and radioactivity, ,   ,2.7.4.3, , , , , 
1613,1709.0,2304.0,alanine aminotransferase,kegg:C00041 + kegg:C00026 = kegg:C00022 + kegg:C00025,CHB_16810 + CHB_16977 = CHB_15361 + CHB_29985,L-alanine(aq) + 2-oxoglutarate(aq) = pyruvate(aq) + L-glutamate(aq),"Brosnan J.T.; ""Studies Related to Ammonia Metabolism in Animal Tissues""; Thesis Oxford University (1968).",68BRO_511, , ,311.15,7.0,0.68, ,spectrophotometry,phosphate (0.1 mol dm-3),mol/L;IS=0.25;phosphate buffer=0.1  ,2.6.1.2, , ,0.25, , 
1614,1710.0,3872.0,triose-phosphate isomerase,kegg:C00118 = kegg:C00111,CHB_29052 = CHB_16108,D-glyceraldehyde 3-phosphate(aq) = glycerone phosphate(aq),Burton P.M.; Waley S.G.; Biochim. Biophys. Acta; 151 714 (1968).,68BUR/WAL_1284, , ,298.15,7.8,22, ,enzymatic assay,triethanolamine (0.021 mol dm-3),mol/L;triethanolamine-HCl=0.02  ,5.3.1.1, , , , , 
1615,1711.0,4472.0,glucose-6-phosphate isomerase,kegg:C00092 = kegg:C00085,CHB_4170 = CHB_61553,D-glucose 6-phosphate(aq) = D-fructose 6-phosphate(aq),Dyson J.E.D.; Noltmann E.A.; J. Biol. Chem.; 243 1401 (1968).,68DYS/NOL_1358,5647261.0, ,273.3,8.5,0.19, ,spectrophotometry,Tris (0.050 mol dm-3) + HCl,mol/L;IS=0.12  ,5.3.1.9, , ,0.12, , 
1616,1712.0,4473.0,glucose-6-phosphate isomerase,kegg:C00092 = kegg:C00085,CHB_4170 = CHB_61553,D-glucose 6-phosphate(aq) = D-fructose 6-phosphate(aq),Dyson J.E.D.; Noltmann E.A.; J. Biol. Chem.; 243 1401 (1968).,68DYS/NOL_1358,5647261.0, ,274.9,8.5,0.19, ,spectrophotometry,Tris (0.050 mol dm-3) + HCl,mol/L;IS=0.12  ,5.3.1.9, , ,0.12, , 
1617,1713.0,4474.0,glucose-6-phosphate isomerase,kegg:C00092 = kegg:C00085,CHB_4170 = CHB_61553,D-glucose 6-phosphate(aq) = D-fructose 6-phosphate(aq),Dyson J.E.D.; Noltmann E.A.; J. Biol. Chem.; 243 1401 (1968).,68DYS/NOL_1358,5647261.0, ,278.2,8.5,0.2, ,spectrophotometry,Tris (0.050 mol dm-3) + HCl,mol/L;IS=0.12  ,5.3.1.9, , ,0.12, , 
1618,1714.0,4488.0,glucose-6-phosphate isomerase,kegg:C00092 = kegg:C00085,CHB_4170 = CHB_61553,D-glucose 6-phosphate(aq) = D-fructose 6-phosphate(aq),Dyson J.E.D.; Noltmann E.A.; J. Biol. Chem.; 243 1401 (1968).,68DYS/NOL_1358,5647261.0, ,279.3,8.5,0.2, ,spectrophotometry,Tris (0.050 mol dm-3) + HCl,mol/L;IS=0.12  ,5.3.1.9, , ,0.12, , 
1619,1715.0,4475.0,glucose-6-phosphate isomerase,kegg:C00092 = kegg:C00085,CHB_4170 = CHB_61553,D-glucose 6-phosphate(aq) = D-fructose 6-phosphate(aq),Dyson J.E.D.; Noltmann E.A.; J. Biol. Chem.; 243 1401 (1968).,68DYS/NOL_1358,5647261.0, ,283.4,8.5,0.22, ,spectrophotometry,Tris (0.050 mol dm-3) + HCl,mol/L;IS=0.12  ,5.3.1.9, , ,0.12, , 
1620,1716.0,4492.0,glucose-6-phosphate isomerase,kegg:C00092 = kegg:C00085,CHB_4170 = CHB_61553,D-glucose 6-phosphate(aq) = D-fructose 6-phosphate(aq),Dyson J.E.D.; Noltmann E.A.; J. Biol. Chem.; 243 1401 (1968).,68DYS/NOL_1358,5647261.0, ,284.7,8.5,0.22, ,spectrophotometry,Tris (0.050 mol dm-3) + HCl,mol/L;IS=0.12  ,5.3.1.9, , ,0.12, , 
1621,1718.0,4486.0,glucose-6-phosphate isomerase,kegg:C00092 = kegg:C00085,CHB_4170 = CHB_61553,D-glucose 6-phosphate(aq) = D-fructose 6-phosphate(aq),Dyson J.E.D.; Noltmann E.A.; J. Biol. Chem.; 243 1401 (1968).,68DYS/NOL_1358,5647261.0, ,288.4,8.5,0.24, ,spectrophotometry,Tris (0.050 mol dm-3) + HCl,mol/L;IS=0.12  ,5.3.1.9, , ,0.12, , 
1622,1719.0,4476.0,glucose-6-phosphate isomerase,kegg:C00092 = kegg:C00085,CHB_4170 = CHB_61553,D-glucose 6-phosphate(aq) = D-fructose 6-phosphate(aq),Dyson J.E.D.; Noltmann E.A.; J. Biol. Chem.; 243 1401 (1968).,68DYS/NOL_1358,5647261.0, ,289.9,8.5,0.25, ,spectrophotometry,Tris (0.050 mol dm-3) + HCl,mol/L;IS=0.12  ,5.3.1.9, , ,0.12, , 
1623,1720.0,4477.0,glucose-6-phosphate isomerase,kegg:C00092 = kegg:C00085,CHB_4170 = CHB_61553,D-glucose 6-phosphate(aq) = D-fructose 6-phosphate(aq),Dyson J.E.D.; Noltmann E.A.; J. Biol. Chem.; 243 1401 (1968).,68DYS/NOL_1358,5647261.0, ,293.3,8.5,0.26, ,spectrophotometry,Tris (0.050 mol dm-3) + HCl,mol/L;IS=0.12  ,5.3.1.9, , ,0.12, , 
1624,1721.0,4490.0,glucose-6-phosphate isomerase,kegg:C00092 = kegg:C00085,CHB_4170 = CHB_61553,D-glucose 6-phosphate(aq) = D-fructose 6-phosphate(aq),Dyson J.E.D.; Noltmann E.A.; J. Biol. Chem.; 243 1401 (1968).,68DYS/NOL_1358,5647261.0, ,294.3,8.5,0.26, ,spectrophotometry,Tris (0.050 mol dm-3) + HCl,mol/L;IS=0.12  ,5.3.1.9, , ,0.12, , 
1625,1723.0,4489.0,glucose-6-phosphate isomerase,kegg:C00092 = kegg:C00085,CHB_4170 = CHB_61553,D-glucose 6-phosphate(aq) = D-fructose 6-phosphate(aq),Dyson J.E.D.; Noltmann E.A.; J. Biol. Chem.; 243 1401 (1968).,68DYS/NOL_1358,5647261.0, ,298.2,8.5,0.29, ,spectrophotometry,Tris (0.050 mol dm-3) + HCl,mol/L;IS=0.12  ,5.3.1.9, , ,0.12, , 
1626,1722.0,4478.0,glucose-6-phosphate isomerase,kegg:C00092 = kegg:C00085,CHB_4170 = CHB_61553,D-glucose 6-phosphate(aq) = D-fructose 6-phosphate(aq),Dyson J.E.D.; Noltmann E.A.; J. Biol. Chem.; 243 1401 (1968).,68DYS/NOL_1358,5647261.0, ,299,8.5,0.27, ,spectrophotometry,Tris (0.050 mol dm-3) + HCl,mol/L;IS=0.12  ,5.3.1.9, , ,0.12, , 
1627,1724.0,4479.0,glucose-6-phosphate isomerase,kegg:C00092 = kegg:C00085,CHB_4170 = CHB_61553,D-glucose 6-phosphate(aq) = D-fructose 6-phosphate(aq),Dyson J.E.D.; Noltmann E.A.; J. Biol. Chem.; 243 1401 (1968).,68DYS/NOL_1358,5647261.0, ,303.6,8.5,0.3, ,spectrophotometry,Tris (0.050 mol dm-3) + HCl,mol/L;IS=0.12  ,5.3.1.9, , ,0.12, , 
1628,1725.0,4480.0,glucose-6-phosphate isomerase,kegg:C00092 = kegg:C00085,CHB_4170 = CHB_61553,D-glucose 6-phosphate(aq) = D-fructose 6-phosphate(aq),Dyson J.E.D.; Noltmann E.A.; J. Biol. Chem.; 243 1401 (1968).,68DYS/NOL_1358,5647261.0, ,303.6,8.5,0.31, ,spectrophotometry,Tris (0.050 mol dm-3) + HCl,mol/L;IS=0.12  ,5.3.1.9, , ,0.12, , 
1629,1726.0,4494.0,glucose-6-phosphate isomerase,kegg:C00092 = kegg:C00085,CHB_4170 = CHB_61553,D-glucose 6-phosphate(aq) = D-fructose 6-phosphate(aq),Dyson J.E.D.; Noltmann E.A.; J. Biol. Chem.; 243 1401 (1968).,68DYS/NOL_1358,5647261.0, ,308.2,8.5,0.33, ,spectrophotometry,Tris (0.050 mol dm-3) + HCl,mol/L;IS=0.12  ,5.3.1.9, , ,0.12, , 
1630,1727.0,4481.0,glucose-6-phosphate isomerase,kegg:C00092 = kegg:C00085,CHB_4170 = CHB_61553,D-glucose 6-phosphate(aq) = D-fructose 6-phosphate(aq),Dyson J.E.D.; Noltmann E.A.; J. Biol. Chem.; 243 1401 (1968).,68DYS/NOL_1358,5647261.0, ,308.8,8.5,0.33, ,spectrophotometry,Tris (0.050 mol dm-3) + HCl,mol/L;IS=0.12  ,5.3.1.9, , ,0.12, , 
1631,1729.0,4482.0,glucose-6-phosphate isomerase,kegg:C00092 = kegg:C00085,CHB_4170 = CHB_61553,D-glucose 6-phosphate(aq) = D-fructose 6-phosphate(aq),Dyson J.E.D.; Noltmann E.A.; J. Biol. Chem.; 243 1401 (1968).,68DYS/NOL_1358,5647261.0, ,313.3,8.5,0.36, ,spectrophotometry,Tris (0.050 mol dm-3) + HCl,mol/L;IS=0.12  ,5.3.1.9, , ,0.12, , 
1632,1728.0,4484.0,glucose-6-phosphate isomerase,kegg:C00092 = kegg:C00085,CHB_4170 = CHB_61553,D-glucose 6-phosphate(aq) = D-fructose 6-phosphate(aq),Dyson J.E.D.; Noltmann E.A.; J. Biol. Chem.; 243 1401 (1968).,68DYS/NOL_1358,5647261.0, ,313.7,8.5,0.34, ,spectrophotometry,Tris (0.050 mol dm-3) + HCl,mol/L;IS=0.12  ,5.3.1.9, , ,0.12, , 
1633,1730.0,4483.0,glucose-6-phosphate isomerase,kegg:C00092 = kegg:C00085,CHB_4170 = CHB_61553,D-glucose 6-phosphate(aq) = D-fructose 6-phosphate(aq),Dyson J.E.D.; Noltmann E.A.; J. Biol. Chem.; 243 1401 (1968).,68DYS/NOL_1358,5647261.0, ,317.5,8.5,0.38, ,spectrophotometry,Tris (0.050 mol dm-3) + HCl,mol/L;IS=0.12  ,5.3.1.9, , ,0.12, , 
1634,1731.0,4487.0,glucose-6-phosphate isomerase,kegg:C00092 = kegg:C00085,CHB_4170 = CHB_61553,D-glucose 6-phosphate(aq) = D-fructose 6-phosphate(aq),Dyson J.E.D.; Noltmann E.A.; J. Biol. Chem.; 243 1401 (1968).,68DYS/NOL_1358,5647261.0, ,318.7,8.5,0.38, ,spectrophotometry,Tris (0.050 mol dm-3) + HCl,mol/L;IS=0.12  ,5.3.1.9, , ,0.12, , 
1635,1732.0,4491.0,glucose-6-phosphate isomerase,kegg:C00092 = kegg:C00085,CHB_4170 = CHB_61553,D-glucose 6-phosphate(aq) = D-fructose 6-phosphate(aq),Dyson J.E.D.; Noltmann E.A.; J. Biol. Chem.; 243 1401 (1968).,68DYS/NOL_1358,5647261.0, ,322,8.5,0.41, ,spectrophotometry,Tris (0.050 mol dm-3) + HCl,mol/L;IS=0.12  ,5.3.1.9, , ,0.12, , 
1636,1733.0,4485.0,glucose-6-phosphate isomerase,kegg:C00092 = kegg:C00085,CHB_4170 = CHB_61553,D-glucose 6-phosphate(aq) = D-fructose 6-phosphate(aq),Dyson J.E.D.; Noltmann E.A.; J. Biol. Chem.; 243 1401 (1968).,68DYS/NOL_1358,5647261.0, ,322.8,8.5,0.41, ,spectrophotometry,Tris (0.050 mol dm-3) + HCl,mol/L;IS=0.12  ,5.3.1.9, , ,0.12, , 
1637,1735.0, ,alcohol dehydrogenase, ,CHB_15846 + CHB_87393 = CHB_16908 + CHB_88528,1-hexanol(aq) + NAD(aq) = hexanal(aq) + NADH(aq),Eriksson C.E.; J. Food Sci.; 33 525 (1968).,68ERI_24, , ,298.15,8.3,0.00287, ,spectrophotometry,sodium pyrophosphate (0.01 mol dm-3),mol/L;sodium pyrophosphate buffer=0.01  ,1.1.1.1, , , , , 
1638,1738.0,1550.0,alcohol dehydrogenase,kegg:C08492 + kegg:C00003 = kegg:C16310 + kegg:C00004,CHB_15846 + CHB_28857 = CHB_16908 + CHB_23292,cis-3-hexene-1-ol(aq) + NAD(aq) = cis-3-hexenal(aq) + NADH(aq),Eriksson C.E.; J. Food Sci.; 33 525 (1968).,68ERI_25, , ,298.15,8.3,0.00072, ,spectrophotometry,sodium pyrophosphate (0.01 mol dm-3),mol/L;sodium pyrophosphate buffer=0.01  ,1.1.1.1, , , , , 
1639,1736.0, ,alcohol dehydrogenase, ,CHB_15846 + CHB_35986 = CHB_16908 + CHB_84268,1-nonanol(aq) + NAD(aq) = nonanal(aq) + NADH(aq),Eriksson C.E.; J. Food Sci.; 33 525 (1968).,68ERI_26, , ,298.15,8.3,0.0305, ,spectrophotometry,sodium pyrophosphate (0.01 mol dm-3),mol/L;sodium pyrophosphate buffer=0.01  ,1.1.1.1, , , , , 
1640,1737.0,1549.0,alcohol dehydrogenase,kegg:C00756 + kegg:C00003 = kegg:C01545 + kegg:C00004,CHB_15846 + CHB_16188 = CHB_16908 + CHB_17935,1-octanol(aq) + NAD(aq) = octanal(aq) + NADH(aq),Eriksson C.E.; J. Food Sci.; 33 525 (1968).,68ERI_27, , ,298.15,8.3,0.0011, ,spectrophotometry,sodium pyrophosphate (0.01 mol dm-3),mol/L;sodium pyrophosphate buffer=0.01  ,1.1.1.1, , , , , 
1641,1734.0,2877.0,alcohol dehydrogenase,kegg:C06142 + kegg:C00003 = kegg:C01412 + kegg:C00004,CHB_15846 + CHB_28885 = CHB_15743 + CHB_16908,1-butanol(aq) + NAD(aq) = butanal(aq) + NADH(aq),Eriksson C.E.; J. Food Sci.; 33 525 (1968).,68ERI_3, , ,298.15,8.3,0.0018, ,spectrophotometry,sodium pyrophosphate (0.01 mol dm-3),mol/L;sodium pyrophosphate buffer=0.01  ,1.1.1.1, , , , , 
1642,1739.0, ,alcohol dehydrogenase, ,CHB_15846 + PBC_5318042 = CHB_16908 + PBC_5281168,trans-2-hexene-1-ol(aq) + NAD(aq) = trans-2-hexenal(aq) + NADH(aq),Eriksson C.E.; J. Food Sci.; 33 525 (1968).,68ERI_34, , ,298.15,8.3,0.283, ,spectrophotometry,sodium pyrophosphate (0.01 mol dm-3),mol/L;sodium pyrophosphate buffer=0.01  ,1.1.1.1, , , , , 
1643,1740.0,863.0,"pyruvate,orthophosphate dikinase",kegg:C00002 + kegg:C00022 + kegg:C00009 = kegg:C00020 + kegg:C00074 + kegg:C00013,CHB_15361 + CHB_15422 + CHB_26078 = CHB_16027 + CHB_18021 + CHB_18361,ATP(aq) + pyruvate(aq) + orthophosphate(aq) = AMP(aq) + phosphoenolpyruvate(aq) + pyrophosphate(aq),Hatch M.D.; Slack C.R.; Biochem. J.; 106 141 (1968).,68HAT/SLA_712,4305612.0,10.1042/bj1060141,295.15,8.3,0.0002, , ,Tris (0.038 mol dm-3) + HCl,mol/L;Tris-HCl=0.0375;(Na)1=0.01475;(Mg)1(Cl)2=0.015;ATP=0.0035;pyruvate=0.01475;orthophosphate=0.001;AMP=0;phosphoenolpyruvate=0;pyrophosphate=0  ,2.7.9.1, , , , , 
1644,1755.0,2155.0,phenylalanine ammonia-lyase,kegg:C00079 = kegg:C00423 + kegg:C00014,CHB_17295 = CHB_16134 + CHB_35697,L-phenylalanine(aq) = trans-cinnamate(aq) + ammonia(aq),Havir E.A.; Hanson K.R.; Biochemistry; 7 1904 (1968).,68HAV/HAN_1219,5655435.0,10.1021/bi00845a039,303.15,6.8,4.7, ,chromatography,sodium diphosphate and potassium phosphate  +  potassium phosphate (0.08 mol dm-3),mol/L;potassium phosphate buffer = 0.08  ,4.3.1.5, , , , , 
1645,1756.0,2154.0,phenylalanine ammonia-lyase,kegg:C00079 = kegg:C00423 + kegg:C00014,CHB_17295 = CHB_16134 + CHB_35697,L-phenylalanine(aq) = trans-cinnamate(aq) + ammonia(aq),Havir E.A.; Hanson K.R.; Biochemistry; 7 1904 (1968).,68HAV/HAN_1219,5655435.0,10.1021/bi00845a039,303.15,6.8,5.7, ,chromatography,sodium diphosphate and potassium phosphate  +  potassium phosphate (0.08 mol dm-3),mol/L;potassium phosphate buffer = 0.08  ,4.3.1.5, , , , , 
1646,1757.0,2153.0,phenylalanine ammonia-lyase,kegg:C00079 = kegg:C00423 + kegg:C00014,CHB_17295 = CHB_16134 + CHB_35697,L-phenylalanine(aq) = trans-cinnamate(aq) + ammonia(aq),Havir E.A.; Hanson K.R.; Biochemistry; 7 1904 (1968).,68HAV/HAN_1219,5655435.0,10.1021/bi00845a039,303.15,6.8,5.9, ,chromatography,sodium diphosphate and potassium phosphate  +  potassium phosphate (0.08 mol dm-3),mol/L;potassium phosphate buffer = 0.08  ,4.3.1.5, , , , , 
1647,1758.0,2148.0,phenylalanine ammonia-lyase,kegg:C00079 = kegg:C00423 + kegg:C00014,CHB_17295 = CHB_16134 + CHB_35697,L-phenylalanine(aq) = trans-cinnamate(aq) + ammonia(aq),Havir E.A.; Hanson K.R.; Biochemistry; 7 1904 (1968).,68HAV/HAN_1219,5655435.0,10.1021/bi00845a039,303.15,6.8,7.4, ,chromatography,sodium diphosphate and potassium phosphate  +  potassium phosphate (0.08 mol dm-3),mol/L;potassium phosphate buffer = 0.08  ,4.3.1.5, , , , , 
1648,, ,phenylalanine ammonia-lyase, , ,L-phenylalanine(aq) = trans-cinnamate(aq) + ammonia(aq),Havir E.A.; Hanson K.R.; Biochemistry; 7 1904 (1968).,68HAV/HAN_1219,5655435.0,10.1021/bi00845a039,303.15,6.8,7.4, ,chromatography,sodium diphosphate and potassium phosphate  +  potassium phosphate (0.08 mol dm-3), ,4.3.1.5, , , , , 
1649,1752.0,2146.0,phenylalanine ammonia-lyase,kegg:C00079 = kegg:C00423 + kegg:C00014,CHB_17295 = CHB_16134 + CHB_35697,L-phenylalanine(aq) = trans-cinnamate(aq) + ammonia(aq),Havir E.A.; Hanson K.R.; Biochemistry; 7 1904 (1968).,68HAV/HAN_1219,5655435.0,10.1021/bi00845a039,303.15,6.8,5.2, ,chromatography,sodium diphosphate and potassium phosphate  +  potassium phosphate (0.08 mol dm-3),mol/L;potassium phosphate buffer = 0.12  ,4.3.1.5, , , , , 
1650,1753.0,2147.0,phenylalanine ammonia-lyase,kegg:C00079 = kegg:C00423 + kegg:C00014,CHB_17295 = CHB_16134 + CHB_35697,L-phenylalanine(aq) = trans-cinnamate(aq) + ammonia(aq),Havir E.A.; Hanson K.R.; Biochemistry; 7 1904 (1968).,68HAV/HAN_1219,5655435.0,10.1021/bi00845a039,303.15,6.8,6.1, ,chromatography,sodium diphosphate and potassium phosphate  +  potassium phosphate (0.08 mol dm-3),mol/L;potassium phosphate buffer = 0.12  ,4.3.1.5, , , , , 
1651,1754.0,2151.0,phenylalanine ammonia-lyase,kegg:C00079 = kegg:C00423 + kegg:C00014,CHB_17295 = CHB_16134 + CHB_35697,L-phenylalanine(aq) = trans-cinnamate(aq) + ammonia(aq),Havir E.A.; Hanson K.R.; Biochemistry; 7 1904 (1968).,68HAV/HAN_1219,5655435.0,10.1021/bi00845a039,303.15,6.8,8, ,chromatography,sodium diphosphate and potassium phosphate  +  potassium phosphate (0.08 mol dm-3),mol/L;potassium phosphate buffer = 0.12  ,4.3.1.5, , , , , 
1652,1751.0,2145.0,phenylalanine ammonia-lyase,kegg:C00079 = kegg:C00423 + kegg:C00014,CHB_17295 = CHB_16134 + CHB_35697,L-phenylalanine(aq) = trans-cinnamate(aq) + ammonia(aq),Havir E.A.; Hanson K.R.; Biochemistry; 7 1904 (1968).,68HAV/HAN_1219,5655435.0,10.1021/bi00845a039,303.15,6.8,6, ,chromatography,sodium diphosphate and potassium phosphate  +  potassium phosphate (0.08 mol dm-3),mol/L;potassium phosphate buffer = 0.13  ,4.3.1.5, , , , , 
1653,1750.0,2139.0,phenylalanine ammonia-lyase,kegg:C00079 = kegg:C00423 + kegg:C00014,CHB_17295 = CHB_16134 + CHB_35697,L-phenylalanine(aq) = trans-cinnamate(aq) + ammonia(aq),Havir E.A.; Hanson K.R.; Biochemistry; 7 1904 (1968).,68HAV/HAN_1219,5655435.0,10.1021/bi00845a039,303.15,6.8,7.9, ,chromatography,sodium diphosphate and potassium phosphate  +  potassium phosphate (0.08 mol dm-3),mol/L;potassium phosphate buffer = 0.19  ,4.3.1.5, , , , , 
1654,, ,phenylalanine ammonia-lyase, , ,L-phenylalanine(aq) = trans-cinnamate(aq) + ammonia(aq),Havir E.A.; Hanson K.R.; Biochemistry; 7 1904 (1968).,68HAV/HAN_1219,5655435.0,10.1021/bi00845a039,303.15,6.8,7.9, ,chromatography,sodium diphosphate and potassium phosphate  +  potassium phosphate (0.08 mol dm-3), ,4.3.1.5, , , , , 
1655,1742.0,2150.0,phenylalanine ammonia-lyase,kegg:C00079 = kegg:C00423 + kegg:C00014,CHB_17295 = CHB_16134 + CHB_35697,L-phenylalanine(aq) = trans-cinnamate(aq) + ammonia(aq),Havir E.A.; Hanson K.R.; Biochemistry; 7 1904 (1968).,68HAV/HAN_1219,5655435.0,10.1021/bi00845a039,303.15,8.5,6.2, ,chromatography,sodium diphosphate and potassium phosphate  +  potassium phosphate (0.08 mol dm-3),mol/L;sodium pyrophosphate buffer = 0.084  ,4.3.1.5, , , , , 
1656,1749.0,2152.0,phenylalanine ammonia-lyase,kegg:C00079 = kegg:C00423 + kegg:C00014,CHB_17295 = CHB_16134 + CHB_35697,L-phenylalanine(aq) = trans-cinnamate(aq) + ammonia(aq),Havir E.A.; Hanson K.R.; Biochemistry; 7 1904 (1968).,68HAV/HAN_1219,5655435.0,10.1021/bi00845a039,303.15,8.5,6.3, ,chromatography,sodium diphosphate and potassium phosphate  +  potassium phosphate (0.08 mol dm-3),mol/L;sodium pyrophosphate buffer = 0.069  ,4.3.1.5, , , , , 
1657,1741.0,2141.0,phenylalanine ammonia-lyase,kegg:C00079 = kegg:C00423 + kegg:C00014,CHB_17295 = CHB_16134 + CHB_35697,L-phenylalanine(aq) = trans-cinnamate(aq) + ammonia(aq),Havir E.A.; Hanson K.R.; Biochemistry; 7 1904 (1968).,68HAV/HAN_1219,5655435.0,10.1021/bi00845a039,303.15,8.5,5.4, ,chromatography,sodium diphosphate and potassium phosphate  +  potassium phosphate (0.08 mol dm-3),mol/L;sodium pyrophosphate buffer = 0.084  ,4.3.1.5, , , , , 
1658,1748.0,2156.0,phenylalanine ammonia-lyase,kegg:C00079 = kegg:C00423 + kegg:C00014,CHB_17295 = CHB_16134 + CHB_35697,L-phenylalanine(aq) = trans-cinnamate(aq) + ammonia(aq),Havir E.A.; Hanson K.R.; Biochemistry; 7 1904 (1968).,68HAV/HAN_1219,5655435.0,10.1021/bi00845a039,303.15,8.5,6.2, ,chromatography,sodium diphosphate and potassium phosphate  +  potassium phosphate (0.08 mol dm-3),mol/L;sodium pyrophosphate buffer = 0.069  ,4.3.1.5, , , , , 
1659,1743.0,2140.0,phenylalanine ammonia-lyase,kegg:C00079 = kegg:C00423 + kegg:C00014,CHB_17295 = CHB_16134 + CHB_35697,L-phenylalanine(aq) = trans-cinnamate(aq) + ammonia(aq),Havir E.A.; Hanson K.R.; Biochemistry; 7 1904 (1968).,68HAV/HAN_1219,5655435.0,10.1021/bi00845a039,303.15,8.5,3.9, ,chromatography,sodium diphosphate and potassium phosphate  +  potassium phosphate (0.08 mol dm-3),mol/L;sodium pyrophosphate buffer = 0.08  ,4.3.1.5, , , , , 
1660,1744.0,2142.0,phenylalanine ammonia-lyase,kegg:C00079 = kegg:C00423 + kegg:C00014,CHB_17295 = CHB_16134 + CHB_35697,L-phenylalanine(aq) = trans-cinnamate(aq) + ammonia(aq),Havir E.A.; Hanson K.R.; Biochemistry; 7 1904 (1968).,68HAV/HAN_1219,5655435.0,10.1021/bi00845a039,303.15,8.5,5.4, ,chromatography,sodium diphosphate and potassium phosphate  +  potassium phosphate (0.08 mol dm-3),mol/L;sodium pyrophosphate buffer = 0.08  ,4.3.1.5, , , , , 
1661,1745.0,2149.0,phenylalanine ammonia-lyase,kegg:C00079 = kegg:C00423 + kegg:C00014,CHB_17295 = CHB_16134 + CHB_35697,L-phenylalanine(aq) = trans-cinnamate(aq) + ammonia(aq),Havir E.A.; Hanson K.R.; Biochemistry; 7 1904 (1968).,68HAV/HAN_1219,5655435.0,10.1021/bi00845a039,303.15,8.5,5.5, ,chromatography,sodium diphosphate and potassium phosphate  +  potassium phosphate (0.08 mol dm-3),mol/L;sodium pyrophosphate buffer = 0.08  ,4.3.1.5, , , , , 
1662,1746.0,2143.0,phenylalanine ammonia-lyase,kegg:C00079 = kegg:C00423 + kegg:C00014,CHB_17295 = CHB_16134 + CHB_35697,L-phenylalanine(aq) = trans-cinnamate(aq) + ammonia(aq),Havir E.A.; Hanson K.R.; Biochemistry; 7 1904 (1968).,68HAV/HAN_1219,5655435.0,10.1021/bi00845a039,303.15,8.5,6.6, ,chromatography,sodium diphosphate and potassium phosphate  +  potassium phosphate (0.08 mol dm-3),mol/L;sodium pyrophosphate buffer = 0.08  ,4.3.1.5, , , , , 
1663,1747.0,2144.0,phenylalanine ammonia-lyase,kegg:C00079 = kegg:C00423 + kegg:C00014,CHB_17295 = CHB_16134 + CHB_35697,L-phenylalanine(aq) = trans-cinnamate(aq) + ammonia(aq),Havir E.A.; Hanson K.R.; Biochemistry; 7 1904 (1968).,68HAV/HAN_1219,5655435.0,10.1021/bi00845a039,303.15,8.5,6.7, ,chromatography,sodium diphosphate and potassium phosphate  +  potassium phosphate (0.08 mol dm-3),mol/L;sodium pyrophosphate buffer = 0.08  ,4.3.1.5, , , , , 
1664,,1490.0,indolelactate dehydrogenase,kegg:C02043 + kegg:C00003 = kegg:C00331 + kegg:C00004, ,indole-3-lactate(aq) + NAD(aq) = indole-3-pyruvate(aq) + NADH(aq),Jean M.; DeMoss R.D.; Can. J. Microbiol.; 14 429 (1968).,68JEA/DEM_210, , ,310.15,7.0,630, ,spectrophotometry,potassium phosphate, ,1.1.1.110, , , , , 
1665,1766.0,1192.0,glyoxylate reductase,kegg:C00258 + kegg:C00003 = kegg:C00168 + kegg:C00004,CHB_15846 + CHB_16659 = CHB_16908 + CHB_30841,(R)-glycerate(aq) + NAD(aq) = hydroxypyruvate(aq) + NADH(aq),Kohn L.D.; Jakoby W.B.; J. Biol. Chem.; 243 2486 (1968).,68KOH/JAK2_86, , ,298.15,8.03,7.20E-05, ,spectrophotometry, ,mol/L;potassium phosphate=0.1;(R)-glycerate=0.03  ,1.1.1.26, , , , , 
1666,1767,1193.0,glyoxylate reductase,kegg:C00258 + kegg:C00003 = kegg:C00168 + kegg:C00004,CHB_15846 + CHB_16659 = CHB_16908 + CHB_30841,(R)-glycerate(aq) + NAD(aq) = hydroxypyruvate(aq) + NADH(aq),Kohn L.D.; Jakoby W.B.; J. Biol. Chem.; 243 2486 (1968).,68KOH/JAK2_86, , ,298.15,8.85,0.0007, ,spectrophotometry, ,mol/L;potassium phosphate=0.1;(R)-glycerate=0.03 _ nan _ ,1.1.1.26, , ,, , 
1667,1768.0,1194.0,glyoxylate reductase,kegg:C00258 + kegg:C00003 = kegg:C00168 + kegg:C00004,CHB_15846 + CHB_16659 = CHB_16908 + CHB_30841,(R)-glycerate(aq) + NAD(aq) = hydroxypyruvate(aq) + NADH(aq),Kohn L.D.; Jakoby W.B.; J. Biol. Chem.; 243 2486 (1968).,68KOH/JAK2_86, , ,298.15,9.08,0.0012, ,spectrophotometry, ,mol/L;potassium phosphate=0.1;(R)-glycerate=0.03  ,1.1.1.26, , , , , 
1668,1769,3661.0,glyoxylate reductase,kegg:C00160 + kegg:C00003 = kegg:C00048 + kegg:C00004,CHB_15846 + CHB_29805 = CHB_16891 + CHB_16908,glycolate(aq) + NAD(aq) = glyoxylate(aq) + NADH(aq),Kohn L.D.; Jakoby W.B.; J. Biol. Chem.; 243 2486 (1968).,68KOH/JAK2_90,4385076.0, ,298.15,8.0,2.40E-07, ,spectrophotometry, ,mol/L;potassium phosphate=0.1;glycolate=0.75 _ nan _ ,1.1.1.26, , ,, , 
1669,1761.0,2385.0,malate dehydrogenase,kegg:C00149 + kegg:C00003 = kegg:C00036 + kegg:C00004,CHB_15589 + CHB_15846 = CHB_16452 + CHB_16908,(S)-malate(aq) + NAD(aq) = oxaloacetate(aq) + NADH(aq),Kohn L.D.; Jakoby W.B.; J. Biol. Chem.; 243 2472 (1968).,68KOH/JAK_135, , ,298.15,8.2,0.000209, ,spectrophotometry,Tris (0.1 mol dm-3) + HCl,mol/L;Tris-HCl=0.1;(S)-malate=0.009375;NAD=0.002625  ,1.1.1.37, , , , , 
1670,1762.0,2387.0,malate dehydrogenase,kegg:C00149 + kegg:C00003 = kegg:C00036 + kegg:C00004,CHB_15589 + CHB_15846 = CHB_16452 + CHB_16908,(S)-malate(aq) + NAD(aq) = oxaloacetate(aq) + NADH(aq),Kohn L.D.; Jakoby W.B.; J. Biol. Chem.; 243 2472 (1968).,68KOH/JAK_135, , ,298.15,9.2,0.00204, ,spectrophotometry,Tris (0.1 mol dm-3) + HCl,mol/L;Tris-HCl=0.1;(S)-malate=0.01167;NAD=0.003267  ,1.1.1.37, , , , , 
1671,1763.0,2386.0,malate dehydrogenase,kegg:C00149 + kegg:C00003 = kegg:C00036 + kegg:C00004,CHB_15589 + CHB_15846 = CHB_16452 + CHB_16908,(S)-malate(aq) + NAD(aq) = oxaloacetate(aq) + NADH(aq),Kohn L.D.; Jakoby W.B.; J. Biol. Chem.; 243 2472 (1968).,68KOH/JAK_135, , ,298.15,9.6,0.00487, ,spectrophotometry,Tris (0.1 mol dm-3) + HCl,mol/L;Tris-HCl=0.1;(S)-malate=0.005833;NAD=0.00163  ,1.1.1.37, , , , , 
1672,1764.0,2635.0,malate dehydrogenase,kegg:C00552 + kegg:C00003 = kegg:C00975 + kegg:C00004,CHB_15673 + CHB_15846 = CHB_16908 + CHB_4593,meso-tartrate(aq) + NAD(aq) = (E)-dihydroxyfumarate(aq) + NADH(aq),Kohn L.D.; Jakoby W.B.; J. Biol. Chem.; 243 2472 (1968).,68KOH/JAK_142,4297260.0, ,298.15,7.54,5.30E-05, ,spectrophotometry,Tris (0.1 mol dm-3) + HCl,mol/L;Tris-HCl=0.1;meso-tartrate=0.00625;NAD=0.00276  ,1.1.1.37, , , , , 
1673,1765.0,2634.0,malate dehydrogenase,kegg:C00552 + kegg:C00003 = kegg:C00975 + kegg:C00004,CHB_15673 + CHB_15846 = CHB_16908 + CHB_4593,meso-tartrate(aq) + NAD(aq) = (E)-dihydroxyfumarate(aq) + NADH(aq),Kohn L.D.; Jakoby W.B.; J. Biol. Chem.; 243 2472 (1968).,68KOH/JAK_142,4297260.0, ,298.15,8.13,0.00034, ,spectrophotometry,Tris (0.1 mol dm-3) + HCl,mol/L;Tris-HCl=0.1;meso-tartrate=0.0075;NAD=0.00276  ,1.1.1.37, , , , , 
1674,1760.0,1211.0,2-hydroxy-3-oxopropionate reductase,kegg:C00258 + kegg:C00003 = kegg:C01146 + kegg:C00004,CHB_15846 + CHB_16659 = CHB_16908 + CHB_16992,(R)-glycerate(aq) + NAD(aq) = 2-hydroxy-3-oxopropanoate(aq) + NADH(aq),Kohn L.D.; J. Biol. Chem.; 243 4426 (1968).,68KOH_192,4300866.0, ,298.15,7.5,5.30E-05, ,spectrophotometry,{Tris (0.2 mol dm-3) + HCl} and phosphate (0.15 mol dm-3),mol/L;Tris-HCl=0.2  ,1.1.1.60, , , , , 
1675,1779.0,2443.0,isocitrate dehydrogenase (NADP+),kegg:C00311 + kegg:C00006 + kegg:C00001 = kegg:C00026 + kegg:C00005 + kegg:C00288,CHB_16087 + CHB_18009 = CHB_16474 + CHB_16526 + CHB_16810,isocitrate(aq) + NADP(aq) + H2O(l) = 2-oxoglutarate(aq) + NADPH(aq) + carbon dioxide(aq),Londesborough J.C.; Dalziel K.; Biochem. J.; 110 217 (1968).,68LON/DAL_153,4387224.0,10.1042/bj1100217,298.15,6.6,0.9, ,spectrophotometry,carbonate + bicarbonate,mol/L;IS=0.054;NADP=0.000042525;isocitrate=0.000035875;NADPH=0.000041425;2-oxoglutarate=0.00101925;carbon dioxide=0.03245;(Mg)1(SO4)1=0.000133;IS=0.054  ,1.1.1.42, , ,0.054, , 
1676,1780.0,2446.0,isocitrate dehydrogenase (NADP+),kegg:C00311 + kegg:C00006 + kegg:C00001 = kegg:C00026 + kegg:C00005 + kegg:C00288,CHB_16087 + CHB_18009 = CHB_16474 + CHB_16526 + CHB_16810,isocitrate(aq) + NADP(aq) + H2O(l) = 2-oxoglutarate(aq) + NADPH(aq) + carbon dioxide(aq),Londesborough J.C.; Dalziel K.; Biochem. J.; 110 217 (1968).,68LON/DAL_153,4387224.0,10.1042/bj1100217,298.15,6.9,0.72, ,spectrophotometry,carbonate + bicarbonate,mol/L;IS=0.254;NADP=0.00004485;isocitrate=0.0000382;NADPH=0.000039175;2-oxoglutarate=0.00102;carbon dioxide=0.0306;(Mg)1(SO4)1=0.000133;IS=0.254  ,1.1.1.42, , ,0.254, , 
1677,1781.0,2444.0,isocitrate dehydrogenase (NADP+),kegg:C00311 + kegg:C00006 + kegg:C00001 = kegg:C00026 + kegg:C00005 + kegg:C00288,CHB_16087 + CHB_18009 = CHB_16474 + CHB_16526 + CHB_16810,isocitrate(aq) + NADP(aq) + H2O(l) = 2-oxoglutarate(aq) + NADPH(aq) + carbon dioxide(aq),Londesborough J.C.; Dalziel K.; Biochem. J.; 110 217 (1968).,68LON/DAL_153,4387224.0,10.1042/bj1100217,298.15,6.9,0.62, ,spectrophotometry,carbonate + bicarbonate,mol/L;IS=0.4;NADP=0.00004772;isocitrate=0.00003976;NADPH=0.00003868;2-oxoglutarate=0.0010254;carbon dioxide=0.02952;(Mg)1(SO4)1=0.000133;IS=0.404  ,1.1.1.42, , ,0.404, , 
1678,1777,2445.0,isocitrate dehydrogenase (NADP+),kegg:C00311 + kegg:C00006 + kegg:C00001 = kegg:C00026 + kegg:C00005 + kegg:C00288,CHB_16087 + CHB_18009 = CHB_16474 + CHB_16526 + CHB_16810,isocitrate(aq) + NADP(aq) + H2O(l) = 2-oxoglutarate(aq) + NADPH(aq) + carbon dioxide(aq),Londesborough J.C.; Dalziel K.; Biochem. J.; 110 217 (1968).,68LON/DAL_153,4387224.0,10.1042/bj1100217,298.15,7.05,0.86, ,spectrophotometry,carbonate + bicarbonate,mol/L;IS=0.104;NADP=0.0000133;isocitrate=0.0000109;NADPH=0.0000359;2-oxoglutarate=0.00208;carbon dioxide=0.00165;(Mg)1(SO4)1=0.000133;IS=0.104 _ nan _ ,1.1.1.42, , ,0.104, , 
1679,1778.0,2442.0,isocitrate dehydrogenase (NADP+),kegg:C00311 + kegg:C00006 + kegg:C00001 = kegg:C00026 + kegg:C00005 + kegg:C00288,CHB_16087 + CHB_18009 = CHB_16474 + CHB_16526 + CHB_16810,isocitrate(aq) + NADP(aq) + H2O(l) = 2-oxoglutarate(aq) + NADPH(aq) + carbon dioxide(aq),Londesborough J.C.; Dalziel K.; Biochem. J.; 110 217 (1968).,68LON/DAL_153,4387224.0,10.1042/bj1100217,298.15,7.2,0.93, ,spectrophotometry,carbonate + bicarbonate,mol/L;IS=0.017;NADP=0.000011375;isocitrate=0.000010175;NADPH=0.000032275;2-oxoglutarate=0.00204225;carbon dioxide=0.0017;(Mg)1(SO4)1=0.000133;IS=0.017  ,1.1.1.42, , ,0.017, , 
1680,1782.0, ,L-mannose ketol-isomerase, ,CHB_37680 = CHB_37725,L-mannose(aq) = L-fructose(aq),Mayo J.W.; Anderson R.L.; J. Biol. Chem.; 243 6330 (1968).,68MAY/AND_1379,5726889.0, ,303.15,7.6,1.5, ,spectrophotometry and polarimetry,Tris (0.017 mol dm-3) + HCl,mol/L;Tris-HCl=0.017;(Co)1(Cl)2=0.00517  ,5.3.1.-, , , , , 
1681,,3634.0,crotonoyl-[acyl-carrier-protein] hydratase,kegg:C04618 = kegg:C04246 + kegg:C00001, ,(3R)-3-hydroxybutanoyl-[acyl-carrier protein](aq) = cis-but-2-enoyl-[acyl-carrier protein](aq) + H2O(l),Mizugaki M.; Weeks G.; Toomey R.E.; Wakil S.J.; J. Biol. Chem.; 243 3661 (1968).,68MIZ/WEE_1200,5658542.0, ,298.15,8.5,0.32, ,enzymatic assay and spectrophotometry,Tris (0.11 mol dm-3) + HCl, ,4.2.1.58, , , , , 
1682,1784.0,1081.0,dihydrofolate reductase,kegg:C00101 + kegg:C00006 = kegg:C00415 + kegg:C00005,CHB_15635 + CHB_18009 = CHB_15633 + CHB_16474,"5,6,7,8-tetrahydrofolate(aq) + NADP(aq) = 7,8-dihydrofolate(aq) + NADPH(aq)",Nixon P.F.; Blakley R.L.; J. Biol. Chem.; 243 4722 (1968).,68NIX/BLA_298,5687716.0, ,310.15,6.7,2.4E-4, ,spectrophotometry,{Tris (0.050 mol dm-3) + HCl} or phosphate (0.050 mol dm-3),   ,1.5.1.3, , , , , 
1683,1783.0,1082.0,dihydrofolate reductase,kegg:C00101 + kegg:C00006 = kegg:C00415 + kegg:C00005,CHB_15635 + CHB_18009 = CHB_15633 + CHB_16474,"5,6,7,8-tetrahydrofolate(aq) + NADP(aq) = 7,8-dihydrofolate(aq) + NADPH(aq)",Nixon P.F.; Blakley R.L.; J. Biol. Chem.; 243 4722 (1968).,68NIX/BLA_298,5687716.0, ,310.15,8.0,1.20E-03, ,spectrophotometry,{Tris (0.050 mol dm-3) + HCl} or phosphate (0.050 mol dm-3),mol/L;Tris-HCl=0.05;2-mercaptoethanol=0.02;ascorbate=0.013  ,1.5.1.3, , , , , 
1684,1785.0,1570.0,choline O-acetyltransferase,kegg:C00024 + kegg:C00114 = kegg:C00010 + kegg:C01996,CHB_15351 + CHB_15354 = CHB_15346 + CHB_15355,acetyl-CoA(aq) + choline(aq) = CoA(aq) + O-acetylcholine(aq),Potter L.T.; Glover V.A.S.; Saelens J.K.; J. Biol. Chem.; 243 3864 (1968).,68POT/GLO_386,5690817.0, ,311.15,7.0,522, ,spectrophotometry and electrophoresis,phosphate (0.010 mol dm-3),mol/L;potassium phosphate buffer=0.01;(K)1(Cl)1=0.3  ,2.3.1.6, , , , , 
1685,1786.0,4061.0,"pyruvate,orthophosphate dikinase",kegg:C00002 + kegg:C00022 + kegg:C00009 = kegg:C00020 + kegg:C00074 + kegg:C00013,CHB_15361 + CHB_15422 + CHB_26078 = CHB_16027 + CHB_18021 + CHB_18361,ATP(aq) + pyruvate(aq) + orthophosphate(aq) = AMP(aq) + phosphoenolpyruvate(aq) + pyrophosphate(aq),Reeves R.E.; Menzies R.A.; Hsu D.S.; J. Biol. Chem.; 243 5486 (1968).,68REE/MEN_713,4302788.0, ,298.15,6.51,0.000175, ,enzymatic assay and spectrophotometry,(imidazole + HCl) and (Tris + HCl),mol/L;(Mg)1(Cl)2=0.009;(NH4)1(Cl)1=0.009;orthophosphate=0.0188;pyruvate=0.0081;ATP=0.00066;AMP=0.00016;pyrophosphate=0.00037;phosphoenolpyruvate=0.0003  ,2.7.9.1, , , , , 
1686,1787.0,4062.0,"pyruvate,orthophosphate dikinase",kegg:C00002 + kegg:C00022 + kegg:C00009 = kegg:C00020 + kegg:C00074 + kegg:C00013,CHB_15361 + CHB_15422 + CHB_26078 = CHB_16027 + CHB_18021 + CHB_18361,ATP(aq) + pyruvate(aq) + orthophosphate(aq) = AMP(aq) + phosphoenolpyruvate(aq) + pyrophosphate(aq),Reeves R.E.; Menzies R.A.; Hsu D.S.; J. Biol. Chem.; 243 5486 (1968).,68REE/MEN_713,4302788.0, ,298.15,6.91,0.000935, ,enzymatic assay and spectrophotometry,(imidazole + HCl) and (Tris + HCl),mol/L;(Mg)1(Cl)2=0.009;(NH4)1(Cl)1=0.009;orthophosphate=0.0179;pyruvate=0.0034;ATP=0.00043;AMP=0.00029;pyrophosphate=0.00029;phosphoenolpyruvate=0.00029  ,2.7.9.1, , , , , 
1687,1788.0,4054.0,"pyruvate,orthophosphate dikinase",kegg:C00002 + kegg:C00022 + kegg:C00009 = kegg:C00020 + kegg:C00074 + kegg:C00013,CHB_15361 + CHB_15422 + CHB_26078 = CHB_16027 + CHB_18021 + CHB_18361,ATP(aq) + pyruvate(aq) + orthophosphate(aq) = AMP(aq) + phosphoenolpyruvate(aq) + pyrophosphate(aq),Reeves R.E.; Menzies R.A.; Hsu D.S.; J. Biol. Chem.; 243 5486 (1968).,68REE/MEN_713,4302788.0, ,298.15,7.0,0.000877, ,enzymatic assay and spectrophotometry,(imidazole + HCl) and (Tris + HCl),mol/L;(Mg)1(Cl)2=0.009;(NH4)1(Cl)1=0.009;orthophosphate=0.0187;pyruvate=0.0116;ATP=0.00048;AMP=0.00034;pyrophosphate=0.00056;phosphoenolpyruvate=0.00048  ,2.7.9.1, , , , , 
1688,1789.0,4055.0,"pyruvate,orthophosphate dikinase",kegg:C00002 + kegg:C00022 + kegg:C00009 = kegg:C00020 + kegg:C00074 + kegg:C00013,CHB_15361 + CHB_15422 + CHB_26078 = CHB_16027 + CHB_18021 + CHB_18361,ATP(aq) + pyruvate(aq) + orthophosphate(aq) = AMP(aq) + phosphoenolpyruvate(aq) + pyrophosphate(aq),Reeves R.E.; Menzies R.A.; Hsu D.S.; J. Biol. Chem.; 243 5486 (1968).,68REE/MEN_713,4302788.0, ,298.15,7.06,0.000826, ,enzymatic assay and spectrophotometry,(imidazole + HCl) and (Tris + HCl),mol/L;(Mg)1(Cl)2=0.009;(NH4)1(Cl)1=0.009;orthophosphate=0.0197;pyruvate=0.0046;ATP=0.00069;AMP=0.00016;pyrophosphate=0.00067;phosphoenolpyruvate=0.00048  ,2.7.9.1, , , , , 
1689,1790.0,4056.0,"pyruvate,orthophosphate dikinase",kegg:C00002 + kegg:C00022 + kegg:C00009 = kegg:C00020 + kegg:C00074 + kegg:C00013,CHB_15361 + CHB_15422 + CHB_26078 = CHB_16027 + CHB_18021 + CHB_18361,ATP(aq) + pyruvate(aq) + orthophosphate(aq) = AMP(aq) + phosphoenolpyruvate(aq) + pyrophosphate(aq),Reeves R.E.; Menzies R.A.; Hsu D.S.; J. Biol. Chem.; 243 5486 (1968).,68REE/MEN_713,4302788.0, ,298.15,7.18,0.00119, ,enzymatic assay and spectrophotometry,(imidazole + HCl) and (Tris + HCl),mol/L;(Mg)1(Cl)2=0.00833;(NH4)1(Cl)1=0.00833;orthophosphate=0.0164;pyruvate=0.0025;ATP=0.00032;AMP=0.00025;pyrophosphate=0.00025;phosphoenolpyruvate=0.00025  ,2.7.9.1, , , , , 
1690,1791.0,4057.0,"pyruvate,orthophosphate dikinase",kegg:C00002 + kegg:C00022 + kegg:C00009 = kegg:C00020 + kegg:C00074 + kegg:C00013,CHB_15361 + CHB_15422 + CHB_26078 = CHB_16027 + CHB_18021 + CHB_18361,ATP(aq) + pyruvate(aq) + orthophosphate(aq) = AMP(aq) + phosphoenolpyruvate(aq) + pyrophosphate(aq),Reeves R.E.; Menzies R.A.; Hsu D.S.; J. Biol. Chem.; 243 5486 (1968).,68REE/MEN_713,4302788.0, ,298.15,7.22,0.00145, ,enzymatic assay and spectrophotometry,(imidazole + HCl) and (Tris + HCl),mol/L;(Mg)1(Cl)2=0.009;(NH4)1(Cl)1=0.009;orthophosphate=0.0187;pyruvate=0.0079;ATP=0.00051;AMP=0.00031;pyrophosphate=0.00078;phosphoenolpyruvate=0.00045  ,2.7.9.1, , , , , 
1691,1792.0,4060.0,"pyruvate,orthophosphate dikinase",kegg:C00002 + kegg:C00022 + kegg:C00009 = kegg:C00020 + kegg:C00074 + kegg:C00013,CHB_15361 + CHB_15422 + CHB_26078 = CHB_16027 + CHB_18021 + CHB_18361,ATP(aq) + pyruvate(aq) + orthophosphate(aq) = AMP(aq) + phosphoenolpyruvate(aq) + pyrophosphate(aq),Reeves R.E.; Menzies R.A.; Hsu D.S.; J. Biol. Chem.; 243 5486 (1968).,68REE/MEN_713,4302788.0, ,298.15,7.39,0.00555, ,enzymatic assay and spectrophotometry,(imidazole + HCl) and (Tris + HCl),mol/L;(Mg)1(Cl)2=0.00833;(NH4)1(Cl)1=0.00833;orthophosphate=0.0171;pyruvate=0.0038;ATP=0.00039;AMP=0.00036;pyrophosphate=0.0008;phosphoenolpyruvate=0.0005  ,2.7.9.1, , , , , 
1692,1793.0,4059.0,"pyruvate,orthophosphate dikinase",kegg:C00002 + kegg:C00022 + kegg:C00009 = kegg:C00020 + kegg:C00074 + kegg:C00013,CHB_15361 + CHB_15422 + CHB_26078 = CHB_16027 + CHB_18021 + CHB_18361,ATP(aq) + pyruvate(aq) + orthophosphate(aq) = AMP(aq) + phosphoenolpyruvate(aq) + pyrophosphate(aq),Reeves R.E.; Menzies R.A.; Hsu D.S.; J. Biol. Chem.; 243 5486 (1968).,68REE/MEN_713,4302788.0, ,298.15,7.53,0.01, ,enzymatic assay and spectrophotometry,(imidazole + HCl) and (Tris + HCl),mol/L;imidazole-HCl=0.021;(Mg)1(Cl)2=0.00833;(NH4)1(Cl)1=0.00833;orthophosphate=0.017;pyruvate=0.0037;ATP=0.00029;AMP=0.00046;pyrophosphate=0.0009;phosphoenolpyruvate=0.00044  ,2.7.9.1, , , , , 
1693,1794.0,4064.0,"pyruvate,orthophosphate dikinase",kegg:C00002 + kegg:C00022 + kegg:C00009 = kegg:C00020 + kegg:C00074 + kegg:C00013,CHB_15361 + CHB_15422 + CHB_26078 = CHB_16027 + CHB_18021 + CHB_18361,ATP(aq) + pyruvate(aq) + orthophosphate(aq) = AMP(aq) + phosphoenolpyruvate(aq) + pyrophosphate(aq),Reeves R.E.; Menzies R.A.; Hsu D.S.; J. Biol. Chem.; 243 5486 (1968).,68REE/MEN_713,4302788.0, ,298.15,7.88,0.071, ,enzymatic assay and spectrophotometry,(imidazole + HCl) and (Tris + HCl),mol/L;Tris-HCl=0.023;(Mg)1(Cl)2=0.009;(NH4)1(Cl)1=0.009;orthophosphate=0.0014;pyruvate=0.0025;ATP=0.00023;AMP=0.00039;pyrophosphate=0.00039;phosphoenolpyruvate=0.00039  ,2.7.9.1, , , , , 
1694,1795.0,4063.0,"pyruvate,orthophosphate dikinase",kegg:C00002 + kegg:C00022 + kegg:C00009 = kegg:C00020 + kegg:C00074 + kegg:C00013,CHB_15361 + CHB_15422 + CHB_26078 = CHB_16027 + CHB_18021 + CHB_18361,ATP(aq) + pyruvate(aq) + orthophosphate(aq) = AMP(aq) + phosphoenolpyruvate(aq) + pyrophosphate(aq),Reeves R.E.; Menzies R.A.; Hsu D.S.; J. Biol. Chem.; 243 5486 (1968).,68REE/MEN_713,4302788.0, ,298.15,8.19,0.17, ,enzymatic assay and spectrophotometry,(imidazole + HCl) and (Tris + HCl),mol/L;Tris-HCl=0.023;(Mg)1(Cl)2=0.009;(NH4)1(Cl)1=0.009;orthophosphate=0.0015;pyruvate=0.0012;ATP=0.0003;AMP=0.00032;pyrophosphate=0.00084;phosphoenolpyruvate=0.00032  ,2.7.9.1, , , , , 
1695,1796.0,4058.0,"pyruvate,orthophosphate dikinase",kegg:C00002 + kegg:C00022 + kegg:C00009 = kegg:C00020 + kegg:C00074 + kegg:C00013,CHB_15361 + CHB_15422 + CHB_26078 = CHB_16027 + CHB_18021 + CHB_18361,ATP(aq) + pyruvate(aq) + orthophosphate(aq) = AMP(aq) + phosphoenolpyruvate(aq) + pyrophosphate(aq),Reeves R.E.; Menzies R.A.; Hsu D.S.; J. Biol. Chem.; 243 5486 (1968).,68REE/MEN_713,4302788.0, ,298.15,8.39,0.5, ,enzymatic assay and spectrophotometry,(imidazole + HCl) and (Tris + HCl),mol/L;Tris-HCl=0.023;(Mg)1(Cl)2=0.009;(NH4)1(Cl)1=0.009;orthophosphate=0.0015;pyruvate=0.0012;ATP=0.00036;AMP=0.00028;pyrophosphate=0.00131;phosphoenolpyruvate=0.00093  ,2.7.9.1, , , , , 
1696,1797.0,1516.0,UDPglucose 4-epimerase,kegg:C00029 = kegg:C00052,CHB_18066 = CHB_18307,UDPglucose(aq) = UDPgalactose(aq),Salo W.L.; Nordin J.H.; Peterson D.R.; Bevill R.D.; Kirkwood S.; Biochim. Biophys. Acta; 151 484 (1968).,68SAL/NOR_1253, , ,310.15,8.7,0.35, ,chromatography and spectrophotometry,glycine (0.24 mol dm-3) + NaOH,mol/L;glycine buffer=0.24  ,5.1.3.2, , , , , 
1697,1799.0, ,UDPglucose 4-epimerase, ,MAN_10028 = CHS_24785053,UDP-D-quinovose(aq) = UDP-D-fucose(aq),Salo W.L.; Nordin J.H.; Peterson D.R.; Bevill R.D.; Kirkwood S.; Biochim. Biophys. Acta; 151 484 (1968).,68SAL/NOR_1259, , ,310.15,8.7,1.62, ,chromatography and spectrophotometry,glycine (0.24 mol dm-3) + NaOH,mol/L;glycine buffer=0.24  ,5.1.3.2, , , , , 
1698,1798.0,1220.0,UDParabinose 4-epimerase,kegg:C00935 = kegg:C00190,CHB_17983 = CHB_16082,UDP-L-arabinose(aq) = UDP-D-xylose(aq),Salo W.L.; Nordin J.H.; Peterson D.R.; Bevill R.D.; Kirkwood S.; Biochim. Biophys. Acta; 151 484 (1968).,68SAL/NOR_1268, , ,310.15,8.7,0.94, ,chromatography and spectrophotometry,glycine (0.24 mol dm-3) + NaOH,mol/L;glycine buffer=0.24  ,5.1.3.5, , , , , 
1699,1808,3844.0,adenylate kinase,2 kegg:C00008 = kegg:C00020 + kegg:C00002,2 CHB_16761 = CHB_15422 + CHB_16027,2 ADP(aq) = AMP(aq) + ATP(aq),Su S.; Russell P.J. Jr.; J. Biol. Chem.; 243 3826 (1968).,68SU/RUS_642, , ,280.3,7.0,0.303, ,paper chromatography and spectrophotometry,Tris (0.016 mol dm-3) + HCl,1.49 = -log[Mg+2] _ mol/L;(Mg)1(Cl)2=0.032;Tris-HCl=0.161;ADP=0.016129;ATP=0;AMP=0 _ MgCl2 (0.032 mol/L) _ ,2.7.4.3, ,0.032 MgCl2,, , 
1700,1802.0,3847.0,adenylate kinase,2 kegg:C00008 = kegg:C00020 + kegg:C00002,2 CHB_16761 = CHB_15422 + CHB_16027,2 ADP(aq) = AMP(aq) + ATP(aq),Su S.; Russell P.J. Jr.; J. Biol. Chem.; 243 3826 (1968).,68SU/RUS_642, , ,300.4,7.0,0.272, ,paper chromatography and spectrophotometry,Tris (0.016 mol dm-3) + HCl,1.49 = -log[Mg+2] _ mol/L;(Mg)1(Cl)2=0.032;Tris-HCl=0.161;ADP=0.016129;ATP=0;AMP=0 _ MgCl2 (0.032 mol/L) _ ,2.7.4.3, ,0.032 MgCl2, , , 
1701,1805.0,3842.0,adenylate kinase,2 kegg:C00008 = kegg:C00020 + kegg:C00002,2 CHB_16761 = CHB_15422 + CHB_16027,2 ADP(aq) = AMP(aq) + ATP(aq),Su S.; Russell P.J. Jr.; J. Biol. Chem.; 243 3826 (1968).,68SU/RUS_642, , ,303.15,10.0,0.197, ,paper chromatography and spectrophotometry,Tris (0.016 mol dm-3) + HCl,1.49 = -log[Mg+2] _ mol/L;(Mg)1(Cl)2=0.032;Tris-HCl=0.161;ADP=0.016129;ATP=0;AMP=0 _ MgCl2 (0.032 mol/L) _ ,2.7.4.3, ,0.032 MgCl2, , , 
1702,1800.0,3849.0,adenylate kinase,2 kegg:C00008 = kegg:C00020 + kegg:C00002,2 CHB_16761 = CHB_15422 + CHB_16027,2 ADP(aq) = AMP(aq) + ATP(aq),Su S.; Russell P.J. Jr.; J. Biol. Chem.; 243 3826 (1968).,68SU/RUS_642, , ,303.15,5.0,0.496, ,paper chromatography and spectrophotometry,Tris (0.016 mol dm-3) + HCl,1.49 = -log[Mg+2] _ mol/L;(Mg)1(Cl)2=0.032;Tris-HCl=0.161;ADP=0.016129;ATP=0;AMP=0 _ MgCl2 (0.032 mol/L) _ ,2.7.4.3, ,0.032 MgCl2, , , 
1703,1801.0,3839.0,adenylate kinase,2 kegg:C00008 = kegg:C00020 + kegg:C00002,2 CHB_16761 = CHB_15422 + CHB_16027,2 ADP(aq) = AMP(aq) + ATP(aq),Su S.; Russell P.J. Jr.; J. Biol. Chem.; 243 3826 (1968).,68SU/RUS_642, , ,303.15,6.0,0.418, ,paper chromatography and spectrophotometry,Tris (0.016 mol dm-3) + HCl,1.49 = -log[Mg+2] _ mol/L;(Mg)1(Cl)2=0.032;Tris-HCl=0.161;ADP=0.016129;ATP=0;AMP=0 _ MgCl2 (0.032 mol/L) _ ,2.7.4.3, ,0.032 MgCl2, , , 
1704,1809.0,3850.0,adenylate kinase,2 kegg:C00008 = kegg:C00020 + kegg:C00002,2 CHB_16761 = CHB_15422 + CHB_16027,2 ADP(aq) = AMP(aq) + ATP(aq),Su S.; Russell P.J. Jr.; J. Biol. Chem.; 243 3826 (1968).,68SU/RUS_642, , ,303.15,7.0,0.64, ,paper chromatography and spectrophotometry,Tris (0.016 mol dm-3) + HCl,2.09 = -log[Mg+2] _ mol/L;(Mg)1(Cl)2=0.00806;Tris-HCl=0.161;ADP=0.016129;ATP=0;AMP=0 _ MgCl2 (0.0081 mol/L) _ ,2.7.4.3, ,0.0081 MgCl2, , , 
1705,1810.0,3840.0,adenylate kinase,2 kegg:C00008 = kegg:C00020 + kegg:C00002,2 CHB_16761 = CHB_15422 + CHB_16027,2 ADP(aq) = AMP(aq) + ATP(aq),Su S.; Russell P.J. Jr.; J. Biol. Chem.; 243 3826 (1968).,68SU/RUS_642, , ,303.15,7.0,0.413, ,paper chromatography and spectrophotometry,Tris (0.016 mol dm-3) + HCl,1.8 = -log[Mg+2] _ mol/L;(Mg)1(Cl)2=0.0161;Tris-HCl=0.161;ADP=0.016129;ATP=0;AMP=0 _ MgCl2 (0.016 mol/L) _ ,2.7.4.3, ,0.016 MgCl2, , , 
1706,1811.0,3841.0,adenylate kinase,2 kegg:C00008 = kegg:C00020 + kegg:C00002,2 CHB_16761 = CHB_15422 + CHB_16027,2 ADP(aq) = AMP(aq) + ATP(aq),Su S.; Russell P.J. Jr.; J. Biol. Chem.; 243 3826 (1968).,68SU/RUS_642, , ,303.15,7.0,0.245, ,paper chromatography and spectrophotometry,Tris (0.016 mol dm-3) + HCl,1.49 = -log[Mg+2] _ mol/L;(Mg)1(Cl)2=0.032;Tris-HCl=0.161;ADP=0.016129;ATP=0;AMP=0 _ MgCl2 (0.032 mol/L) _ ,2.7.4.3, ,0.032 MgCl2, , , 
1707,1816.0,3845.0,adenylate kinase,2 kegg:C00008 = kegg:C00020 + kegg:C00002,2 CHB_16174 = CHB_16284 + CHB_17713,2 ADP(aq) = AMP(aq) + ATP(aq),Su S.; Russell P.J. Jr.; J. Biol. Chem.; 243 3826 (1968).,68SU/RUS_642, , ,303.15,7.0,0.269, ,paper chromatography and spectrophotometry,Tris (0.016 mol dm-3) + HCl,1.49 = -log[Mg+2] _ mol/L;(Mg)1(Cl)2=0.0645;Tris-HCl=0.161;dADP=0.016129;dATP=0;dAMP=0 _ MgCl2 (0.065 mol/L) _ ,2.7.4.3, ,0.032 MgCl2, , , 
1708,1812.0,3848.0,adenylate kinase,2 kegg:C00008 = kegg:C00020 + kegg:C00002,2 CHB_16761 = CHB_15422 + CHB_16027,2 ADP(aq) = AMP(aq) + ATP(aq),Su S.; Russell P.J. Jr.; J. Biol. Chem.; 243 3826 (1968).,68SU/RUS_642, , ,303.15,7.0,0.216, ,paper chromatography and spectrophotometry,Tris (0.016 mol dm-3) + HCl,1.19 = -log[Mg+2] _ mol/L;(Mg)1(Cl)2=0.0645;Tris-HCl=0.161;ADP=0.016129;ATP=0;AMP=0 _ MgCl2 (0.065 mol/L) _ ,2.7.4.3, ,0.065 MgCl2, , , 
1709,1803.0,3851.0,adenylate kinase,2 kegg:C00008 = kegg:C00020 + kegg:C00002,2 CHB_16761 = CHB_15422 + CHB_16027,2 ADP(aq) = AMP(aq) + ATP(aq),Su S.; Russell P.J. Jr.; J. Biol. Chem.; 243 3826 (1968).,68SU/RUS_642, , ,303.15,8.0,0.236, ,paper chromatography and spectrophotometry,Tris (0.016 mol dm-3) + HCl,1.49 = -log[Mg+2] _ mol/L;(Mg)1(Cl)2=0.032;Tris-HCl=0.161;ADP=0.016129;ATP=0;AMP=0 _ MgCl2 (0.032 mol/L) _ ,2.7.4.3, ,0.032 MgCl2, , , 
1710,1804.0,3843.0,adenylate kinase,2 kegg:C00008 = kegg:C00020 + kegg:C00002,2 CHB_16761 = CHB_15422 + CHB_16027,2 ADP(aq) = AMP(aq) + ATP(aq),Su S.; Russell P.J. Jr.; J. Biol. Chem.; 243 3826 (1968).,68SU/RUS_642, , ,303.15,9.0,0.205, ,paper chromatography and spectrophotometry,Tris (0.016 mol dm-3) + HCl,1.49 = -log[Mg+2] _ mol/L;(Mg)1(Cl)2=0.032;Tris-HCl=0.161;ADP=0.016129;ATP=0;AMP=0 _ MgCl2 (0.032 mol/L) _ ,2.7.4.3, ,0.032 MgCl2, , , 
1711,1806,3846.0,adenylate kinase,2 kegg:C00008 = kegg:C00020 + kegg:C00002,2 CHB_16761 = CHB_15422 + CHB_16027,2 ADP(aq) = AMP(aq) + ATP(aq),Su S.; Russell P.J. Jr.; J. Biol. Chem.; 243 3826 (1968).,68SU/RUS_642, , ,322.6,7.0,0.245, ,paper chromatography and spectrophotometry,Tris (0.016 mol dm-3) + HCl,1.49 = -log[Mg+2] _ mol/L;(Mg)1(Cl)2=0.032;Tris-HCl=0.161;ADP=0.016129;ATP=0;AMP=0 _ MgCl2 (0.032 mol/L) _ ,2.7.4.3, ,0.032 MgCl2,, , 
1712,1813.0,49.0,adenylate kinase,2 kegg:C00206 = kegg:C00360 + kegg:C00131,2 CHB_16174 = CHB_16284 + CHB_17713,2 dADP(aq) = dAMP(aq) + dATP(aq),Su S.; Russell P.J. Jr.; J. Biol. Chem.; 243 3826 (1968).,68SU/RUS_660,5661709.0, ,303.15,7.0,0.83, ,paper chromatography and spectrophotometry,Tris (0.016 mol dm-3) + HCl,2.09 = -log[Mg+2] _ mol/L;(Mg)1(Cl)2=0.00806;Tris-HCl=0.161;dADP=0.016129;dATP=0;dAMP=0 _ MgCl2 (0.0081 mol/L) _ ,2.7.4.3, ,0.0081 MgCl2, , , 
1713,1814.0,52.0,adenylate kinase,2 kegg:C00206 = kegg:C00360 + kegg:C00131,2 CHB_16174 = CHB_16284 + CHB_17713,2 dADP(aq) = dAMP(aq) + dATP(aq),Su S.; Russell P.J. Jr.; J. Biol. Chem.; 243 3826 (1968).,68SU/RUS_660,5661709.0, ,303.15,7.0,0.563, ,paper chromatography and spectrophotometry,Tris (0.016 mol dm-3) + HCl,1.8 = -log[Mg+2] _ mol/L;(Mg)1(Cl)2=0.0161;Tris-HCl=0.161;dADP=0.016129;dATP=0;dAMP=0 _ MgCl2 (0.016 mol/L) _ ,2.7.4.3, ,0.016 MgCl2, , , 
1714,1815.0,51.0,adenylate kinase,2 kegg:C00206 = kegg:C00360 + kegg:C00131,2 CHB_16174 = CHB_16284 + CHB_17713,2 dADP(aq) = dAMP(aq) + dATP(aq),Su S.; Russell P.J. Jr.; J. Biol. Chem.; 243 3826 (1968).,68SU/RUS_660,5661709.0, ,303.15,7.0,0.306, ,paper chromatography and spectrophotometry,Tris (0.016 mol dm-3) + HCl,1.49 = -log[Mg+2] _ mol/L;(Mg)1(Cl)2=0.032;Tris-HCl=0.161;dADP=0.016129;dATP=0;dAMP=0 _ MgCl2 (0.032 mol/L) _ ,2.7.4.3, ,0.032 MgCl2, , , 
1715,1807,50.0,adenylate kinase,2 kegg:C00206 = kegg:C00360 + kegg:C00131,2 CHB_16761 = CHB_15422 + CHB_16027,2 dADP(aq) = dAMP(aq) + dATP(aq),Su S.; Russell P.J. Jr.; J. Biol. Chem.; 243 3826 (1968).,68SU/RUS_660,5661709.0, ,303.15,7.0,0.27, ,paper chromatography and spectrophotometry,Tris (0.016 mol dm-3) + HCl,1.19 = -log[Mg+2] _ mol/L;(Mg)1(Cl)2=0.032;Tris-HCl=0.161;ADP=0.016129;ATP=0;AMP=0 _ MgCl2 (0.032 mol/L) _ ,2.7.4.3, ,0.065 MgCl2,, , 
1716,1817.0,2652.0,phosphoglycerate dehydrogenase,kegg:C00197 + kegg:C00003 = kegg:C03232 + kegg:C00004,CHB_15846 + CHB_17794 = CHB_16908 + CHB_18110,3-phospho-D-glycerate(aq) + NAD(aq) = 3-phosphohydroxypyruvate(aq) + NADH(aq),Sugimoto E.; Pizer L.I.; J. Biol. Chem.; 243 2081 (1968).,68SUG/PIZ_203,4384871.0, ,298.15,7.5,0.0019, ,spectrophotometry and fluorimetry,phosphate (0.020 mol dm-3) or Tris (0.020 mol dm-3),mol/L;phosphate buffer=0.02;3-phospho-D-glycerate=0.01;NAD=0.001;hydrazine sulfate=0.005  ,1.1.1.95, , , , , 
1717,1818.0,2653.0,phosphoglycerate dehydrogenase,kegg:C00197 + kegg:C00003 = kegg:C03232 + kegg:C00004,CHB_15846 + CHB_17794 = CHB_16908 + CHB_18110,3-phospho-D-glycerate(aq) + NAD(aq) = 3-phosphohydroxypyruvate(aq) + NADH(aq),Sugimoto E.; Pizer L.I.; J. Biol. Chem.; 243 2081 (1968).,68SUG/PIZ_203,4384871.0, ,310.15,7.5,0.0022, ,spectrophotometry and fluorimetry,phosphate (0.020 mol dm-3) or Tris (0.020 mol dm-3),mol/L;phosphate buffer=0.02;3-phospho-D-glycerate=0.01;NAD=0.001;hydrazine sulfate=0.005  ,1.1.1.95, , , , , 
1718,1819,3037.0,galactinol-raffinose galactosyltransferase,kegg:C01235 + kegg:C00492 = kegg:C00137 + kegg:C01613,CHB_16634 + CHB_17505 = CHB_17164 + CHB_17268,1-Î±-D-galactosyl-myo-inositol(aq) + raffinose(aq) = myo-inositol(aq) + stachyose(aq),Tanner W.; Kandler O.; Eur. J. Biochem.; 4 233 (1968).,68TAN/KAN_451,5655499.0,10.1111/j.1432-1033.1968.tb00199.x,305.15,7.0,4, ,paper chromatography and radioactivity,phosphate (0.1 mol dm-3),mol/L;phosphate buffer=0.1 _ nan _ ,2.4.1.67, , ,, , 
1719,1821.0,3033.0,malate dehydrogenase,kegg:C00149 + kegg:C00003 = kegg:C00036 + kegg:C00004,CHB_15589 + CHB_15846 = CHB_16452 + CHB_16908,(S)-malate(aq) + NAD(aq) = oxaloacetate(aq) + NADH(aq),"Veech R.L.; ""Measurement of Respiratory Metabolism in Animal Tissues""; Thesis Oxford University (1968).",68VEE_136, , ,311.15,7.15,3.90E-05, ,spectrophotometry,{Tris (0.5 mol dm-3) + acetate (0.25 mol dm-3)} and potassium phosphate (0.10 mol dm-3),mol/L;IS=0.25; potassium phosphate buffer=0.1  ,1.1.1.37, , ,0.25, , 
1720,1822.0,3034.0,malate dehydrogenase,kegg:C00149 + kegg:C00003 = kegg:C00036 + kegg:C00004,CHB_15589 + CHB_15846 = CHB_16452 + CHB_16908,(S)-malate(aq) + NAD(aq) = oxaloacetate(aq) + NADH(aq),"Veech R.L.; ""Measurement of Respiratory Metabolism in Animal Tissues""; Thesis Oxford University (1968).",68VEE_136, , ,311.15,8.02,0.000257, ,spectrophotometry,{Tris (0.5 mol dm-3) + acetate (0.25 mol dm-3)} and potassium phosphate (0.10 mol dm-3),mol/L;IS=0.25; potassium phosphate buffer=0.1  ,1.1.1.37, , ,0.25, , 
1721,1820.0,3032.0,malate dehydrogenase,kegg:C00149 + kegg:C00003 = kegg:C00036 + kegg:C00004,CHB_15589 + CHB_15846 = CHB_16452 + CHB_16908,(S)-malate(aq) + NAD(aq) = oxaloacetate(aq) + NADH(aq),"Veech R.L.; ""Measurement of Respiratory Metabolism in Animal Tissues""; Thesis Oxford University (1968).",68VEE_136, , ,311.15,8.15,0.0002, ,spectrophotometry,{Tris (0.5 mol dm-3) + acetate (0.25 mol dm-3)} and potassium phosphate (0.10 mol dm-3),mol/L;IS=0.25; Tris-acetate=0.25  ,1.1.1.37, , ,0.25, , 
1722,1824.0,2752.0,malate dehydrogenase (oxaloacetate-decarboxylating) (NADP+),kegg:C00149 + kegg:C00006 + kegg:C00001 = kegg:C00022 + kegg:C00005 + kegg:C00288,CHB_15589 + CHB_18009 = CHB_15361 + CHB_16474 + CHB_16526,(S)-malate(aq) + NADP(aq) + H2O(l) = pyruvate(aq) + NADPH(aq) + carbon dioxide(aq),"Veech R.L.; ""Measurement of Respiratory Metabolism in Animal Tissues""; Thesis Oxford University (1968).",68VEE_148, , ,311.15,7.0,0.0558, ,spectrophotometry,NaHCO3 (0.025 mol dm-3),mol/L;IS=0.03; (Na)1(HCO3)1=0.025  ,1.1.1.40, , ,0.03, , 
1723,1823.0,2751.0,malate dehydrogenase (oxaloacetate-decarboxylating) (NADP+),kegg:C00149 + kegg:C00006 + kegg:C00001 = kegg:C00022 + kegg:C00005 + kegg:C00288,CHB_15589 + CHB_18009 = CHB_15361 + CHB_16474 + CHB_16526,(S)-malate(aq) + NADP(aq) + H2O(l) = pyruvate(aq) + NADPH(aq) + carbon dioxide(aq),"Veech R.L.; ""Measurement of Respiratory Metabolism in Animal Tissues""; Thesis Oxford University (1968).",68VEE_148, , ,311.15,7.0,0.0344, ,spectrophotometry,NaHCO3 (0.025 mol dm-3),mol/L;IS=0.25; (Na)1(HCO3)1=0.025  ,1.1.1.40, , ,0.25, , 
1724,1838.0,2601.0,isocitrate dehydrogenase (NADP+),kegg:C00311 + kegg:C00006 + kegg:C00001 = kegg:C00026 + kegg:C00005 + kegg:C00288,CHB_16087 + CHB_18009 = CHB_16474 + CHB_16526 + CHB_16810,isocitrate(aq) + NADP(aq) + H2O(l) = 2-oxoglutarate(aq) + NADPH(aq) + carbon dioxide(aq),"Veech R.L.; ""Measurement of Respiratory Metabolism in Animal Tissues""; Thesis Oxford University (1968).",68VEE_154, , ,311.15,7.0,0.91, ,spectrophotometry,bicarbonate (0.25 mol dm-3),mol/L;IS=0.25  ,1.1.1.42, , ,0.25, , 
1725,1827.0,3501.0,glyceraldehyde-3-phosphate dehydrogenase and phosphoglycerate kinase,kegg:C00118 + kegg:C00008 + kegg:C00003 + kegg:C00009 = kegg:C00197 + kegg:C00002 + kegg:C00004,CHB_15846 + CHB_16761 + CHB_26078 + CHB_29052 = CHB_15422 + CHB_16908 + CHB_17794,D-glyceraldehyde 3-phosphate(aq) + ADP(aq) + NAD(aq) + orthophosphate(aq) = 3-phospho-D-glycerate(aq) + ATP(aq) + NADH(aq),"Veech R.L.; ""Measurement of Respiratory Metabolism in Animal Tissues""; Thesis Oxford University (1968).",68VEE_256, , ,311.15,6.88,28, ,spectrophotometry,phosphate,mol/L;IS=0.25  ,1.2.1.12 & 1.2.1.12 & 2.7.2.3 & 2.7.2.3, , ,0.25, , 
1726,1828.0,3502.0,glyceraldehyde-3-phosphate dehydrogenase and phosphoglycerate kinase,kegg:C00118 + kegg:C00008 + kegg:C00003 + kegg:C00009 = kegg:C00197 + kegg:C00002 + kegg:C00004,CHB_15846 + CHB_16761 + CHB_26078 + CHB_29052 = CHB_15422 + CHB_16908 + CHB_17794,D-glyceraldehyde 3-phosphate(aq) + ADP(aq) + NAD(aq) + orthophosphate(aq) = 3-phospho-D-glycerate(aq) + ATP(aq) + NADH(aq),"Veech R.L.; ""Measurement of Respiratory Metabolism in Animal Tissues""; Thesis Oxford University (1968).",68VEE_256, , ,311.15,6.89,41, ,spectrophotometry,phosphate,mol/L;IS=0.25  ,1.2.1.12 & 1.2.1.12 & 2.7.2.3 & 2.7.2.3, , ,0.25, , 
1727,1829.0,3503.0,glyceraldehyde-3-phosphate dehydrogenase and phosphoglycerate kinase,kegg:C00118 + kegg:C00008 + kegg:C00003 + kegg:C00009 = kegg:C00197 + kegg:C00002 + kegg:C00004,CHB_15846 + CHB_16761 + CHB_26078 + CHB_29052 = CHB_15422 + CHB_16908 + CHB_17794,D-glyceraldehyde 3-phosphate(aq) + ADP(aq) + NAD(aq) + orthophosphate(aq) = 3-phospho-D-glycerate(aq) + ATP(aq) + NADH(aq),"Veech R.L.; ""Measurement of Respiratory Metabolism in Animal Tissues""; Thesis Oxford University (1968).",68VEE_256, , ,311.15,6.91,45, ,spectrophotometry,phosphate,mol/L;IS=0.25  ,1.2.1.12 & 1.2.1.12 & 2.7.2.3 & 2.7.2.3, , ,0.25, , 
1728,1834.0,3508.0,glyceraldehyde-3-phosphate dehydrogenase and phosphoglycerate kinase,kegg:C00118 + kegg:C00008 + kegg:C00003 + kegg:C00009 = kegg:C00197 + kegg:C00002 + kegg:C00004,CHB_15846 + CHB_16761 + CHB_26078 + CHB_29052 = CHB_15422 + CHB_16908 + CHB_17794,D-glyceraldehyde 3-phosphate(aq) + ADP(aq) + NAD(aq) + orthophosphate(aq) = 3-phospho-D-glycerate(aq) + ATP(aq) + NADH(aq),"Veech R.L.; ""Measurement of Respiratory Metabolism in Animal Tissues""; Thesis Oxford University (1968).",68VEE_256, , ,311.15,6.92,35, ,spectrophotometry,phosphate,mol/L;IS=0.25  ,1.2.1.12 & 1.2.1.12 & 2.7.2.3 & 2.7.2.3, , ,0.25, , 
1729,1836.0,3510.0,glyceraldehyde-3-phosphate dehydrogenase and phosphoglycerate kinase,kegg:C00118 + kegg:C00008 + kegg:C00003 + kegg:C00009 = kegg:C00197 + kegg:C00002 + kegg:C00004,CHB_15846 + CHB_16761 + CHB_26078 + CHB_29052 = CHB_15422 + CHB_16908 + CHB_17794,D-glyceraldehyde 3-phosphate(aq) + ADP(aq) + NAD(aq) + orthophosphate(aq) = 3-phospho-D-glycerate(aq) + ATP(aq) + NADH(aq),"Veech R.L.; ""Measurement of Respiratory Metabolism in Animal Tissues""; Thesis Oxford University (1968).",68VEE_256, , ,311.15,6.94,41, ,spectrophotometry,phosphate,mol/L;IS=0.25  ,1.2.1.12 & 1.2.1.12 & 2.7.2.3 & 2.7.2.3, , ,0.25, , 
1730,1835.0,3509.0,glyceraldehyde-3-phosphate dehydrogenase and phosphoglycerate kinase,kegg:C00118 + kegg:C00008 + kegg:C00003 + kegg:C00009 = kegg:C00197 + kegg:C00002 + kegg:C00004,CHB_15846 + CHB_16761 + CHB_26078 + CHB_29052 = CHB_15422 + CHB_16908 + CHB_17794,D-glyceraldehyde 3-phosphate(aq) + ADP(aq) + NAD(aq) + orthophosphate(aq) = 3-phospho-D-glycerate(aq) + ATP(aq) + NADH(aq),"Veech R.L.; ""Measurement of Respiratory Metabolism in Animal Tissues""; Thesis Oxford University (1968).",68VEE_256, , ,311.15,6.97,68, ,spectrophotometry,phosphate,mol/L;IS=0.25  ,1.2.1.12 & 1.2.1.12 & 2.7.2.3 & 2.7.2.3, , ,0.25, , 
1731,1830.0,3504.0,glyceraldehyde-3-phosphate dehydrogenase and phosphoglycerate kinase,kegg:C00118 + kegg:C00008 + kegg:C00003 + kegg:C00009 = kegg:C00197 + kegg:C00002 + kegg:C00004,CHB_15846 + CHB_16761 + CHB_26078 + CHB_29052 = CHB_15422 + CHB_16908 + CHB_17794,D-glyceraldehyde 3-phosphate(aq) + ADP(aq) + NAD(aq) + orthophosphate(aq) = 3-phospho-D-glycerate(aq) + ATP(aq) + NADH(aq),"Veech R.L.; ""Measurement of Respiratory Metabolism in Animal Tissues""; Thesis Oxford University (1968).",68VEE_256, , ,311.15,6.98,61, ,spectrophotometry,phosphate,mol/L;IS=0.25  ,1.2.1.12 & 1.2.1.12 & 2.7.2.3 & 2.7.2.3, , ,0.25, , 
1732,1831.0,3505.0,glyceraldehyde-3-phosphate dehydrogenase and phosphoglycerate kinase,kegg:C00118 + kegg:C00008 + kegg:C00003 + kegg:C00009 = kegg:C00197 + kegg:C00002 + kegg:C00004,CHB_15846 + CHB_16761 + CHB_26078 + CHB_29052 = CHB_15422 + CHB_16908 + CHB_17794,D-glyceraldehyde 3-phosphate(aq) + ADP(aq) + NAD(aq) + orthophosphate(aq) = 3-phospho-D-glycerate(aq) + ATP(aq) + NADH(aq),"Veech R.L.; ""Measurement of Respiratory Metabolism in Animal Tissues""; Thesis Oxford University (1968).",68VEE_256, , ,311.15,6.99,58, ,spectrophotometry,phosphate,mol/L;IS=0.25  ,1.2.1.12 & 1.2.1.12 & 2.7.2.3 & 2.7.2.3, , ,0.25, , 
1733,1832.0,3506.0,glyceraldehyde-3-phosphate dehydrogenase and phosphoglycerate kinase,kegg:C00118 + kegg:C00008 + kegg:C00003 + kegg:C00009 = kegg:C00197 + kegg:C00002 + kegg:C00004,CHB_15846 + CHB_16761 + CHB_26078 + CHB_29052 = CHB_15422 + CHB_16908 + CHB_17794,D-glyceraldehyde 3-phosphate(aq) + ADP(aq) + NAD(aq) + orthophosphate(aq) = 3-phospho-D-glycerate(aq) + ATP(aq) + NADH(aq),"Veech R.L.; ""Measurement of Respiratory Metabolism in Animal Tissues""; Thesis Oxford University (1968).",68VEE_256, , ,311.15,7.0,59, ,spectrophotometry,phosphate,mol/L;IS=0.25  ,1.2.1.12 & 1.2.1.12 & 2.7.2.3 & 2.7.2.3, , ,0.25, , 
1734,1833.0,3507.0,glyceraldehyde-3-phosphate dehydrogenase and phosphoglycerate kinase,kegg:C00118 + kegg:C00008 + kegg:C00003 + kegg:C00009 = kegg:C00197 + kegg:C00002 + kegg:C00004,CHB_15846 + CHB_16761 + CHB_26078 + CHB_29052 = CHB_15422 + CHB_16908 + CHB_17794,D-glyceraldehyde 3-phosphate(aq) + ADP(aq) + NAD(aq) + orthophosphate(aq) = 3-phospho-D-glycerate(aq) + ATP(aq) + NADH(aq),"Veech R.L.; ""Measurement of Respiratory Metabolism in Animal Tissues""; Thesis Oxford University (1968).",68VEE_256, , ,311.15,7.01,71, ,spectrophotometry,phosphate,mol/L;IS=0.25  ,1.2.1.12 & 1.2.1.12 & 2.7.2.3 & 2.7.2.3, , ,0.25, , 
1735,1837.0,3511.0,glyceraldehyde-3-phosphate dehydrogenase and phosphoglycerate kinase,kegg:C00118 + kegg:C00008 + kegg:C00003 + kegg:C00009 = kegg:C00197 + kegg:C00002 + kegg:C00004,CHB_15846 + CHB_16761 + CHB_26078 + CHB_29052 = CHB_15422 + CHB_16908 + CHB_17794,D-glyceraldehyde 3-phosphate(aq) + ADP(aq) + NAD(aq) + orthophosphate(aq) = 3-phospho-D-glycerate(aq) + ATP(aq) + NADH(aq),"Veech R.L.; ""Measurement of Respiratory Metabolism in Animal Tissues""; Thesis Oxford University (1968).",68VEE_256, , ,311.15,7.02,78, ,spectrophotometry,phosphate,mol/L;IS=0.25  ,1.2.1.12 & 1.2.1.12 & 2.7.2.3 & 2.7.2.3, , ,0.25, , 
1736,1825.0,3478.0,glutathione reductase (NAD(P)H),2 kegg:C00051 + kegg:C00006 = kegg:C00127 + kegg:C00005,2 CHB_16856 + CHB_18009 = CHB_16474 + CHB_17858,2 reduced glutathione(aq) + NADP(aq) =  oxidized glutathione(aq) + NADPH(aq),"Veech R.L.; ""Measurement of Respiratory Metabolism in Animal Tissues""; Thesis Oxford University (1968).",68VEE_314, , ,298.15,6.9,0.0242, ,fluorimetry,potassium phosphate,mol/L;IS=0.25  ,1.6.4.2, , ,0.25, , 
1737,1826.0,3479.0,glutathione reductase (NAD(P)H),2 kegg:C00051 + kegg:C00006 = kegg:C00127 + kegg:C00005,2 CHB_16856 + CHB_18009 = CHB_16474 + CHB_17858,2 reduced glutathione(aq) + NADP(aq) =  oxidized glutathione(aq) + NADPH(aq),"Veech R.L.; ""Measurement of Respiratory Metabolism in Animal Tissues""; Thesis Oxford University (1968).",68VEE_314, , ,311.15,6.9,0.0156, ,fluorimetry,potassium phosphate,mol/L;IS=0.25  ,1.6.4.2, , ,0.25, , 
1738,,4333.0,glyceraldehyde-3-phosphate dehydrogenase and phosphoglycerate kinase,kegg:C00118 + kegg:C00008 + kegg:C00003 + kegg:C00009 = kegg:C00197 + kegg:C00002 + kegg:C00004, ,D-glyceraldehyde 3-phosphate(aq) + ADP(aq) + NAD(aq) + orthophosphate(aq) = 3-phospho-D-glycerate(aq) + ATP(aq) + NADH(aq),"Veech R.L.; ""Measurement of Respiratory Metabolism in Animal Tissues""; Thesis Oxford University (1968).",68VEE_583, , ,311.15,6.88,28, ,spectrophotometry,phosphate, ,1.2.1.12 & 2.7.2.3, , ,0.25, , 
1739,,4325.0,glyceraldehyde-3-phosphate dehydrogenase and phosphoglycerate kinase,kegg:C00118 + kegg:C00008 + kegg:C00003 + kegg:C00009 = kegg:C00197 + kegg:C00002 + kegg:C00004, ,D-glyceraldehyde 3-phosphate(aq) + ADP(aq) + NAD(aq) + orthophosphate(aq) = 3-phospho-D-glycerate(aq) + ATP(aq) + NADH(aq),"Veech R.L.; ""Measurement of Respiratory Metabolism in Animal Tissues""; Thesis Oxford University (1968).",68VEE_583, , ,311.15,6.89,41, ,spectrophotometry,phosphate, ,1.2.1.12 & 2.7.2.3, , ,0.25, , 
1740,,4332.0,glyceraldehyde-3-phosphate dehydrogenase and phosphoglycerate kinase,kegg:C00118 + kegg:C00008 + kegg:C00003 + kegg:C00009 = kegg:C00197 + kegg:C00002 + kegg:C00004, ,D-glyceraldehyde 3-phosphate(aq) + ADP(aq) + NAD(aq) + orthophosphate(aq) = 3-phospho-D-glycerate(aq) + ATP(aq) + NADH(aq),"Veech R.L.; ""Measurement of Respiratory Metabolism in Animal Tissues""; Thesis Oxford University (1968).",68VEE_583, , ,311.15,6.91,45, ,spectrophotometry,phosphate, ,1.2.1.12 & 2.7.2.3, , ,0.25, , 
1741,,4329.0,glyceraldehyde-3-phosphate dehydrogenase and phosphoglycerate kinase,kegg:C00118 + kegg:C00008 + kegg:C00003 + kegg:C00009 = kegg:C00197 + kegg:C00002 + kegg:C00004, ,D-glyceraldehyde 3-phosphate(aq) + ADP(aq) + NAD(aq) + orthophosphate(aq) = 3-phospho-D-glycerate(aq) + ATP(aq) + NADH(aq),"Veech R.L.; ""Measurement of Respiratory Metabolism in Animal Tissues""; Thesis Oxford University (1968).",68VEE_583, , ,311.15,6.92,35, ,spectrophotometry,phosphate, ,1.2.1.12 & 2.7.2.3, , ,0.25, , 
1742,,4326.0,glyceraldehyde-3-phosphate dehydrogenase and phosphoglycerate kinase,kegg:C00118 + kegg:C00008 + kegg:C00003 + kegg:C00009 = kegg:C00197 + kegg:C00002 + kegg:C00004, ,D-glyceraldehyde 3-phosphate(aq) + ADP(aq) + NAD(aq) + orthophosphate(aq) = 3-phospho-D-glycerate(aq) + ATP(aq) + NADH(aq),"Veech R.L.; ""Measurement of Respiratory Metabolism in Animal Tissues""; Thesis Oxford University (1968).",68VEE_583, , ,311.15,6.94,41, ,spectrophotometry,phosphate, ,1.2.1.12 & 2.7.2.3, , ,0.25, , 
1743,,4331.0,glyceraldehyde-3-phosphate dehydrogenase and phosphoglycerate kinase,kegg:C00118 + kegg:C00008 + kegg:C00003 + kegg:C00009 = kegg:C00197 + kegg:C00002 + kegg:C00004, ,D-glyceraldehyde 3-phosphate(aq) + ADP(aq) + NAD(aq) + orthophosphate(aq) = 3-phospho-D-glycerate(aq) + ATP(aq) + NADH(aq),"Veech R.L.; ""Measurement of Respiratory Metabolism in Animal Tissues""; Thesis Oxford University (1968).",68VEE_583, , ,311.15,6.97,68, ,spectrophotometry,phosphate, ,1.2.1.12 & 2.7.2.3, , ,0.25, , 
1744,,4335.0,glyceraldehyde-3-phosphate dehydrogenase and phosphoglycerate kinase,kegg:C00118 + kegg:C00008 + kegg:C00003 + kegg:C00009 = kegg:C00197 + kegg:C00002 + kegg:C00004, ,D-glyceraldehyde 3-phosphate(aq) + ADP(aq) + NAD(aq) + orthophosphate(aq) = 3-phospho-D-glycerate(aq) + ATP(aq) + NADH(aq),"Veech R.L.; ""Measurement of Respiratory Metabolism in Animal Tissues""; Thesis Oxford University (1968).",68VEE_583, , ,311.15,6.98,61, ,spectrophotometry,phosphate, ,1.2.1.12 & 2.7.2.3, , ,0.25, , 
1745,,4330.0,glyceraldehyde-3-phosphate dehydrogenase and phosphoglycerate kinase,kegg:C00118 + kegg:C00008 + kegg:C00003 + kegg:C00009 = kegg:C00197 + kegg:C00002 + kegg:C00004, ,D-glyceraldehyde 3-phosphate(aq) + ADP(aq) + NAD(aq) + orthophosphate(aq) = 3-phospho-D-glycerate(aq) + ATP(aq) + NADH(aq),"Veech R.L.; ""Measurement of Respiratory Metabolism in Animal Tissues""; Thesis Oxford University (1968).",68VEE_583, , ,311.15,6.99,58, ,spectrophotometry,phosphate, ,1.2.1.12 & 2.7.2.3, , ,0.25, , 
1746,,4334.0,glyceraldehyde-3-phosphate dehydrogenase and phosphoglycerate kinase,kegg:C00118 + kegg:C00008 + kegg:C00003 + kegg:C00009 = kegg:C00197 + kegg:C00002 + kegg:C00004, ,D-glyceraldehyde 3-phosphate(aq) + ADP(aq) + NAD(aq) + orthophosphate(aq) = 3-phospho-D-glycerate(aq) + ATP(aq) + NADH(aq),"Veech R.L.; ""Measurement of Respiratory Metabolism in Animal Tissues""; Thesis Oxford University (1968).",68VEE_583, , ,311.15,7.0,59, ,spectrophotometry,phosphate, ,1.2.1.12 & 2.7.2.3, , ,0.25, , 
1747,,4327.0,glyceraldehyde-3-phosphate dehydrogenase and phosphoglycerate kinase,kegg:C00118 + kegg:C00008 + kegg:C00003 + kegg:C00009 = kegg:C00197 + kegg:C00002 + kegg:C00004, ,D-glyceraldehyde 3-phosphate(aq) + ADP(aq) + NAD(aq) + orthophosphate(aq) = 3-phospho-D-glycerate(aq) + ATP(aq) + NADH(aq),"Veech R.L.; ""Measurement of Respiratory Metabolism in Animal Tissues""; Thesis Oxford University (1968).",68VEE_583, , ,311.15,7.01,71, ,spectrophotometry,phosphate, ,1.2.1.12 & 2.7.2.3, , ,0.25, , 
1748,,4328.0,glyceraldehyde-3-phosphate dehydrogenase and phosphoglycerate kinase,kegg:C00118 + kegg:C00008 + kegg:C00003 + kegg:C00009 = kegg:C00197 + kegg:C00002 + kegg:C00004, ,D-glyceraldehyde 3-phosphate(aq) + ADP(aq) + NAD(aq) + orthophosphate(aq) = 3-phospho-D-glycerate(aq) + ATP(aq) + NADH(aq),"Veech R.L.; ""Measurement of Respiratory Metabolism in Animal Tissues""; Thesis Oxford University (1968).",68VEE_583, , ,311.15,7.02,78, ,spectrophotometry,phosphate, ,1.2.1.12 & 2.7.2.3, , ,0.25, , 
1749,1839.0,3723.0,glycerol dehydrogenase,kegg:C00116 + kegg:C00003 = kegg:C00184 + kegg:C00004,CHB_15846 + CHB_17754 = CHB_16016 + CHB_16908,glycerol(aq) + NAD(aq) = dihydroxyacetone(aq) + NADH(aq),"Barrett M.J.; ""The Purification Properties and Subunit Structure of Glycerol Dehydrogenase""; Thesis University of Tennessee (1969).",69BAR_40, , ,298.15,9.0,0.014, ,spectrophotometry,sodium carbonate (0.5 mol dm-3),mol/L;sodium carbonate buffer=0.5  ,1.1.1.6, , , , , 
1750,1840.0,2230.0,fumarate hydratase,kegg:C00122 + kegg:C00001 = kegg:C00149,CHB_15377 + CHB_29806 = CHB_15589,fumarate(aq) + H2O(l) = (S)-malate(aq),"Benzinger T.H.; in ""A Laboratory Manual of Analytical Methods of Protein Chemistry""; P. Alexander and H.P. Lundgren eds.; Pergamon Press New York (1969) pp. 93-149.",69BEN_1149, , ,298.15, ,4.45, ,calorimetry, ,   ,4.2.1.2, , , , , 
1751,,2431.0,fumarate hydratase,kegg:C00122 + kegg:C00001 = kegg:C00149, ,fumarate(aq) + H2O(l) = (S)-malate(aq),"Benzinger T.H.; in ""A Laboratory Manual of Analytical Methods of Protein Chemistry""; P. Alexander and H.P. Lundgren eds.; Pergamon Press New York (1969) pp. 93-149.",69BEN_1150, , ,298.15, , , ,calorimetry, , ,4.2.1.2, , , , ,-15.5
1752,1868.0,2867.0,phenylpyruvate tautomerase,kegg:C00166 = kegg:C02763, ,keto-phenylpyruvate(aq) = enol-phenylpyruvate(aq),Blasi F.; Fragomele F.; Covelli I.; J. Biol. Chem.; 244 4864 (1969).,69BLA/FRA_1381,5824560.0, ,298.15,7.8,0.1, ,spectrophotometry,phosphate,   ,5.3.2.1, , , , , 
1753,1869.0,1552.0,carnitine O-acetyltransferase,kegg:C00024 + kegg:C00318 = kegg:C00010 + kegg:C02571,CHB_15351 + CHB_16347 = CHB_15346 + CHB_57589,acetyl-CoA(aq) + L-carnitine(aq) = CoA(aq) + L-acetylcarnitine(aq),"Bremer J.; Aas M.; in ""Mitochondria Structure and Function""; L. Ernster and Z. Drahota eds.; Academic Press New York (1969) pp. 127-135.",69BRE/AAS_390, , ,298.15,7.5,1.5, ,spectrophotometry,Tris (0.02 mol dm-3),mol/L;Tris=0.02  ,2.3.1.7, , , , , 
1754,1870.0, ,carnitine O-acetyltransferase, ,CHB_15517 + CHB_16347 = CHB_15346 + CHB_21949,butyryl-CoA(aq) + L-carnitine(aq) = CoA(aq) + L-butyrylcarnitine(aq),"Bremer J.; Aas M.; in ""Mitochondria Structure and Function""; L. Ernster and Z. Drahota eds.; Academic Press New York (1969) pp. 127-135.",69BRE/AAS_392, , ,298.15,7.5,1, ,spectrophotometry,Tris (0.02 mol dm-3),mol/L;Tris=0.02  ,2.3.1.7, , , , , 
1755,1871.0,1551.0,carnitine O-acetyltransferase,kegg:C00100 + kegg:C00318 = kegg:C00010 + kegg:C03017,CHB_15539 + CHB_16347 = CHB_15346 + PBC_107738,propionyl-CoA(aq) + L-carnitine(aq) = CoA(aq) + L-propionylcarnitine(aq),"Bremer J.; Aas M.; in ""Mitochondria Structure and Function""; L. Ernster and Z. Drahota eds.; Academic Press New York (1969) pp. 127-135.",69BRE/AAS_393, , ,298.15,7.5,1.3, ,spectrophotometry,Tris (0.02 mol dm-3),mol/L;Tris=0.02  ,2.3.1.7, , , , , 
1756,1872,1869.0,2-dehydro-3-deoxy-L-pentonate aldolase,kegg:C00684 = kegg:C00022 + kegg:C00266,CHB_17647 = CHB_15361 + CHB_17071,2-dehydro-3-deoxy-L-pentonate(aq) = pyruvate(aq) + glycolaldehyde(aq),Dahms A.S.; Anderson R.L.; Biochem. Biophys. Res. Comm.; 36 809 (1969).,69DAH/AND_1109, , ,301.15,7.4,0.00037, ,enzymatic assay and spectrophotometry,Hepes (0.015 mol dm-3),mol/L;HEPES buffer=0.015;(Mn)1(Cl)2=0.005;2-dehydro-3-deoxy-L-pentonate=0.00845;pyruvate=0.00185;glycolaldehyde=0.00177 _ nan _ ,4.1.2.18, , ,, , 
1757,1873.0,2009.0,lactate-malate transhydrogenase,kegg:C00186 + kegg:C00036 = kegg:C00149 + kegg:C00022,CHB_16452 + CHB_16651 = CHB_15361 + CHB_15589,(S)-lactate(aq) + oxaloacetate(aq) = (S)-malate(aq) + pyruvate(aq),Dolin M.I.; J. Biol. Chem.; 244 5273 (1969).,69DOL_235,4310090.0, ,297.15,7.8,4.3, ,enzymatic assay and spectrophotometry,Tris (0.1 mol dm-3) + HCl,mol/L;Tris-HCl=0.1  ,1.1.99.7, , , , , 
1758,1874.0,2266.0,UDPglucose 4-epimerase,kegg:C00029 = kegg:C00052,CHB_18066 = CHB_18307,UDPglucose(aq) = UDPgalactose(aq),Fan D.-F.; Feingold D.S.; Plant Physiol.; 44 599 (1969).,69FAN/FEI_1254, , ,303.15,9.0,0.32, ,radioactivity and spectrophotometry,glycine (0.12 mol dm-3) + NaOH,mol/L;glycine-NaOH=0.12  ,5.1.3.2, , , , , 
1759,1875.0,1190.0,UDParabinose 4-epimerase,kegg:C00935 = kegg:C00190,CHB_17983 = CHB_16082,UDP-L-arabinose(aq) = UDP-D-xylose(aq),Fan D.-F.; Feingold D.S.; Plant Physiol.; 44 599 (1969).,69FAN/FEI_1269,16657106.0,10.1104/pp.44.4.599,303.15,8.0,1.25, ,gas-liquid chromatography,phosphate (0.075 mol dm-3),mol/L;phosphate buffer = 0.075  ,5.1.3.5, , , , , 
1760,1876.0,2361.0,nucleoside-phosphate kinase,kegg:C00002 + kegg:C00015 = kegg:C00008 + kegg:C00075,CHB_15422 + CHB_17659 = CHB_15713 + CHB_16761,ATP(aq) + UDP(aq) = ADP(aq) + UTP(aq),Garces E.; Cleland W.W.; Biochemistry; 2 633 (1969).,69GAR/CLE_662,5793714.0,10.1021/bi00830a026,303.15,8.0,1.28, ,radioactivity and chromatography,triethanolamine acetate (0.1 mol dm-3),mol/L;triethanolamine acetate buffer=0.1;Mg2+_free=0.001  ,2.7.4.4, , , , , 
1761,,1574.0,myosin ATPase,kegg:C00002 + kegg:C00001 = kegg:C00008 + kegg:C00009, ,ATP4-(aq) + H2O(l) = ADP3-(aq) + HPO42-(aq) + H+(aq),George P.; Trachtman M.; Witonsky R.J.; Fed. Proc. Fed. Am. Soc. Exp. Biol.; 28 903 (1969).,69GEO/TRA_1075, , ,298.15, , , ,calorimetry, , ,3.6.1.32, , , , ,-24.3
1762,,270.0,alkaline phosphatase,kegg:C00008 + kegg:C00001 = kegg:C00020 + kegg:C00009, ,ADP3-(aq) + H2O(l) = AMP2--(aq) + HPO42-(aq) + H+(aq),George P.; Trachtman M.; Witonsky R.J.; Fed. Proc. Fed. Am. Soc. Exp. Biol.; 28 903 (1969).,69GEO/TRA_756, , ,298.15, , , ,calorimetry, , ,3.1.3.1, , , , ,-24.3
1763,,271.0,alkaline phosphatase,kegg:C00020 + kegg:C00001 = kegg:C00212 + kegg:C00009, ,AMP2--(aq) + H2O(l) = adenosine(aq) + HPO42-(aq),George P.; Trachtman M.; Witonsky R.J.; Fed. Proc. Fed. Am. Soc. Exp. Biol.; 28 903 (1969).,69GEO/TRA_757, , ,298.15, , , ,calorimetry, , ,3.1.3.1, , , , ,0.4
1764,,1462.0,phosphodiesterase I,kegg:C00575 + kegg:C00001 = kegg:C00020, ,adenosine 3':5'-(cyclic)phosphate(aq) + H2O(l) = AMP(aq),Greengard P.; Rudolph S.A.; Sturtevant J.M.; J. Biol. Chem.; 244 4798 (1969).,69GRE/RUD_836, , ,298.15,7.3, , ,calorimetry,sodium phosphate, ,3.1.4.17, , , , ,-59
1765,,4343.0,phosphodiesterase I,kegg:C00942 + kegg:C00001 = kegg:C00144, ,guanosine 3':5'-(cyclic)phosphate(aq) + H2O(l) = GMP(aq),Greengard P.; Rudolph S.A.; Sturtevant J.M.; J. Biol. Chem.; 244 4798 (1969).,69GRE/RUD_840,4309154.0, ,298.15,7.3, , ,calorimetry,sodium phosphate, ,3.1.4.17, , , , ,-43.8
1766,1877.0,2892.0,phosphate acetyltransferase,kegg:C00024 + kegg:C00009 = kegg:C00010 + kegg:C00227,CHB_15351 + CHB_26078 = CHB_15346 + CHB_15350,acetyl-CoA(aq) + orthophosphate(aq) = CoA(aq) + acetyl phosphate(aq),Klotzsch H.R.; Methods Enzymol.; 13 381 (1969).,69KLO_398, , ,298.15,7.4,0.0068, ,spectrophotometry,Tris + HCl (0.1 mol dm-3),mol/L;Tris-HCl = 0.1  ,2.3.1.8, , , , , 
1767,1878.0,4110.0,L-lactate dehydrogenase,kegg:C00186 + kegg:C00003 = kegg:C00022 + kegg:C00004,CHB_15846 + CHB_16651 = CHB_15361 + CHB_16908,(S)-lactate(aq) + NAD(aq) = pyruvate(aq) + NADH(aq),Lane R.S.; Dekker E.E.; Biochemistry; 8 2958 (1969).,69LAN/DEK_105, , ,298.65,8.0,0.00048, ,spectrophotometry,Tris (0.3 mol dm-3) + HCl,mol/L;Tris-HCl = 0.3  ,1.1.1.27, , , , , 
1768,1879.0,4111.0,L-lactate dehydrogenase,kegg:C00186 + kegg:C00003 = kegg:C00022 + kegg:C00004,CHB_15846 + CHB_16651 = CHB_15361 + CHB_16908,(S)-lactate(aq) + NAD(aq) = pyruvate(aq) + NADH(aq),Lane R.S.; Dekker E.E.; Biochemistry; 8 2958 (1969).,69LAN/DEK_105, , ,298.65,9.0,0.0048, ,spectrophotometry,Tris (0.3 mol dm-3) + HCl,mol/L;Tris-HCl = 0.3  ,1.1.1.27, , , , , 
1769,1884.0, ,L-lactate dehydrogenase, ,CHB_15846 + CHB_29805 = CHB_16891 + CHB_16908,glycolate(aq) + NAD(aq) = glyoxylate(aq) + NADH(aq),Lane R.S.; Dekker E.E.; Biochemistry; 8 2958 (1969).,69LAN/DEK_92, , ,298.65,8.0,0.1, ,spectrophotometry,Tris (0.3 mol dm-3) + HCl,mol/L;Tris-HCl = 0.3  ,1.1.1.27, , , , , 
1770,1885.0, ,L-lactate dehydrogenase, ,CHB_15846 + CHB_29805 = CHB_16891 + CHB_16908,glycolate(aq) + NAD(aq) = glyoxylate(aq) + NADH(aq),Lane R.S.; Dekker E.E.; Biochemistry; 8 2958 (1969).,69LAN/DEK_92, , ,298.65,9.0,1, ,spectrophotometry,Tris (0.3 mol dm-3) + HCl,mol/L;Tris-HCl = 0.3  ,1.1.1.27, , , , , 
1771,,3935.0,L-lactate dehydrogenase,kegg:C05984 + kegg:C00003 = kegg:C00109 + kegg:C00004, ,2-hydroxybutanoate(aq) + NAD(aq) = 2-oxobutanoate(aq) + NADH(aq),Lane R.S.; Dekker E.E.; Biochemistry; 8 2958 (1969).,69LAN/DEK_93, , ,298.65,8.0,0.03, ,chromatography and spectrophotometry,Tris (0.3 mol dm-3) + HCl, ,1.1.1.27, , , , , 
1772,1882.0,3934.0,L-lactate dehydrogenase,kegg:C05984 + kegg:C00003 = kegg:C00109 + kegg:C00004,CHB_1148 + CHB_15846 = CHB_16763 + CHB_16908,2-hydroxybutanoate(aq) + NAD(aq) = 2-oxobutanoate(aq) + NADH(aq),Lane R.S.; Dekker E.E.; Biochemistry; 8 2958 (1969).,69LAN/DEK_93, , ,298.65,8.0,0.003, ,chromatography and spectrophotometry,Tris (0.3 mol dm-3) + HCl,mol/L;Tris-HCl = 0.3  ,1.1.1.27, , , , , 
1773,1880.0, ,L-lactate dehydrogenase, ,CHB_15846 + CHS_10613168 = CHB_16908 + MAN_10137,"2,4-dihydroxybutanoate(aq) + NAD(aq) = 2-oxo-4-hydroxybutanoate(aq) + NADH(aq)",Lane R.S.; Dekker E.E.; Biochemistry; 8 2958 (1969).,69LAN/DEK_94,4309127.0,10.1021/bi00835a041,298.65,8.0,0.012, ,spectrophotometry,Tris (0.3 mol dm-3) + HCl,mol/L;Tris-HCl = 0.3  ,1.1.1.27, , , , , 
1774,1881.0, ,L-lactate dehydrogenase, ,CHB_15846 + CHS_10613168 = CHB_16908 + MAN_10137,"2,4-dihydroxybutanoate(aq) + NAD(aq) = 2-oxo-4-hydroxybutanoate(aq) + NADH(aq)",Lane R.S.; Dekker E.E.; Biochemistry; 8 2958 (1969).,69LAN/DEK_94,4309127.0,10.1021/bi00835a041,298.65,9.0,0.12, ,spectrophotometry,Tris (0.3 mol dm-3) + HCl,mol/L;Tris-HCl = 0.3  ,1.1.1.27, , , , , 
1775,1886.0, ,phosphoglucomutase, ,CHB_18148 + CHB_61553 = CHB_40595 + CHB_4170,"D-fructose 6-phosphate(aq) + Î±-D-glucose 1,6-diphosphate(aq) = Î±-D-glucose 6-phosphate(aq) + D-fructose 1,6-bisphosphate(aq)",Passonneau J.V.; Lowry O.H.; Schulz D.W.; Brown J.G.; J. Biol. Chem.; 244 902 (1969).,69PAS/LOW_1400,5814030.0, ,311.15,7.0,12, ,fluorimetry,imidazole (0.05 mol dm-3) + HCl,mol/L;imidazole-HCl=0.05;(Mg)1(Cl)2=0.001  ,5.4.2.2, , , , , 
1776,,2437.0,camphor 5-monooxygenase,kegg:C00808 + kegg:C00004 + kegg:C00007 = kegg:C03448 + kegg:C00003 + kegg:C00001, ,(+)-camphor(aq) + NADH(aq) + O2(aq) = (+)-5-exo-hydroxycamphor(aq) + NAD(aq) + H2O(l),Peterson J.A.; McKenna E.J.; Estabrook R.W.; Coon M.J.; Arch. Biochem. Biophys.; 131 245 (1969).,69PET/MCK_337,4306134.0,10.1016/0003-9861(69)90128-3,298.15,7.4, , ,calorimetry,Tris + HCl, ,1.14.15.1, , , , ,-405.8
1777,,2618.0,phosphomevalonate kinase,kegg:C00002 + kegg:C01107 = kegg:C00008 + kegg:C01143, ,ATP(aq) + (R)-5-phosphomevalonate(aq) = ADP(aq) + (R)-5-diphosphomevalonate(aq),Popjak G.; Methods Enzymol.; 15 393 (1969).,69POP_628, , ,310.15,7.3,1, ,spectrophotometry,Tris (0.050 mol dm-3) + HCl, ,2.7.4.2, , , , , 
1778,1888.0, ,pancreatic ribonuclease, ,CHB_15377 + CHB_28637 = CHB_28895,uridine 2':3'-(cyclic)phosphate(aq) + H2O(l) = uridine 3'-monophosphate(aq),del Rosario E.J.; Hammes. G.G.; Biochemistry; 8 1884 (1969).,69ROS/HAM_859,5814934.0,10.1021/bi00833a017,298.15,5.0,440, ,chromatography and radioactivity,Tris (0.1 mol dm-3) + acetate,mol/L;Tris-acetate=0.1;(Na)1(Cl)1=0.1  ,3.1.27.5, , , , , 
1779,1889.0,1876.0,cellobiose phosphorylase,kegg:C06219 + kegg:C00009 = kegg:C00185 + kegg:C00103,CHB_26078 + CHB_3528 = CHB_16077 + CHB_17057,cellotriose(aq) + orthophosphate(aq) = cellobiose(aq) + Î±-D-glucose 1-phosphate(aq),Sheth K.; Alexander J.K.; J. Biol. Chem.; 244 457 (1969).,69SHE/ALE_446,5773308.0, ,310.15,7.5,0.4, ,enzymatic assay,Tris (0.01 mol dm-3),mol/L;Tris=0.01;EDTA=0.01;L-cysteine=0.05;orthophosphate=0.0179286;D-glucose 1-phosphate=0.0620714  ,2.4.1.20, , , , , 
1780,1891,3036.0,arginine kinase,kegg:C00002 + kegg:C00062 = kegg:C00008 + kegg:C05945,CHB_15422 + CHB_16467 = CHB_16761 + CHB_18412,ATP(aq) + L-arginine(aq) = ADP(aq) + NÏ‰-phospho-L-arginine(aq),Smith E.; Morrison J.F.; J. Biol. Chem.; 244 4224 (1969).,69SMI/MOR_617,5800442.0, ,303.15,8.0,0.8, ,,triethanolamine (0.1 mol dm-3),mol/L;triethanolamine buffer=0.1;EDTA=0.00001;(Mg)1(Cl)2=0.0021;ATP=0.00104;L-arginine=0.00074;ADP=0.00076;N-w-phospho-L-arginine=0.000759 _ nan _ ,2.7.3.3, , ,, , 
1781,1893.0,3245.0,ribose-phosphate pyrophosphokinase,kegg:C00002 + kegg:C00117 = kegg:C00020 + kegg:C00119,CHB_15422 + CHB_52742 = CHB_16027 + CHB_17111,ATP(aq) + D-ribose 5-phosphate(aq) = AMP(aq) + 5-phospho-Î±-D-ribose 1-diphosphate(aq),Switzer R.L.; J. Biol. Chem.; 244 2854 (1969).,69SWI_674,4306285.0, ,310.15,7.5,28.6, ,enzymatic assay and spectrophotometry,potassium phosphate (0.050 mol dm-3),mol/L;potassium phosphate buffer=0.05;(Mg)1(Cl)2=0.005;ATP=0.00021875;D-ribose 5-phosphate=0.00016875;5-phospho--D-ribose 1-diphosphate=0.00084125;AMP=0.00134  ,2.7.6.1, , , , , 
1782,1894.0,1575.0,UTP-glucose-1-phosphate uridylyltransferase,kegg:C00075 + kegg:C00103 = kegg:C00013 + kegg:C00029,CHB_15713 + CHB_16077 = CHB_18066 + CHB_18361,UTP(aq) + Î±-D-glucose 1-phosphate(aq) = pyrophosphate(aq) + UDPglucose(aq),Tsuboi K.K.; Fukunaga K.; Petricciani J.C.; J. Biol. Chem.; 244 1008 (1969).,69TSU/FUK_689,5782905.0, ,303.15,8.5,0.26, ,fluorimetry,Tris (0.050 mol dm-3),mol/L;Tris buffer=0.05;(Mg)1(Cl)2=0.0002;UTP=0.000133;D-glucose 1-phosphate=0.000133;pyrophosphate=0.0000667;UDPglucose=0.0000667  ,2.7.7.9, , , , , 
1783,1896.0,2294.0,malate dehydrogenase (oxaloacetate-decarboxylating) (NADP+),kegg:C00149 + kegg:C00006 + kegg:C00001 = kegg:C00022 + kegg:C00005 + kegg:C00288,CHB_15589 + CHB_18009 = CHB_15361 + CHB_16474 + CHB_16526,(S)-malate(aq) + NADP(aq) + H2O(l) = pyruvate(aq) + NADPH(aq) + carbon dioxide(aq),Veech R.L.; Eggleston L.V.; Krebs H.A.; Biochem. J.; 115 609 (1969).,69VEE/EGG_149, , ,311.15,7.0,0.0344, ,spectrophotometry,NaHCO3 (0.025 mol dm-3),mol/L;IS=0.25; (Na)1(HCO3)1=0.025  ,1.1.1.40, , ,0.25, , 
1784,1895,3486.0,glutathione reductase (NAD(P)H),2 kegg:C00051 + kegg:C00006 = kegg:C00127 + kegg:C00005,2 CHB_16856 + CHB_18009 = CHB_16474 + CHB_17858,2 reduced glutathione(aq) + NADP(aq) =  oxidized glutathione(aq) + NADPH(aq),Veech R.L.; Eggleston L.V.; Krebs H.A.; Biochem. J.; 115 609 (1969).,69VEE/EGG_315, , ,311.15,6.9,0.0156, ,fluorimetry,potassium phosphate,mol/L;IS=0.25 _ nan _ ,1.6.4.2, , ,0.25, , 
1785,1897.0,4076.0,aspartate transaminase,kegg:C00049 + kegg:C00026 = kegg:C00036 + kegg:C00025,CHB_16810 + CHB_29991 = CHB_16452 + CHB_29985,L-aspartate(aq) + 2-oxoglutarate(aq) = oxaloacetate(aq) + L-glutamate(aq),Veech R.L.; Eggleston L.V.; Krebs H.A.; Biochem. J.; 115 609 (1969).,69VEE/EGG_501,4391039.0,10.1042/bj1150609a,311.15,7.0,0.151, , , ,mol/L;IS=0.25  ,2.6.1.1, , ,0.25, , 
1786,1899.0,1195.0,fructose-biphosphate aldolase,kegg:C00354 = kegg:C00111 + kegg:C00118,CHB_40595 = CHB_16108 + CHB_29052,"D-fructose 1,6-bisphosphate(aq) = glycerone phosphate(aq) + D-glyceraldehyde 3-phosphate(aq)",Veech R.L.; Raijman L.; Dalziel K.; Krebs H.A.; Biochem. J.; 115 837 (1969).,69VEE/RAI_1094, , ,311.15,6.7,9.90E-05, ,spectrophotometry,sodium phosphate (0.010 mol dm-3),2.3 = -log[Mg+2] _ mol/L;IS=0.25;(Mg)1(Cl)2=0.005; sodium phosphate buffer=0.01 _ MgCl2 (0.005 mol/L) _ ,4.1.2.13, ,0.005 MgCl2, , , 
1787,1898.0,1196.0,fructose-biphosphate aldolase,kegg:C00354 = kegg:C00111 + kegg:C00118,CHB_40595 = CHB_16108 + CHB_29052,"D-fructose 1,6-bisphosphate(aq) = glycerone phosphate(aq) + D-glyceraldehyde 3-phosphate(aq)",Veech R.L.; Raijman L.; Dalziel K.; Krebs H.A.; Biochem. J.; 115 837 (1969).,69VEE/RAI_1094, , ,311.15,6.7,5.60E-05, ,spectrophotometry,sodium phosphate (0.010 mol dm-3),1.3 = -log[Mg+2] _ mol/L;IS=0.25;(Mg)1(Cl)2=0.05; sodium phosphate buffer=0.01 _ MgCl2 (0.05 mol/L) _ ,4.1.2.13, ,0.05 MgCl2, , , 
1788,1900,159.0,triose-phosphate isomerase,kegg:C00118 = kegg:C00111,CHB_29052 = CHB_16108,D-glyceraldehyde 3-phosphate(aq) = glycerone phosphate(aq),Veech R.L.; Raijman L.; Dalziel K.; Krebs H.A.; Biochem. J.; 115 837 (1969).,69VEE/RAI_1286,5357024.0,10.1042/bj1150837,311.15,7.0,22, ,spectrophotometry,sodium phosphate (0.010 mol dm-3),mol/L;IS=0.25;(Mg)1(Cl)2=0.005; sodium phosphate buffer=0.01 _ nan _ ,5.3.1.1, , ,0.25, , 
1789,1901.0,4457.0,phosphogluconate dehydrogenase (decarboxylating),kegg:C00345 + kegg:C00006 + kegg:C00001 = kegg:C00199 + kegg:C00005 + kegg:C00288,CHB_18009 + CHB_48928 = CHB_16474 + CHB_16526 + CHB_17363,6-phospho-D-gluconate(aq) + NADP(aq) + H2O(l) = D-ribulose 5-phosphate(aq) + NADPH(aq) + carbon dioxide(aq),Villet R.H.; Dalziel K.; Biochem. J.; 115 633 (1969).,69VIL/DAL_157,4391041.0,10.1042/bj1150633,298.15,6.45,0.074, ,spectrophotometry and pressure measurements,KHCO3,mol/L;IS=0.036  ,1.1.1.44, , ,0.036, , 
1790,1903.0,4462.0,phosphogluconate dehydrogenase (decarboxylating),kegg:C00345 + kegg:C00006 + kegg:C00001 = kegg:C00199 + kegg:C00005 + kegg:C00288,CHB_18009 + CHB_48928 = CHB_16474 + CHB_16526 + CHB_17363,6-phospho-D-gluconate(aq) + NADP(aq) + H2O(l) = D-ribulose 5-phosphate(aq) + NADPH(aq) + carbon dioxide(aq),Villet R.H.; Dalziel K.; Biochem. J.; 115 633 (1969).,69VIL/DAL_157,4391041.0,10.1042/bj1150633,298.15,6.8,0.083, ,spectrophotometry and pressure measurements,KHCO3,mol/L;IS=0.084  ,1.1.1.44, , ,0.084, , 
1791,1904.0,4463.0,phosphogluconate dehydrogenase (decarboxylating),kegg:C00345 + kegg:C00006 + kegg:C00001 = kegg:C00199 + kegg:C00005 + kegg:C00288,CHB_18009 + CHB_48928 = CHB_16474 + CHB_16526 + CHB_17363,6-phospho-D-gluconate(aq) + NADP(aq) + H2O(l) = D-ribulose 5-phosphate(aq) + NADPH(aq) + carbon dioxide(aq),Villet R.H.; Dalziel K.; Biochem. J.; 115 633 (1969).,69VIL/DAL_157,4391041.0,10.1042/bj1150633,298.15,6.9,0.081, ,spectrophotometry and pressure measurements,KHCO3,mol/L;IS=0.096  ,1.1.1.44, , ,0.096, , 
1792,1905.0,4465.0,phosphogluconate dehydrogenase (decarboxylating),kegg:C00345 + kegg:C00006 + kegg:C00001 = kegg:C00199 + kegg:C00005 + kegg:C00288,CHB_18009 + CHB_48928 = CHB_16474 + CHB_16526 + CHB_17363,6-phospho-D-gluconate(aq) + NADP(aq) + H2O(l) = D-ribulose 5-phosphate(aq) + NADPH(aq) + carbon dioxide(aq),Villet R.H.; Dalziel K.; Biochem. J.; 115 633 (1969).,69VIL/DAL_157,4391041.0,10.1042/bj1150633,298.15,6.95,0.08, ,spectrophotometry and pressure measurements,KHCO3,mol/L;IS=0.12  ,1.1.1.44, , ,0.12, , 
1793,1907.0,4460.0,phosphogluconate dehydrogenase (decarboxylating),kegg:C00345 + kegg:C00006 + kegg:C00001 = kegg:C00199 + kegg:C00005 + kegg:C00288,CHB_18009 + CHB_48928 = CHB_16474 + CHB_16526 + CHB_17363,6-phospho-D-gluconate(aq) + NADP(aq) + H2O(l) = D-ribulose 5-phosphate(aq) + NADPH(aq) + carbon dioxide(aq),Villet R.H.; Dalziel K.; Biochem. J.; 115 633 (1969).,69VIL/DAL_157,4391041.0,10.1042/bj1150633,298.15,6.95,0.076, ,spectrophotometry and pressure measurements,KHCO3,mol/L;IS=0.25  ,1.1.1.44, , ,0.25, , 
1794,1908.0,4461.0,phosphogluconate dehydrogenase (decarboxylating),kegg:C00345 + kegg:C00006 + kegg:C00001 = kegg:C00199 + kegg:C00005 + kegg:C00288,CHB_18009 + CHB_48928 = CHB_16474 + CHB_16526 + CHB_17363,6-phospho-D-gluconate(aq) + NADP(aq) + H2O(l) = D-ribulose 5-phosphate(aq) + NADPH(aq) + carbon dioxide(aq),Villet R.H.; Dalziel K.; Biochem. J.; 115 633 (1969).,69VIL/DAL_157,4391041.0,10.1042/bj1150633,298.15,6.95,0.075, ,spectrophotometry and pressure measurements,KHCO3,mol/L;IS=0.35  ,1.1.1.44, , ,0.35, , 
1795,1909.0,4464.0,phosphogluconate dehydrogenase (decarboxylating),kegg:C00345 + kegg:C00006 + kegg:C00001 = kegg:C00199 + kegg:C00005 + kegg:C00288,CHB_18009 + CHB_48928 = CHB_16474 + CHB_16526 + CHB_17363,6-phospho-D-gluconate(aq) + NADP(aq) + H2O(l) = D-ribulose 5-phosphate(aq) + NADPH(aq) + carbon dioxide(aq),Villet R.H.; Dalziel K.; Biochem. J.; 115 633 (1969).,69VIL/DAL_157,4391041.0,10.1042/bj1150633,298.15,6.95,0.069, ,spectrophotometry and pressure measurements,KHCO3,mol/L;IS=0.45  ,1.1.1.44, , ,0.45, , 
1796,1902.0,4458.0,phosphogluconate dehydrogenase (decarboxylating),kegg:C00345 + kegg:C00006 + kegg:C00001 = kegg:C00199 + kegg:C00005 + kegg:C00288,CHB_18009 + CHB_48928 = CHB_16474 + CHB_16526 + CHB_17363,6-phospho-D-gluconate(aq) + NADP(aq) + H2O(l) = D-ribulose 5-phosphate(aq) + NADPH(aq) + carbon dioxide(aq),Villet R.H.; Dalziel K.; Biochem. J.; 115 633 (1969).,69VIL/DAL_157,4391041.0,10.1042/bj1150633,298.15,7.3,0.079, ,spectrophotometry and pressure measurements,KHCO3,mol/L;IS=0.048  ,1.1.1.44, , ,0.048, , 
1797,1906.0,4459.0,phosphogluconate dehydrogenase (decarboxylating),kegg:C00345 + kegg:C00006 + kegg:C00001 = kegg:C00199 + kegg:C00005 + kegg:C00288,CHB_18009 + CHB_48928 = CHB_16474 + CHB_16526 + CHB_17363,6-phospho-D-gluconate(aq) + NADP(aq) + H2O(l) = D-ribulose 5-phosphate(aq) + NADPH(aq) + carbon dioxide(aq),Villet R.H.; Dalziel K.; Biochem. J.; 115 633 (1969).,69VIL/DAL_157,4391041.0,10.1042/bj1150633,298.15,7.7,0.074, ,spectrophotometry and pressure measurements,KHCO3,mol/L;IS=0.12  ,1.1.1.44, , ,0.12, , 
1798,1911.0,259.0,fumarate hydratase,kegg:C00122 + kegg:C00001 = kegg:C00149,CHB_15377 + CHB_29806 = CHB_15589,fumarate(aq) + H2O(l) = (S)-malate(aq),Wang C.C.; Barker H.S.; J. Biol. Chem.; 244 2516 (1969).,69WAN/BAR_1151, , ,298.15,8.2,6.2, ,spectrophotometry,Tris (0.050 mol dm-3) + HCl,mol/L;Tris-HCl=0.06;cysteine-HCl=0.002  ,4.2.1.2, , , , , 
1799,1910.0,3652.0,(S)-2-methylmalate dehydratase,kegg:C02614 = kegg:C01732 + kegg:C00001,CHB_30936 = CHB_15377 + CHB_36986,(S)-2-methylmalate(aq) = 2-methylfumarate(aq) + H2O(l),Wang C.C.; Barker H.S.; J. Biol. Chem.; 244 2516 (1969).,69WAN/BAR_1191,5769987.0, ,298.15,8.2,0.17, ,spectrophotometry,Tris (0.050 mol dm-3) + HCl,mol/L;Tris-HCl=0.06;cysteine-HCl=0.002  ,4.2.1.34, , , , , 
1800,1912.0,3131.0,diaminopimelate epimerase,kegg:C00666 = kegg:C00680,CHB_16026 = CHB_30308,"L,L-2,6-diaminoheptanedioate(aq) = meso-diaminoheptanedioate(aq)",White P.J.; Lejeune B.; Work E.; Biochem. J.; 113 589 (1969).,69WHI/LEJ_1239,4989322.0,10.1042/bj1130589,310.15,7.0,1.9, ,manometry and spectrophotometry,phosphate (0.1 mol dm-3),"mol/L;phosphate buffer=0.1;L,L-2,6-diaminoheptanedioate=0.0035;meso-diaminoheptanedioate=0.0065  ",5.1.1.7, , , , , 
1801,1913.0,3606.0,nucleoside-triphosphate-adenylate kinase,kegg:C00044 + kegg:C00020 = kegg:C00008 + kegg:C00035,CHB_15996 + CHB_16027 = CHB_16761 + CHB_17552,GTP(aq) + AMP(aq) = ADP(aq) + GDP(aq),Albrecht G.J.; Biochemistry; 9 2462 (1970).,70ALB_670,5423264.0,10.1021/bi00814a011,298.15,8.5,0.82, ,enzymatic assay,triethanolamine (0.05 mol dm-3) + HCl,mol/L;triethanolamine-HCl=0.05;(Mg)1(Cl)2=0.005;EDTA=0.001;GTP=0.00295;AMP=0.00765;ADP=0.00401;GDP=0.00401  ,2.7.4.10, , , , , 
1802,1914.0,3117.0,shikimate dehydrogenase,kegg:C00493 + kegg:C00006 = kegg:C02637 + kegg:C00005,CHB_16119 + CHB_18009 = CHB_16474 + MAN_10177,shikimate(aq) + NADP(aq) = 5-dehydroshikimate(aq) + NADPH(aq),Balinsky D.; Dennis A.W.; Methods Enzymol.; 17A 354 (1970).,70BAL/DEN_84, , ,298.15,7.6,0.097, ,spectrophotometry, ,mol/L;glycine-NaOH=0.09  ,1.1.1.25, , , , , 
1803,1917,1584.0,glucosamine-6-phosphate isomerase,kegg:C00352 + kegg:C00001 = kegg:C00085 + kegg:C00014,CHB_15377 + CHB_58725 = CHB_16134 + CHB_61553,D-glucosamine 6-phosphate(aq) + H2O(l) = D-fructose 6-phosphate(aq) + ammonia(aq),Benson R.L.; Friedman S.; J. Biol. Chem.; 245 2219 (1970).,70BEN/FRI_1367,5442269.0, ,310.15,8.5,0.15, ,spectrophotometry,Tris (0.050 mol dm-3) + HCl,mol/L;Tris-HCl=0.05;EDTA=0.0025;D-glucose 6-phosphate=0.01;(NH4)1(Cl)1=0.0075;D-fructose 6-phosphate=0.007685;D-glucosamine 6-phosphate=0.0004035 _ nan _ ,5.3.1.10, , ,, , 
1804,1932.0,2831.0,adenylate kinase,2 kegg:C00008 = kegg:C00020 + kegg:C00002,2 CHB_16761 = CHB_15422 + CHB_16027,2 ADP(aq) = AMP(aq) + ATP(aq),Blair J.McD.; Eur. J. Biochem.; 13 384 (1970).,70BLA_644,4245368.0,10.1111/j.1432-1033.1970.tb00940.x,298.15,7.5,0.333, ,anion exchange chromatography,triethanolaminehydrochloride (0.01 mol dm-3) + tetramethylammonium hydroxide,5.0 = -log[Mg+2] _ mol/L;triethanolamine-HCl=0.01;(Mg)1(Cl)2=0.00001 _ MgCl2 (0.00001 mol/L) _ ,2.7.4.3, ,0.0 KCl & 1e-05 MgCl2, , , 
1805,1925.0,2840.0,adenylate kinase,2 kegg:C00008 = kegg:C00020 + kegg:C00002,2 CHB_16761 = CHB_15422 + CHB_16027,2 ADP(aq) = AMP(aq) + ATP(aq),Blair J.McD.; Eur. J. Biochem.; 13 384 (1970).,70BLA_644,4245368.0,10.1111/j.1432-1033.1970.tb00940.x,298.15,7.5,0.433, ,anion exchange chromatography,triethanolaminehydrochloride (0.01 mol dm-3) + tetramethylammonium hydroxide,"5.0 = -log[Mg+2] _ mol/L;triethanolamine-HCl=0.01;(K)1(Cl)1=0.075;(Mg)1(Cl)2=0.00001 _ KCl (0.075 mol/L), MgCl2 (0.00001 mol/L) _ ",2.7.4.3, ,0.075 KCl & 1e-05 MgCl2, , , 
1806,1921.0,2843.0,adenylate kinase,2 kegg:C00008 = kegg:C00020 + kegg:C00002,2 CHB_16761 = CHB_15422 + CHB_16027,2 ADP(aq) = AMP(aq) + ATP(aq),Blair J.McD.; Eur. J. Biochem.; 13 384 (1970).,70BLA_644,4245368.0,10.1111/j.1432-1033.1970.tb00940.x,298.15,7.5,1.367, ,anion exchange chromatography,triethanolaminehydrochloride (0.01 mol dm-3) + tetramethylammonium hydroxide,"2.97 = -log[Mg+2] _ mol/L;triethanolamine-HCl=0.01;(K)1(Cl)1=0.075;(Mg)1(Cl)2=0.00108 _ KCl (0.075 mol/L), MgCl2 (0.00108 mol/L) _ ",2.7.4.3, ,0.00108 MgCl2 & 0.075 KCl, , , 
1807,1928.0,2841.0,adenylate kinase,2 kegg:C00008 = kegg:C00020 + kegg:C00002,2 CHB_16761 = CHB_15422 + CHB_16027,2 ADP(aq) = AMP(aq) + ATP(aq),Blair J.McD.; Eur. J. Biochem.; 13 384 (1970).,70BLA_644,4245368.0,10.1111/j.1432-1033.1970.tb00940.x,298.15,7.5,1.342, ,anion exchange chromatography,triethanolaminehydrochloride (0.01 mol dm-3) + tetramethylammonium hydroxide,2.93 = -log[Mg+2] _ mol/L;triethanolamine-HCl=0.01;(Mg)1(Cl)2=0.00117 _ MgCl2 (0.00117 mol/L) _ ,2.7.4.3, ,0.0 KCl & 0.00117 MgCl2, , , 
1808,1920.0,2836.0,adenylate kinase,2 kegg:C00008 = kegg:C00020 + kegg:C00002,2 CHB_16761 = CHB_15422 + CHB_16027,2 ADP(aq) = AMP(aq) + ATP(aq),Blair J.McD.; Eur. J. Biochem.; 13 384 (1970).,70BLA_644,4245368.0,10.1111/j.1432-1033.1970.tb00940.x,298.15,7.5,1.167, ,anion exchange chromatography,triethanolaminehydrochloride (0.01 mol dm-3) + tetramethylammonium hydroxide,"2.8 = -log[Mg+2] _ mol/L;triethanolamine-HCl=0.01;(K)1(Cl)1=0.075;(Mg)1(Cl)2=0.00158 _ KCl (0.075 mol/L), MgCl2 (0.00158 mol/L) _ ",2.7.4.3, ,0.00158 MgCl2 & 0.075 KCl, , , 
1809,1931.0,2832.0,adenylate kinase,2 kegg:C00008 = kegg:C00020 + kegg:C00002,2 CHB_16761 = CHB_15422 + CHB_16027,2 ADP(aq) = AMP(aq) + ATP(aq),Blair J.McD.; Eur. J. Biochem.; 13 384 (1970).,70BLA_644,4245368.0,10.1111/j.1432-1033.1970.tb00940.x,298.15,7.5,0.567, ,anion exchange chromatography,triethanolaminehydrochloride (0.01 mol dm-3) + tetramethylammonium hydroxide,3.7 = -log[Mg+2] _ mol/L;triethanolamine-HCl=0.01;(Mg)1(Cl)2=0.0002 _ MgCl2 (0.0002 mol/L) _ ,2.7.4.3, ,0.0 KCl & 0.0002 MgCl2, , , 
1810,1924.0,2842.0,adenylate kinase,2 kegg:C00008 = kegg:C00020 + kegg:C00002,2 CHB_16761 = CHB_15422 + CHB_16027,2 ADP(aq) = AMP(aq) + ATP(aq),Blair J.McD.; Eur. J. Biochem.; 13 384 (1970).,70BLA_644,4245368.0,10.1111/j.1432-1033.1970.tb00940.x,298.15,7.5,0.637, ,anion exchange chromatography,triethanolaminehydrochloride (0.01 mol dm-3) + tetramethylammonium hydroxide,"3.68 = -log[Mg+2] _ mol/L;triethanolamine-HCl=0.01;(K)1(Cl)1=0.075;(Mg)1(Cl)2=0.000209 _ KCl (0.075 mol/L), MgCl2 (0.000209 mol/L) _ ",2.7.4.3, ,0.000209 MgCl2 & 0.075 KCl, , , 
1811,1927.0,2834.0,adenylate kinase,2 kegg:C00008 = kegg:C00020 + kegg:C00002,2 CHB_16761 = CHB_15422 + CHB_16027,2 ADP(aq) = AMP(aq) + ATP(aq),Blair J.McD.; Eur. J. Biochem.; 13 384 (1970).,70BLA_644,4245368.0,10.1111/j.1432-1033.1970.tb00940.x,298.15,7.5,0.9, ,anion exchange chromatography,triethanolaminehydrochloride (0.01 mol dm-3) + tetramethylammonium hydroxide,2.67 = -log[Mg+2] _ mol/L;triethanolamine-HCl=0.01;(Mg)1(Cl)2=0.00215 _ MgCl2 (0.00215 mol/L) _ ,2.7.4.3, ,0.0 KCl & 0.00215 MgCl2, , , 
1812,1919.0,2838.0,adenylate kinase,2 kegg:C00008 = kegg:C00020 + kegg:C00002,2 CHB_16761 = CHB_15422 + CHB_16027,2 ADP(aq) = AMP(aq) + ATP(aq),Blair J.McD.; Eur. J. Biochem.; 13 384 (1970).,70BLA_644,4245368.0,10.1111/j.1432-1033.1970.tb00940.x,298.15,7.5,1, ,anion exchange chromatography,triethanolaminehydrochloride (0.01 mol dm-3) + tetramethylammonium hydroxide,"2.67 = -log[Mg+2] _ mol/L;triethanolamine-HCl=0.01;(K)1(Cl)1=0.075;(Mg)1(Cl)2=0.00215 _ KCl (0.075 mol/L), MgCl2 (0.00215 mol/L) _ ",2.7.4.3, ,0.00215 MgCl2 & 0.075 KCl, , , 
1813,1918.0,2837.0,adenylate kinase,2 kegg:C00008 = kegg:C00020 + kegg:C00002,2 CHB_16761 = CHB_15422 + CHB_16027,2 ADP(aq) = AMP(aq) + ATP(aq),Blair J.McD.; Eur. J. Biochem.; 13 384 (1970).,70BLA_644,4245368.0,10.1111/j.1432-1033.1970.tb00940.x,298.15,7.5,0.6, ,anion exchange chromatography,triethanolaminehydrochloride (0.01 mol dm-3) + tetramethylammonium hydroxide,"2.41 = -log[Mg+2] _ mol/L;triethanolamine-HCl=0.01;(K)1(Cl)1=0.075;(Mg)1(Cl)2=0.00386 _ KCl (0.075 mol/L), MgCl2 (0.00386 mol/L) _ ",2.7.4.3, ,0.00386 MgCl2 & 0.075 KCl, , , 
1814,1926.0,2839.0,adenylate kinase,2 kegg:C00008 = kegg:C00020 + kegg:C00002,2 CHB_16761 = CHB_15422 + CHB_16027,2 ADP(aq) = AMP(aq) + ATP(aq),Blair J.McD.; Eur. J. Biochem.; 13 384 (1970).,70BLA_644,4245368.0,10.1111/j.1432-1033.1970.tb00940.x,298.15,7.5,0.543, ,anion exchange chromatography,triethanolaminehydrochloride (0.01 mol dm-3) + tetramethylammonium hydroxide,2.4 = -log[Mg+2] _ mol/L;triethanolamine-HCl=0.01;(Mg)1(Cl)2=0.00398 _ MgCl2 (0.00398 mol/L) _ ,2.7.4.3, ,0.0 KCl & 0.00398 MgCl2, , , 
1815,1923.0,2835.0,adenylate kinase,2 kegg:C00008 = kegg:C00020 + kegg:C00002,2 CHB_16761 = CHB_15422 + CHB_16027,2 ADP(aq) = AMP(aq) + ATP(aq),Blair J.McD.; Eur. J. Biochem.; 13 384 (1970).,70BLA_644,4245368.0,10.1111/j.1432-1033.1970.tb00940.x,298.15,7.5,0.833, ,anion exchange chromatography,triethanolaminehydrochloride (0.01 mol dm-3) + tetramethylammonium hydroxide,"3.4 = -log[Mg+2] _ mol/L;triethanolamine-HCl=0.01;(K)1(Cl)1=0.075;(Mg)1(Cl)2=0.000398 _ KCl (0.075 mol/L), MgCl2 (0.000398 mol/L) _ ",2.7.4.3, ,0.000398 MgCl2 & 0.075 KCl, , , 
1816,1930.0,2844.0,adenylate kinase,2 kegg:C00008 = kegg:C00020 + kegg:C00002,2 CHB_16761 = CHB_15422 + CHB_16027,2 ADP(aq) = AMP(aq) + ATP(aq),Blair J.McD.; Eur. J. Biochem.; 13 384 (1970).,70BLA_644,4245368.0,10.1111/j.1432-1033.1970.tb00940.x,298.15,7.5,0.847, ,anion exchange chromatography,triethanolaminehydrochloride (0.01 mol dm-3) + tetramethylammonium hydroxide,3.37 = -log[Mg+2] _ mol/L;triethanolamine-HCl=0.01;(Mg)1(Cl)2=0.00043 _ MgCl2 (0.00043 mol/L) _ ,2.7.4.3, ,0.0 KCl & 0.00043 MgCl2, , , 
1817,1922.0,2845.0,adenylate kinase,2 kegg:C00008 = kegg:C00020 + kegg:C00002,2 CHB_16761 = CHB_15422 + CHB_16027,2 ADP(aq) = AMP(aq) + ATP(aq),Blair J.McD.; Eur. J. Biochem.; 13 384 (1970).,70BLA_644,4245368.0,10.1111/j.1432-1033.1970.tb00940.x,298.15,7.5,1.153, ,anion exchange chromatography,triethanolaminehydrochloride (0.01 mol dm-3) + tetramethylammonium hydroxide,"3.2 = -log[Mg+2] _ mol/L;triethanolamine-HCl=0.01;(K)1(Cl)1=0.075;(Mg)1(Cl)2=0.000631 _ KCl (0.075 mol/L), MgCl2 (0.000631 mol/L) _ ",2.7.4.3, ,0.000631 MgCl2 & 0.075 KCl, , , 
1818,1929.0,2833.0,adenylate kinase,2 kegg:C00008 = kegg:C00020 + kegg:C00002,2 CHB_16761 = CHB_15422 + CHB_16027,2 ADP(aq) = AMP(aq) + ATP(aq),Blair J.McD.; Eur. J. Biochem.; 13 384 (1970).,70BLA_644,4245368.0,10.1111/j.1432-1033.1970.tb00940.x,298.15,7.5,1.226, ,anion exchange chromatography,triethanolaminehydrochloride (0.01 mol dm-3) + tetramethylammonium hydroxide,3.13 = -log[Mg+2] _ mol/L;triethanolamine-HCl=0.01;(Mg)1(Cl)2=0.000736 _ MgCl2 (0.000736 mol/L) _ ,2.7.4.3, ,0.0 KCl & 0.000736 MgCl2, , , 
1819,1933.0,4514.0,alanine aminotransferase,kegg:C00041 + kegg:C00026 = kegg:C00022 + kegg:C00025,CHB_16810 + CHB_16977 = CHB_15361 + CHB_29985,L-alanine(aq) + 2-oxoglutarate(aq) = pyruvate(aq) + L-glutamate(aq),Brosnan J.T.; Krebs H.A.; Williamson D.H.; Biochem. J.; 117 91 (1970).,70BRO/KRE_512,4316090.0,10.1042/bj1170091,311.15,7.0,0.68, ,spectrophotometry,phosphate (0.1 mol dm-3),mol/L;IS=0.25  ,2.6.1.2, , ,0.25, , 
1820,1934.0,1256.0,"lysine 2,3-aminomutase",kegg:C00047 = kegg:C01142,CHB_18019 = CHB_15613,"L-lysine(aq) = (3S)-3,6-diaminohexanoate(aq)",Chirpich T.P.; Zappia V.; Costilow R.N.; Barker H.A.; J. Biol. Chem.; 245 1778 (1970).,70CHI/ZAP_1416,5438361.0, ,310.15,7.8,6.7, ,radioactivity,Tris (0.025 mol dm-3) + HCl,"mol/L;Tris-HCl=0.025;L-lysine=0.0012987;(3S)-3,6-diaminohexanoate=0.0087013;(Na)2(S2O4)1=0.001  ",5.4.3.2, , , , , 
1821,1944.0,3025.0,alkaline phosphatase,kegg:C00227 + kegg:C00001 = kegg:C00033 + kegg:C00009, ,acetyl phosphate2-(aq) + H2O(l) = acetate-(aq) + HPO42-(aq),George P.; Witonsky R.J.; Trachtman M.; Wu C.; Dowart W.; Richman L.; Richman W.; Shurayh F.; Lentz B; Biochim. Biophys. Acta; 226 1 (1970).,70GEO/WIT_755, , ,298.15, , , ,calorimetry and chromatography and enzymatic assay, ,   ,3.1.3.1, , , , ,-26.8
1822,,3035.0,alkaline phosphatase,kegg:C00020 + kegg:C00001 = kegg:C00212 + kegg:C00009, ,AMP2--(aq) + H2O(l) = adenosine(aq) + HPO42-(aq),George P.; Witonsky R.J.; Trachtman M.; Wu C.; Dowart W.; Richman L.; Richman W.; Shurayh F.; Lentz B; Biochim. Biophys. Acta; 226 1 (1970).,70GEO/WIT_758, , ,298.15, ,48, ,chromatography and enzymatic assay, , ,3.1.3.1, , ,0.0, , 
1823,1945.0, ,alkaline phosphatase, , ,D-glucose 6-phosphate2-(aq) + H2O(l) = D-glucose(aq) + HPO42-(aq),George P.; Witonsky R.J.; Trachtman M.; Wu C.; Dowart W.; Richman L.; Richman W.; Shurayh F.; Lentz B; Biochim. Biophys. Acta; 226 1 (1970).,70GEO/WIT_777, , ,298.15, , , ,calorimetry and chromatography and enzymatic assay, ,   ,3.1.3.1, , , , ,-2.5
1824,1946.0,1915.0,alkaline phosphatase,kegg:C00074 + kegg:C00001 = kegg:C00022 + kegg:C00009, ,phosphoenolpyruvate3-(aq) + H2O(l) = pyruvate-(aq) + HPO42-(aq),George P.; Witonsky R.J.; Trachtman M.; Wu C.; Dowart W.; Richman L.; Richman W.; Shurayh F.; Lentz B; Biochim. Biophys. Acta; 226 1 (1970).,70GEO/WIT_806, , ,298.15, , , ,calorimetry and chromatography and enzymatic assay, ,   ,3.1.3.1, , , , ,-25.1
1825,1947.0, ,N-methyl-2-oxoglutaramate hydrolase, ,CHB_15377 + MAN_10120 = CHB_16810 + CHB_16830,5-hydroxy-N-methylpyroglutamate(aq) + H2O(l) = 2-oxoglutarate(aq) + methylamine(aq),Hersh L.B.; J. Biol. Chem.; 245 3526 (1970).,70HER_1035,5470822.0, ,303.15,8.0,0.002, ,enzymatic assay,Tricine (0.2 mol dm-3),mol/L;Tricine=0.2;5-hydroxy-N-methylpyroglutamate=0.1  ,3.5.1.36, , , , , 
1826,1948.0,2894.0,mannose isomerase,kegg:C00159 = kegg:C00095,CHB_4208 = CHB_37721,D-mannose(aq) = D-fructose(aq),Hey-Ferguson A.; Elbein A.D.; J. Bacteriol.; 101 777 (1970).,70HEY/ELB_1343,5438047.0, ,310.15,7.5,1.9, ,spectrophotometry and chemical analysis,Tris + maleate,mol/L;Tris-maleate buffer=0.025  ,5.3.1.7, , , , , 
1827,1949.0,1815.0,branched-chain-amino-acid transaminase,kegg:C00123 + kegg:C00026 = kegg:C00233 + kegg:C00025,CHB_15603 + CHB_16810 = CHB_29985 + CHB_48430,L-leucine(aq) + 2-oxoglutarate(aq) = 4-methyl-2-oxopentanooate(aq) + L-glutamate(aq),Jenkins W.T.; Taylor W.T.; Methods Enzymol.; 17A 802 (1970),70JEN/TAY_536, , ,310.15,8.3,1.75, ,spectrophotometry,Tris,mol/L;Tris=0.067;L-leucine=0.00287;2-oxoglutarate=0.00287;4-methyl-2-oxopentanooate=0.0038;L-glutamate=0.0038  ,2.6.1.42, , , , , 
1828,1950.0,759.0,UTP-glucose-1-phosphate uridylyltransferase,kegg:C00075 + kegg:C00103 = kegg:C00013 + kegg:C00029,CHB_15713 + CHB_16077 = CHB_18066 + CHB_18361,UTP(aq) + Î±-D-glucose 1-phosphate(aq) = pyrophosphate(aq) + UDPglucose(aq),Knop J.K.; Hansen R.G.; J. Biol. Chem.; 245 2499 (1970).,70KNO/HAN_690,5427280.0, ,303.15,7.8,0.155, , ,Tris acetate (0.10 mol dm-3),mol/L;Tris-acetate=0.09;(Mg)1=0.001;acetate=0.002;2-mercaptoethanol=0.002;D-glucose 1-phosphate=0.000715;UTP=0.000731;UDPglucose=0.0002867;pyrophosphate=0.0002817  ,2.7.7.9, , , , , 
1829,1957,2566.0,glyoxylate reductase,kegg:C00160 + kegg:C00003 = kegg:C00048 + kegg:C00004,CHB_15846 + CHB_29805 = CHB_16891 + CHB_16908,glycolate(aq) + NAD(aq) = glyoxylate(aq) + NADH(aq),Kohn L.D.; Warren W.A.; J. Biol. Chem.; 245 3831 (1970).,70KOH/WAR_91,4395378.0, ,298.15,8.5,9.30E-07, ,spectrophotometry,(Tris + HCl) and phosphate,mol/L;potassium phosphate=0.01;(Na)1=0.05;glyoxylate=0.05;NADH=0.0002;NAD=0;glycolate=0 _ nan _ ,1.1.1.26, , ,, , 
1830,1956,2568.0,glyoxylate reductase,kegg:C00160 + kegg:C00003 = kegg:C00048 + kegg:C00004,CHB_15846 + CHB_29805 = CHB_16891 + CHB_16908,glycolate(aq) + NAD(aq) = glyoxylate(aq) + NADH(aq),Kohn L.D.; Warren W.A.; J. Biol. Chem.; 245 3831 (1970).,70KOH/WAR_91,4395378.0, ,298.15,8.5,7.30E-07, ,spectrophotometry,(Tris + HCl) and phosphate,mol/L;Tris-HCl=0.2;glycolate=0.025;NAD=0.002;glyoxylate=0;NADH=0 _ nan _ ,1.1.1.26, , ,, , 
1831,1955,2567.0,glyoxylate reductase,kegg:C00160 + kegg:C00003 = kegg:C00048 + kegg:C00004,CHB_15846 + CHB_29805 = CHB_16891 + CHB_16908,glycolate(aq) + NAD(aq) = glyoxylate(aq) + NADH(aq),Kohn L.D.; Warren W.A.; J. Biol. Chem.; 245 3831 (1970).,70KOH/WAR_91,4395378.0, ,298.15,8.83,1.80E-06, ,spectrophotometry,(Tris + HCl) and phosphate,mol/L;Tris-HCl=0.2;glycolate=0.025;NAD=0.002;glyoxylate=0;NADH=0 _ nan _ ,1.1.1.26, , ,, , 
1832,1958.0,178.0,phosphoglycerate kinase,kegg:C00002 + kegg:C00197 = kegg:C00008 + kegg:C00236,CHB_15422 + CHB_17794 = CHB_16001 + CHB_16761,ATP(aq) + 3-phospho-D-glycerate(aq) = ADP(aq) + 3-phospho-D-glyceroyl phosphate(aq),Krietsch W.K.G.; B|cher T.; Eur. J. Biochem.; 17 568 (1970).,70KRI/BUC_579,5493986.0,10.1111/j.1432-1033.1970.tb01202.x,298.15,7.6,0.0003, ,spectrophotometry,triethanolamine (0.080 mol dm-3),mol/L;triethanolamine buffer=0.08;(Mg)1(SO4)1=0.008;NADH=0.00025;ATP=0.0024;3-phospho-D-glycerate=0.012;ADP=0;3-phospho-D-glyceroyl phosphate=0  ,2.7.2.3, , , , , 
1833,,514.0,[glutamate-ammonia-ligase] adenylyltransferase,kegg:C00002 + kegg:C01281 = kegg:C00013 + kegg:C01299, ,ATP(aq) + [L-glutamate:ammonia ligase(ADP-forming)](aq) = pyrophosphate(aq) + adenylyl-[L-glutamate:ammonia ligase(ADP-forming)](aq),Mantel M.; Holzer H.; Proc. Natl. Acad. Sci. USA; 65 660 (1970).,70MAN/HOL_708,4910853.0,10.1073/pnas.65.3.660,303.15,7.36,8.5, , ,Tris (0.1 mol dm-3) + HCl, ,2.7.7.42, , , , , 
1834,1959.0,544.0,2-aminoadipate transaminase,kegg:C00956 + kegg:C00026 = kegg:C00322 + kegg:C00025,CHB_16810 + CHB_37023 = CHB_15753 + CHB_29985,L-2-aminoadipate(aq) + 2-oxoglutarate(aq) = 2-oxoadipate(aq) + L-glutamate(aq),Nakatani Y.; Fujioka M.; Higashino K.; Biochim. Biophys. Acta; 198 219 (1970).,70NAK/FUJ_535, , ,310.15,7.5,1.32, ,spectrophotometry,phosphate (0.17 mol dm-3),mol/L;potassium phosphate buffer=0.167  ,2.6.1.39, , , , , 
1835,1960.0,518.0,diiodophenylpyruvate reductase,kegg:C04367 + kegg:C00003 = kegg:C01244 + kegg:C00004,CHB_15846 + CHB_16122 = CHB_16908 + CHB_17131,"Î²-(3,5-diiodo-4-hydroxyphenyl)lactate(aq) + NAD(aq) = Î²-(3,5-diiodo-4-hydroxyphenyl)pyruvate(aq) + NADH(aq)",Nakano M.; Tsutsumi Y.; Danowski T.S.; J. Biol. Chem.; 245 4443 (1970).,70NAK/TSU_205,5498430.0, ,298.15,6.5,8.20E-07, ,spectrophotometry,phosphate (0.080 mol dm-3),mol/L;sodium phosphate buffer =0.08  ,1.1.1.96, , , , , 
1836,1961.0,1829.0,UDPglucose 4-epimerase,kegg:C00029 = kegg:C00052,CHB_18066 = CHB_18307,UDPglucose(aq) = UDPgalactose(aq),Tsai C.M.; Holmberg N.; Ebner K.E.; Archiv. Biochem. Biophys.; 136 233 (1970).,70TSA/HOL_1255, , ,298.15,8.7,0.3, ,spectrophotometry,glycine (0.1 mol dm-3) + NaOH,mol/L;glycine buffer =0.1  ,5.1.3.2, , , , , 
1837,1962.0,817.0,"2,4-diaminopentanoate dehydrogenase",kegg:C03943 + kegg:C00003 + kegg:C00001 = kegg:C03341 + kegg:C00004 + kegg:C00014,CHB_15377 + CHB_15846 + CHB_16594 = CHB_15914 + CHB_16134 + CHB_16908,"2,4-diaminopentanoate(aq) + NAD(aq) + H2O(l) = 2-amino-4-oxopentanoate(aq) + NADH(aq) + ammonia(aq)",Tsuda Y.; Friedman H.C.; J. Biol. Chem.; 245 5914 (1970).,70TSU/FRI_291,4394942.0, ,301.15,8.75,0.000324, ,spectrophotometry,sodium pyrophosphate (0.050 mol dm-3),mol/L;sodium pyrophosphate buffer =0.05  ,1.4.1.12, , , , , 
1838,1963.0,1571.0,glyceraldehyde-3-phocphate dehydrogenase and phosphoglycerate kinase,kegg:C00118 + kegg:C00008 + kegg:C00003 + kegg:C00009 = kegg:C00197 + kegg:C00002 + kegg:C00004,CHB_15846 + CHB_16761 + CHB_26078 + CHB_29052 = CHB_15422 + CHB_16908 + CHB_17794,D-glyceraldehyde 3-phosphate(aq) + ADP(aq) + NAD(aq) + orthophosphate(aq) = 3-phospho-D-glycerate(aq) + ATP(aq) + NADH(aq),Veech R.L.; Raijman L.; Krebs H.A.; Biochem. J.; 117 499 (1970).,70VEE/RAI_257, , ,311.15,7.0,59, ,spectrophotometry,phosphate,   ,1.2.1.12 & 1.2.1.12 & 2.7.2.3 & 2.7.2.3, , , , , 
1839,1964.0,842.0,glyceraldehyde-3-phosphate dehydrogenase and phosphoglycerate kinase,kegg:C00118 + kegg:C00008 + kegg:C00003 + kegg:C00009 = kegg:C00197 + kegg:C00002 + kegg:C00004,CHB_15846 + CHB_16761 + CHB_26078 + CHB_29052 = CHB_15422 + CHB_16908 + CHB_17794,D-glyceraldehyde 3-phosphate(aq) + ADP(aq) + NAD(aq) + orthophosphate(aq) = 3-phospho-D-glycerate(aq) + ATP(aq) + NADH(aq),Veech R.L.; Raijman L.; Krebs H.A.; Biochem. J.; 117 499 (1970).,70VEE/RAI_584,4315932.0,10.1042/bj1170499,311.15,7.0,59, ,spectrophotometry,phosphate,mol/L;IS=0.25;Mg2+_free = 0.0006  ,1.2.1.12 & 1.2.1.12 & 2.7.2.3 & 2.7.2.3, , ,0.25, , 
1840,1965.0,1453.0,glucose-6-phosphate dehydrogenase,kegg:C00092 + kegg:C00006 = kegg:C01236 + kegg:C00005,CHB_18009 + CHB_4170 = CHB_16474 + CHB_16938,"D-glucose 6-phosphate(aq) + NADP(aq) = D-glucono-1,5-lactone 6-phosphate(aq) + NADPH(aq)",Wurster B.; Hess B.; Hoppe-Seyler's Z. Physiol. Chem.; 351 1537 (1970).,70WUR/HES_163,4395302.0,10.1515/bchm2.1970.351.2.1537,298.15,6.4,1.3, ,spectrophotometry,imidazole (0.050 mol dm-3) + HCl,   ,1.1.1.49, , , , , 
1841,1966.0,1452.0,glucose-6-phosphate dehydrogenase,kegg:C00092 + kegg:C00006 = kegg:C01236 + kegg:C00005,CHB_18009 + CHB_4170 = CHB_16474 + CHB_16938,"D-glucose 6-phosphate(aq) + NADP(aq) = D-glucono-1,5-lactone 6-phosphate(aq) + NADPH(aq)",Wurster B.; Hess B.; Hoppe-Seyler's Z. Physiol. Chem.; 351 1537 (1970).,70WUR/HES_163,4395302.0,10.1515/bchm2.1970.351.2.1537,298.15,7.6,52, ,spectrophotometry,imidazole (0.050 mol dm-3) + HCl,   ,1.1.1.49, , , , , 
1842,1967.0,3834.0,glucose-6-phosphate isomerase,kegg:C00092 = kegg:C00085,CHB_4170 = CHB_61553,D-glucose 6-phosphate(aq) = D-fructose 6-phosphate(aq),Wurster B.; Schneider F.; Hoppe-Seyler's Z. Physiol. Chem.; 351 961 (1970).,70WUR/SCH_1359,5451283.0, ,298.15,6.4,0.28, ,enzymatic assay,imidazole (0.050 mol dm-3) + HCl,   ,5.3.1.9, , , , , 
1843,1973.0,4256.0,creatine kinase,kegg:C00002 + kegg:C00300 = kegg:C00008 + kegg:C02305,CHB_15422 + CHB_16919 = CHB_16761 + CHB_17287,ATP(aq) + creatine(aq) = ADP(aq) + phosphocreatine(aq),Chetverikova E.P.; Alievskaya L.L.; Krinskaya A.V.; Biokhimiya (Moscow); 36 717 (1971).,71CHE/ALI_597,5095956.0, ,303.15,7.0,0.025, ,chemical analysis,Tris (0.025 mol dm-3) + HCl,4.0 = -log[Mg+2] _   _ MgCl2 (0.0001 mol/L) _ ,2.7.3.2, ,0.0 CaCl2 & 0.0001 MgCl2, , , 
1844,1972.0,4249.0,creatine kinase,kegg:C00002 + kegg:C00300 = kegg:C00008 + kegg:C02305,CHB_15422 + CHB_16919 = CHB_16761 + CHB_17287,ATP(aq) + creatine(aq) = ADP(aq) + phosphocreatine(aq),Chetverikova E.P.; Alievskaya L.L.; Krinskaya A.V.; Biokhimiya (Moscow); 36 717 (1971).,71CHE/ALI_597,5095956.0, ,303.15,7.0,0.015, ,chemical analysis,Tris (0.025 mol dm-3) + HCl,3.52 = -log[Mg+2] _   _ MgCl2 (0.0003 mol/L) _ ,2.7.3.2, ,0.0 CaCl2 & 0.0003 MgCl2, , , 
1845,1975.0,4244.0,creatine kinase,kegg:C00002 + kegg:C00300 = kegg:C00008 + kegg:C02305,CHB_15422 + CHB_16919 = CHB_16761 + CHB_17287,ATP(aq) + creatine(aq) = ADP(aq) + phosphocreatine(aq),Chetverikova E.P.; Alievskaya L.L.; Krinskaya A.V.; Biokhimiya (Moscow); 36 717 (1971).,71CHE/ALI_597,5095956.0, ,303.15,7.0,0.012, ,chemical analysis,Tris (0.025 mol dm-3) + HCl,  _ CaCl2 (0.0001 mol/L) _ ,2.7.3.2, ,0.0 MgCl2 & 0.0001 CaCl2, , , 
1846,1974.0,4251.0,creatine kinase,kegg:C00002 + kegg:C00300 = kegg:C00008 + kegg:C02305,CHB_15422 + CHB_16919 = CHB_16761 + CHB_17287,ATP(aq) + creatine(aq) = ADP(aq) + phosphocreatine(aq),Chetverikova E.P.; Alievskaya L.L.; Krinskaya A.V.; Biokhimiya (Moscow); 36 717 (1971).,71CHE/ALI_597,5095956.0, ,303.15,7.0,0.005, ,chemical analysis,Tris (0.025 mol dm-3) + HCl,  _ CaCl2 (0.0001 mol/L) _ ,2.7.3.2, ,0.0 MgCl2 & 0.0001 CaCl2, , , 
1847,1971.0,4252.0,creatine kinase,kegg:C00002 + kegg:C00300 = kegg:C00008 + kegg:C02305,CHB_15422 + CHB_16919 = CHB_16761 + CHB_17287,ATP(aq) + creatine(aq) = ADP(aq) + phosphocreatine(aq),Chetverikova E.P.; Alievskaya L.L.; Krinskaya A.V.; Biokhimiya (Moscow); 36 717 (1971).,71CHE/ALI_597,5095956.0, ,303.15,7.0,0.01, ,chemical analysis,Tris (0.025 mol dm-3) + HCl,3.0 = -log[Mg+2] _   _ MgCl2 (0.001 mol/L) _ ,2.7.3.2, ,0.0 CaCl2 & 0.001 MgCl2, , , 
1848,1976.0,4254.0,creatine kinase,kegg:C00002 + kegg:C00300 = kegg:C00008 + kegg:C02305,CHB_15422 + CHB_16919 = CHB_16761 + CHB_17287,ATP(aq) + creatine(aq) = ADP(aq) + phosphocreatine(aq),Chetverikova E.P.; Alievskaya L.L.; Krinskaya A.V.; Biokhimiya (Moscow); 36 717 (1971).,71CHE/ALI_597,5095956.0, ,303.15,7.0,0.009, ,chemical analysis,Tris (0.025 mol dm-3) + HCl,  _ CaCl2 (0.00025 mol/L) _ ,2.7.3.2, ,0.0 MgCl2 & 0.00025 CaCl2, , , 
1849,1970.0,4247.0,creatine kinase,kegg:C00002 + kegg:C00300 = kegg:C00008 + kegg:C02305,CHB_15422 + CHB_16919 = CHB_16761 + CHB_17287,ATP(aq) + creatine(aq) = ADP(aq) + phosphocreatine(aq),Chetverikova E.P.; Alievskaya L.L.; Krinskaya A.V.; Biokhimiya (Moscow); 36 717 (1971).,71CHE/ALI_597,5095956.0, ,303.15,7.0,0.004, ,chemical analysis,Tris (0.025 mol dm-3) + HCl,  _ MgCl2 (0.003 mol/L) _ ,2.7.3.2, ,0.0 CaCl2 & 0.003 MgCl2, , , 
1850,1977.0,4250.0,creatine kinase,kegg:C00002 + kegg:C00300 = kegg:C00008 + kegg:C02305,CHB_15422 + CHB_16919 = CHB_16761 + CHB_17287,ATP(aq) + creatine(aq) = ADP(aq) + phosphocreatine(aq),Chetverikova E.P.; Alievskaya L.L.; Krinskaya A.V.; Biokhimiya (Moscow); 36 717 (1971).,71CHE/ALI_597,5095956.0, ,303.15,7.0,0.004, ,chemical analysis,Tris (0.025 mol dm-3) + HCl,2.52 = -log[Mg+2] _   _ CaCl2 (0.0005 mol/L) _ ,2.7.3.2, ,0.0 MgCl2 & 0.0005 CaCl2, , , 
1851,1978.0,4255.0,creatine kinase,kegg:C00002 + kegg:C00300 = kegg:C00008 + kegg:C02305,CHB_15422 + CHB_16919 = CHB_16761 + CHB_17287,ATP(aq) + creatine(aq) = ADP(aq) + phosphocreatine(aq),Chetverikova E.P.; Alievskaya L.L.; Krinskaya A.V.; Biokhimiya (Moscow); 36 717 (1971).,71CHE/ALI_597,5095956.0, ,303.15,7.0,0.005, ,chemical analysis,Tris (0.025 mol dm-3) + HCl,  _ CaCl2 (0.0005 mol/L) _ ,2.7.3.2, ,0.0 MgCl2 & 0.0005 CaCl2, , , 
1852,1969.0,4245.0,creatine kinase,kegg:C00002 + kegg:C00300 = kegg:C00008 + kegg:C02305,CHB_15422 + CHB_16919 = CHB_16761 + CHB_17287,ATP(aq) + creatine(aq) = ADP(aq) + phosphocreatine(aq),Chetverikova E.P.; Alievskaya L.L.; Krinskaya A.V.; Biokhimiya (Moscow); 36 717 (1971).,71CHE/ALI_597,5095956.0, ,303.15,7.0,0.003, ,chemical analysis,Tris (0.025 mol dm-3) + HCl,  _ MgCl2 (0.01 mol/L) _ ,2.7.3.2, ,0.0 MgCl2 & 0.001 CaCl2, , , 
1853,1979.0,4253.0,creatine kinase,kegg:C00002 + kegg:C00300 = kegg:C00008 + kegg:C02305,CHB_15422 + CHB_16919 = CHB_16761 + CHB_17287,ATP(aq) + creatine(aq) = ADP(aq) + phosphocreatine(aq),Chetverikova E.P.; Alievskaya L.L.; Krinskaya A.V.; Biokhimiya (Moscow); 36 717 (1971).,71CHE/ALI_597,5095956.0, ,303.15,7.0,0.003, ,chemical analysis,Tris (0.025 mol dm-3) + HCl,2.0 = -log[Mg+2] _   _ CaCl2 (0.001 mol/L) _ ,2.7.3.2, ,0.0 MgCl2 & 0.001 CaCl2, , , 
1854,, ,creatine kinase, , ,ATP(aq) + creatine(aq) = ADP(aq) + phosphocreatine(aq),Chetverikova E.P.; Alievskaya L.L.; Krinskaya A.V.; Biokhimiya (Moscow); 36 717 (1971).,71CHE/ALI_597,5095956.0, ,303.15,7.0,0.003, ,chemical analysis,Tris (0.025 mol dm-3) + HCl, ,2.7.3.2, ,0.0 CaCl2 & 0.01 MgCl2, , , 
1855,1980.0,4246.0,creatine kinase,kegg:C00002 + kegg:C00300 = kegg:C00008 + kegg:C02305,CHB_15422 + CHB_16919 = CHB_16761 + CHB_17287,ATP(aq) + creatine(aq) = ADP(aq) + phosphocreatine(aq),Chetverikova E.P.; Alievskaya L.L.; Krinskaya A.V.; Biokhimiya (Moscow); 36 717 (1971).,71CHE/ALI_597,5095956.0, ,303.15,7.0,0.002, ,chemical analysis,Tris (0.025 mol dm-3) + HCl,  _ CaCl2 (0.002 mol/L) _ ,2.7.3.2, ,0.0 MgCl2 & 0.002 CaCl2, , , 
1856,1981.0,4248.0,creatine kinase,kegg:C00002 + kegg:C00300 = kegg:C00008 + kegg:C02305,CHB_15422 + CHB_16919 = CHB_16761 + CHB_17287,ATP(aq) + creatine(aq) = ADP(aq) + phosphocreatine(aq),Chetverikova E.P.; Alievskaya L.L.; Krinskaya A.V.; Biokhimiya (Moscow); 36 717 (1971).,71CHE/ALI_597,5095956.0, ,303.15,7.0,0.0025, ,chemical analysis,Tris (0.025 mol dm-3) + HCl,  _ CaCl2 (0.002 mol/L) _ ,2.7.3.2, ,0.0 MgCl2 & 0.002 CaCl2, , , 
1857,1987,716.0,cytidine deaminase,kegg:C00475 + kegg:C00001 = kegg:C00299 + kegg:C00014,CHB_15377 + CHB_17562 = CHB_16134 + CHB_16704,cytidine(aq) + H2O(l) = uridine(aq) + ammonia(aq),Cohen R.M.; Wolfenden R.; J. Biol. Chem.; 246 7566 (1971).,71COH/WOL_1054, , ,298.15,10.69,2430, ,spectrophotometry,ammonia (2.0 mol dm-3) + HCl,mol/L;IS=2.0 _ nan _ ,3.5.4.5, , ,, , 
1858,,719.0,cytidine deaminase,kegg:C00475 + kegg:C00001 = kegg:C00299 + kegg:C00014, ,cytidine(aq) + H2O(l) = uridine(aq) + ammonia(aq),Cohen R.M.; Wolfenden R.; J. Biol. Chem.; 246 7566 (1971).,71COH/WOL_1054, , ,298.15,7.0,10300, ,spectrophotometry,ammonia (2.0 mol dm-3) + HCl, ,3.5.4.5, , , , , 
1859,,717.0,cytidine deaminase,kegg:C00475 + kegg:C00001 = kegg:C00299 + kegg:C00014, ,cytidine(aq) + H2O(l) = uridine(aq) + ammonia(aq),Cohen R.M.; Wolfenden R.; J. Biol. Chem.; 246 7566 (1971).,71COH/WOL_1054, , ,298.15,7.92,1860, ,spectrophotometry,ammonia (2.0 mol dm-3) + HCl, ,3.5.4.5, , , , , 
1860,,718.0,cytidine deaminase,kegg:C00475 + kegg:C00001 = kegg:C00299 + kegg:C00014, ,cytidine(aq) + H2O(l) = uridine(aq) + ammonia(aq),Cohen R.M.; Wolfenden R.; J. Biol. Chem.; 246 7566 (1971).,71COH/WOL_1054, , ,298.15,8.48,622, ,spectrophotometry,ammonia (2.0 mol dm-3) + HCl, ,3.5.4.5, , , , , 
1861,1983,714.0,cytidine deaminase,kegg:C00475 + kegg:C00001 = kegg:C00299 + kegg:C00014,CHB_15377 + CHB_17562 = CHB_16134 + CHB_16704,cytidine(aq) + H2O(l) = uridine(aq) + ammonia(aq),Cohen R.M.; Wolfenden R.; J. Biol. Chem.; 246 7566 (1971).,71COH/WOL_1054, , ,298.15,8.84,379, ,spectrophotometry,ammonia (2.0 mol dm-3) + HCl,mol/L;IS=2.0 _ nan _ ,3.5.4.5, , ,, , 
1862,1982,720.0,cytidine deaminase,kegg:C00475 + kegg:C00001 = kegg:C00299 + kegg:C00014,CHB_15377 + CHB_17562 = CHB_16134 + CHB_16704,cytidine(aq) + H2O(l) = uridine(aq) + ammonia(aq),Cohen R.M.; Wolfenden R.; J. Biol. Chem.; 246 7566 (1971).,71COH/WOL_1054, , ,298.15,9.31,318, ,spectrophotometry,ammonia (2.0 mol dm-3) + HCl,mol/L;IS=2.0 _ nan _ ,3.5.4.5, , ,, , 
1863,1984,715.0,cytidine deaminase,kegg:C00475 + kegg:C00001 = kegg:C00299 + kegg:C00014,CHB_15377 + CHB_17562 = CHB_16134 + CHB_16704,cytidine(aq) + H2O(l) = uridine(aq) + ammonia(aq),Cohen R.M.; Wolfenden R.; J. Biol. Chem.; 246 7566 (1971).,71COH/WOL_1054, , ,298.15,9.77,439, ,spectrophotometry,ammonia (2.0 mol dm-3) + HCl,mol/L;IS=2.0 _ nan _ ,3.5.4.5, , ,, , 
1864,, ,cytidine deaminase, , ,N4-methylcytidine(aq) + H2O(l) = uridine(aq) + methylamine(aq),Cohen R.M.; Wolfenden R.; J. Biol. Chem.; 246 7566 (1971).,71COH/WOL_1055,4944312.0, ,298.15,10.17,21, ,spectrophotometry,methylamine (0.32 mol dm-3) + HCl, ,3.5.4.5, , , , , 
1865,, ,cytidine deaminase, , ,N4-methylcytidine(aq) + H2O(l) = uridine(aq) + methylamine(aq),Cohen R.M.; Wolfenden R.; J. Biol. Chem.; 246 7566 (1971).,71COH/WOL_1055,4944312.0, ,298.15,10.6,37, ,spectrophotometry,methylamine (0.32 mol dm-3) + HCl, ,3.5.4.5, , , , , 
1866,1991, ,cytidine deaminase, ,CHB_15377 + PBC_101436 = CHB_16704 + CHB_16830,N4-methylcytidine(aq) + H2O(l) = uridine(aq) + methylamine(aq),Cohen R.M.; Wolfenden R.; J. Biol. Chem.; 246 7566 (1971).,71COH/WOL_1055,4944312.0, ,298.15,11.0,163, ,spectrophotometry,methylamine (0.32 mol dm-3) + HCl,mol/L;IS=2.0 _ nan _ ,3.5.4.5, , ,, , 
1867,, ,cytidine deaminase, , ,N4-methylcytidine(aq) + H2O(l) = uridine(aq) + methylamine(aq),Cohen R.M.; Wolfenden R.; J. Biol. Chem.; 246 7566 (1971).,71COH/WOL_1055,4944312.0, ,298.15,7.5,488, ,spectrophotometry,methylamine (0.32 mol dm-3) + HCl, ,3.5.4.5, , , , , 
1868,, ,cytidine deaminase, , ,N4-methylcytidine(aq) + H2O(l) = uridine(aq) + methylamine(aq),Cohen R.M.; Wolfenden R.; J. Biol. Chem.; 246 7566 (1971).,71COH/WOL_1055,4944312.0, ,298.15,8.87,43, ,spectrophotometry,methylamine (0.32 mol dm-3) + HCl, ,3.5.4.5, , , , , 
1869,, ,cytidine deaminase, , ,N4-methylcytidine(aq) + H2O(l) = uridine(aq) + methylamine(aq),Cohen R.M.; Wolfenden R.; J. Biol. Chem.; 246 7566 (1971).,71COH/WOL_1055,4944312.0, ,298.15,9.5,22, ,spectrophotometry,methylamine (0.32 mol dm-3) + HCl, ,3.5.4.5, , , , , 
1870,1995.0,2637.0,choline O-acetyltransferase,kegg:C00024 + kegg:C00114 = kegg:C00010 + kegg:C01996,CHB_15351 + CHB_15354 = CHB_15346 + CHB_15355,acetyl-CoA(aq) + choline(aq) = CoA(aq) + O-acetylcholine(aq),Glover V.A.S.; Potter L.T.; J. Neurochem.; 18 571 (1971).,71GLO/POT_387, , ,310.15,7.2,41, ,spectrophotometry,phosphate (0.010 mol dm-3),mol/L;(K)1(Cl)1=0.1;phosphate buffer=0.01;EDTA=0.0001;O-acetylcholine=0.008875  ,2.3.1.6, , , , , 
1871,1996.0,176.0,adenylate cyclase,kegg:C00002 = kegg:C00575 + kegg:C00013,CHB_15422 = CHB_17489 + CHB_18361,ATP(aq) = adenosine 3':5'-(cyclic)phosphate(aq) + diphosphate(aq),Hayaishi O.; Greengard P.; Colowick S.P.; J. Biol. Chem.; 246 5840 (1971).,71HAY/GRE_1229,4328843.0, ,298.15,7.3,0.065, ,enzymatic assay,Tris (0.050 mol dm-3) + HCl,mol/L;Tris-HCl=0.05;(Na)4=0.01;(Mg)1(SO4)1=0.01;sodium pyruvate=0.005;(Na)1(F)1=0.003;diphosphate=0.01;adenosine 3':5'-(cyclic)phosphate=0.01;ATP=0  ,4.6.1.1, , , , , 
1872,2020.0,2678.0,adenylate kinase,2 kegg:C00008 = kegg:C00020 + kegg:C00002,2 CHB_16761 = CHB_15422 + CHB_16027,2 ADP(aq) = AMP(aq) + ATP(aq),Horn A.; Husung R.; Schrvder M.; Bvrnig H.; Acta Biol. Med. Germ. 27 821 (1971).,71HOR/HUS_645,5148773.0, ,303.15,4.9,0.787, ,paper chromatography and spectrophotometry,triethanolamine (0.1 mol dm-3) + HCl,"2.27 = -log[Mg+2] _ mol/L;triethanolamine-HCl=0.1;(Mg)1(Cl)2=0.00535;ADP=0.005;AMP=0;ATP=0 _ Mg_tot (0.00535 mol/L), nucleotides_tot (0.005 mol/L) _ ",2.7.4.3, ,0.005 nucleotide & 0.00535 Mg, , , 
1873,1998.0,2676.0,adenylate kinase,2 kegg:C00008 = kegg:C00020 + kegg:C00002,2 CHB_16761 = CHB_15422 + CHB_16027,2 ADP(aq) = AMP(aq) + ATP(aq),Horn A.; Husung R.; Schrvder M.; Bvrnig H.; Acta Biol. Med. Germ. 27 821 (1971).,71HOR/HUS_645,5148773.0, ,303.15,5.0,0.662, ,paper chromatography and spectrophotometry,triethanolamine (0.1 mol dm-3) + HCl,"2.61 = -log[Mg+2] _ mol/L;triethanolamine-HCl=0.1;(Mg)1(Cl)2=0.00243;ADP=0.005;AMP=0;ATP=0 _ Mg_tot (0.00243 mol/L), nucleotides_tot (0.005 mol/L) _ ",2.7.4.3, ,0.00243 Mg & 0.005 nucleotide, , , 
1874,2022.0,2677.0,adenylate kinase,2 kegg:C00008 = kegg:C00020 + kegg:C00002,2 CHB_16761 = CHB_15422 + CHB_16027,2 ADP(aq) = AMP(aq) + ATP(aq),Horn A.; Husung R.; Schrvder M.; Bvrnig H.; Acta Biol. Med. Germ. 27 821 (1971).,71HOR/HUS_645,5148773.0, ,303.15,5.0,0.862, ,paper chromatography and spectrophotometry,triethanolamine (0.1 mol dm-3) + HCl,"2.27 = -log[Mg+2] _ mol/L;triethanolamine-HCl=0.1;(Mg)1(Cl)2=0.00535;ADP=0.005;AMP=0;ATP=0 _ Mg_tot (0.00535 mol/L), nucleotides_tot (0.005 mol/L) _ ",2.7.4.3, ,0.005 nucleotide & 0.00535 Mg, , , 
1875,2000.0,2689.0,adenylate kinase,2 kegg:C00008 = kegg:C00020 + kegg:C00002,2 CHB_16761 = CHB_15422 + CHB_16027,2 ADP(aq) = AMP(aq) + ATP(aq),Horn A.; Husung R.; Schrvder M.; Bvrnig H.; Acta Biol. Med. Germ. 27 821 (1971).,71HOR/HUS_645,5148773.0, ,303.15,5.49,0.84, ,paper chromatography and spectrophotometry,triethanolamine (0.1 mol dm-3) + HCl,"2.61 = -log[Mg+2] _ mol/L;triethanolamine-HCl=0.1;(Mg)1(Cl)2=0.00243;ADP=0.005;AMP=0;ATP=0 _ Mg_tot (0.00243 mol/L), nucleotides_tot (0.005 mol/L) _ ",2.7.4.3, ,0.00243 Mg & 0.005 nucleotide, , , 
1876,2021.0,2681.0,adenylate kinase,2 kegg:C00008 = kegg:C00020 + kegg:C00002,2 CHB_16761 = CHB_15422 + CHB_16027,2 ADP(aq) = AMP(aq) + ATP(aq),Horn A.; Husung R.; Schrvder M.; Bvrnig H.; Acta Biol. Med. Germ. 27 821 (1971).,71HOR/HUS_645,5148773.0, ,303.15,5.57,0.826, ,paper chromatography and spectrophotometry,triethanolamine (0.1 mol dm-3) + HCl,"2.27 = -log[Mg+2] _ mol/L;triethanolamine-HCl=0.1;(Mg)1(Cl)2=0.00535;ADP=0.005;AMP=0;ATP=0 _ Mg_tot (0.00535 mol/L), nucleotides_tot (0.005 mol/L) _ ",2.7.4.3, ,0.005 nucleotide & 0.00535 Mg, , , 
1877,1999.0,2691.0,adenylate kinase,2 kegg:C00008 = kegg:C00020 + kegg:C00002,2 CHB_16761 = CHB_15422 + CHB_16027,2 ADP(aq) = AMP(aq) + ATP(aq),Horn A.; Husung R.; Schrvder M.; Bvrnig H.; Acta Biol. Med. Germ. 27 821 (1971).,71HOR/HUS_645,5148773.0, ,303.15,5.6,0.709, ,paper chromatography and spectrophotometry,triethanolamine (0.1 mol dm-3) + HCl,"2.61 = -log[Mg+2] _ mol/L;triethanolamine-HCl=0.1;(Mg)1(Cl)2=0.00243;ADP=0.005;AMP=0;ATP=0 _ Mg_tot (0.00243 mol/L), nucleotides_tot (0.005 mol/L) _ ",2.7.4.3, ,0.00243 Mg & 0.005 nucleotide, , , 
1878,2023.0,2685.0,adenylate kinase,2 kegg:C00008 = kegg:C00020 + kegg:C00002,2 CHB_16761 = CHB_15422 + CHB_16027,2 ADP(aq) = AMP(aq) + ATP(aq),Horn A.; Husung R.; Schrvder M.; Bvrnig H.; Acta Biol. Med. Germ. 27 821 (1971).,71HOR/HUS_645,5148773.0, ,303.15,6.04,0.87, ,paper chromatography and spectrophotometry,triethanolamine (0.1 mol dm-3) + HCl,"2.27 = -log[Mg+2] _ mol/L;triethanolamine-HCl=0.1;(Mg)1(Cl)2=0.00535;ADP=0.005;AMP=0;ATP=0 _ Mg_tot (0.00535 mol/L), nucleotides_tot (0.005 mol/L) _ ",2.7.4.3, ,0.005 nucleotide & 0.00535 Mg, , , 
1879,2001.0,2683.0,adenylate kinase,2 kegg:C00008 = kegg:C00020 + kegg:C00002,2 CHB_16761 = CHB_15422 + CHB_16027,2 ADP(aq) = AMP(aq) + ATP(aq),Horn A.; Husung R.; Schrvder M.; Bvrnig H.; Acta Biol. Med. Germ. 27 821 (1971).,71HOR/HUS_645,5148773.0, ,303.15,6.06,0.909, ,paper chromatography and spectrophotometry,triethanolamine (0.1 mol dm-3) + HCl,"2.61 = -log[Mg+2] _ mol/L;triethanolamine-HCl=0.1;(Mg)1(Cl)2=0.00243;ADP=0.005;AMP=0;ATP=0 _ Mg_tot (0.00243 mol/L), nucleotides_tot (0.005 mol/L) _ ",2.7.4.3, ,0.00243 Mg & 0.005 nucleotide, , , 
1880,2007.0,2675.0,adenylate kinase,2 kegg:C00008 = kegg:C00020 + kegg:C00002,2 CHB_16761 = CHB_15422 + CHB_16027,2 ADP(aq) = AMP(aq) + ATP(aq),Horn A.; Husung R.; Schrvder M.; Bvrnig H.; Acta Biol. Med. Germ. 27 821 (1971).,71HOR/HUS_645,5148773.0, ,303.15,6.06,1.23, ,paper chromatography and spectrophotometry,triethanolamine (0.1 mol dm-3) + HCl,"2.61 = -log[Mg+2] _ mol/L;triethanolamine-HCl=0.1;(Mg)1(Cl)2=0.00243;ADP=0.005;AMP=0;ATP=0 _ Mg_tot (0.00243 mol/L), nucleotides_tot (0.005 mol/L) _ ",2.7.4.3, ,0.00243 Mg & 0.005 nucleotide, , , 
1881,2016.0,2686.0,adenylate kinase,2 kegg:C00008 = kegg:C00020 + kegg:C00002,2 CHB_16761 = CHB_15422 + CHB_16027,2 ADP(aq) = AMP(aq) + ATP(aq),Horn A.; Husung R.; Schrvder M.; Bvrnig H.; Acta Biol. Med. Germ. 27 821 (1971).,71HOR/HUS_645,5148773.0, ,303.15,6.5,0.694, ,paper chromatography and spectrophotometry,triethanolamine (0.1 mol dm-3) + HCl,"2.27 = -log[Mg+2] _ mol/L;triethanolamine-HCl=0.1;(Mg)1(Cl)2=0.00535;ADP=0.005;AMP=0;ATP=0 _ Mg_tot (0.00535 mol/L), nucleotides_tot (0.005 mol/L) _ ",2.7.4.3, ,0.005 nucleotide & 0.00535 Mg, , , 
1882,2003.0,2693.0,adenylate kinase,2 kegg:C00008 = kegg:C00020 + kegg:C00002,2 CHB_16761 = CHB_15422 + CHB_16027,2 ADP(aq) = AMP(aq) + ATP(aq),Horn A.; Husung R.; Schrvder M.; Bvrnig H.; Acta Biol. Med. Germ. 27 821 (1971).,71HOR/HUS_645,5148773.0, ,303.15,6.56,1.11, ,paper chromatography and spectrophotometry,triethanolamine (0.1 mol dm-3) + HCl,"2.61 = -log[Mg+2] _ mol/L;triethanolamine-HCl=0.1;(Mg)1(Cl)2=0.00243;ADP=0.005;AMP=0;ATP=0 _ Mg_tot (0.00243 mol/L), nucleotides_tot (0.005 mol/L) _ ",2.7.4.3, ,0.00243 Mg & 0.005 nucleotide, , , 
1883,2002.0,2673.0,adenylate kinase,2 kegg:C00008 = kegg:C00020 + kegg:C00002,2 CHB_16761 = CHB_15422 + CHB_16027,2 ADP(aq) = AMP(aq) + ATP(aq),Horn A.; Husung R.; Schrvder M.; Bvrnig H.; Acta Biol. Med. Germ. 27 821 (1971).,71HOR/HUS_645,5148773.0, ,303.15,7.0,1.09, ,paper chromatography and spectrophotometry,triethanolamine (0.1 mol dm-3) + HCl,"2.61 = -log[Mg+2] _ mol/L;triethanolamine-HCl=0.1;(Mg)1(Cl)2=0.00243;ADP=0.005;AMP=0;ATP=0 _ Mg_tot (0.00243 mol/L), nucleotides_tot (0.005 mol/L) _ ",2.7.4.3, ,0.00243 Mg & 0.005 nucleotide, , , 
1884,2017.0,2687.0,adenylate kinase,2 kegg:C00008 = kegg:C00020 + kegg:C00002,2 CHB_16761 = CHB_15422 + CHB_16027,2 ADP(aq) = AMP(aq) + ATP(aq),Horn A.; Husung R.; Schrvder M.; Bvrnig H.; Acta Biol. Med. Germ. 27 821 (1971).,71HOR/HUS_645,5148773.0, ,303.15,7.0,0.699, ,paper chromatography and spectrophotometry,triethanolamine (0.1 mol dm-3) + HCl,"2.27 = -log[Mg+2] _ mol/L;triethanolamine-HCl=0.1;(Mg)1(Cl)2=0.00535;ADP=0.005;AMP=0;ATP=0 _ Mg_tot (0.00535 mol/L), nucleotides_tot (0.005 mol/L) _ ",2.7.4.3, ,0.005 nucleotide & 0.00535 Mg, , , 
1885,2019.0,2674.0,adenylate kinase,2 kegg:C00008 = kegg:C00020 + kegg:C00002,2 CHB_16761 = CHB_15422 + CHB_16027,2 ADP(aq) = AMP(aq) + ATP(aq),Horn A.; Husung R.; Schrvder M.; Bvrnig H.; Acta Biol. Med. Germ. 27 821 (1971).,71HOR/HUS_645,5148773.0, ,303.15,7.0,0.752, ,paper chromatography and spectrophotometry,triethanolamine (0.1 mol dm-3) + HCl,"2.27 = -log[Mg+2] _ mol/L;triethanolamine-HCl=0.1;(Mg)1(Cl)2=0.00535;ADP=0.005;AMP=0;ATP=0 _ Mg_tot (0.00535 mol/L), nucleotides_tot (0.005 mol/L) _ ",2.7.4.3, ,0.005 nucleotide & 0.00535 Mg, , , 
1886,2004.0,2684.0,adenylate kinase,2 kegg:C00008 = kegg:C00020 + kegg:C00002,2 CHB_16761 = CHB_15422 + CHB_16027,2 ADP(aq) = AMP(aq) + ATP(aq),Horn A.; Husung R.; Schrvder M.; Bvrnig H.; Acta Biol. Med. Germ. 27 821 (1971).,71HOR/HUS_645,5148773.0, ,303.15,7.5,1.14, ,paper chromatography and spectrophotometry,triethanolamine (0.1 mol dm-3) + HCl,"2.61 = -log[Mg+2] _ mol/L;triethanolamine-HCl=0.1;(Mg)1(Cl)2=0.00243;ADP=0.005;AMP=0;ATP=0 _ Mg_tot (0.00243 mol/L), nucleotides_tot (0.005 mol/L) _ ",2.7.4.3, ,0.00243 Mg & 0.005 nucleotide, , , 
1887,2005.0,2696.0,adenylate kinase,2 kegg:C00008 = kegg:C00020 + kegg:C00002,2 CHB_16761 = CHB_15422 + CHB_16027,2 ADP(aq) = AMP(aq) + ATP(aq),Horn A.; Husung R.; Schrvder M.; Bvrnig H.; Acta Biol. Med. Germ. 27 821 (1971).,71HOR/HUS_645,5148773.0, ,303.15,7.5,1.15, ,paper chromatography and spectrophotometry,triethanolamine (0.1 mol dm-3) + HCl,"2.61 = -log[Mg+2] _ mol/L;triethanolamine-HCl=0.1;(Mg)1(Cl)2=0.00243;ADP=0.005;AMP=0;ATP=0 _ Mg_tot (0.00243 mol/L), nucleotides_tot (0.005 mol/L) _ ",2.7.4.3, ,0.00243 Mg & 0.005 nucleotide, , , 
1888,2010.0,2680.0,adenylate kinase,2 kegg:C00008 = kegg:C00020 + kegg:C00002,2 CHB_16761 = CHB_15422 + CHB_16027,2 ADP(aq) = AMP(aq) + ATP(aq),Horn A.; Husung R.; Schrvder M.; Bvrnig H.; Acta Biol. Med. Germ. 27 821 (1971).,71HOR/HUS_645,5148773.0, ,303.15,7.5,1.28, ,paper chromatography and spectrophotometry,triethanolamine (0.1 mol dm-3) + HCl,"2.61 = -log[Mg+2] _ mol/L;triethanolamine-HCl=0.1;(Mg)1(Cl)2=0.00243;ADP=0.005;AMP=0;ATP=0 _ Mg_tot (0.00243 mol/L), nucleotides_tot (0.005 mol/L) _ ",2.7.4.3, ,0.00243 Mg & 0.005 nucleotide, , , 
1889,2018.0,2672.0,adenylate kinase,2 kegg:C00008 = kegg:C00020 + kegg:C00002,2 CHB_16761 = CHB_15422 + CHB_16027,2 ADP(aq) = AMP(aq) + ATP(aq),Horn A.; Husung R.; Schrvder M.; Bvrnig H.; Acta Biol. Med. Germ. 27 821 (1971).,71HOR/HUS_645,5148773.0, ,303.15,7.5,0.704, ,paper chromatography and spectrophotometry,triethanolamine (0.1 mol dm-3) + HCl,"2.27 = -log[Mg+2] _ mol/L;triethanolamine-HCl=0.1;(Mg)1(Cl)2=0.00535;ADP=0.005;AMP=0;ATP=0 _ Mg_tot (0.00535 mol/L), nucleotides_tot (0.005 mol/L) _ ",2.7.4.3, ,0.005 nucleotide & 0.00535 Mg, , , 
1890,1997.0,2690.0,adenylate kinase,2 kegg:C00008 = kegg:C00020 + kegg:C00002,2 CHB_16761 = CHB_15422 + CHB_16027,2 ADP(aq) = AMP(aq) + ATP(aq),Horn A.; Husung R.; Schrvder M.; Bvrnig H.; Acta Biol. Med. Germ. 27 821 (1971).,71HOR/HUS_645,5148773.0, ,303.15,7.6,1.01, ,paper chromatography and spectrophotometry,triethanolamine (0.1 mol dm-3) + HCl,"2.7 = -log[Mg+2] _ mol/L;triethanolamine-HCl=0.1;(Mg)1(Cl)2=0.002;ADP=0.00206;AMP=0;ATP=0 _ Mg_tot (0.002 mol/L), nucleotides_tot (0.00206 mol/L) _ ",2.7.4.3, ,0.002 Mg & 0.00206 nucleotide, , , 
1891,2011.0,2697.0,adenylate kinase,2 kegg:C00008 = kegg:C00020 + kegg:C00002,2 CHB_16761 = CHB_15422 + CHB_16027,2 ADP(aq) = AMP(aq) + ATP(aq),Horn A.; Husung R.; Schrvder M.; Bvrnig H.; Acta Biol. Med. Germ. 27 821 (1971).,71HOR/HUS_645,5148773.0, ,303.15,7.6,1.03, ,paper chromatography and spectrophotometry,triethanolamine (0.1 mol dm-3) + HCl,"2.52 = -log[Mg+2] _ mol/L;triethanolamine-HCl=0.1;(Mg)1(Cl)2=0.003;ADP=0.0033;AMP=0;ATP=0 _ Mg_tot (0.003 mol/L), nucleotides_tot (0.0033 mol/L) _ ",2.7.4.3, ,0.003 Mg & 0.0033 nucleotide, , , 
1892,2024.0,2669.0,adenylate kinase,2 kegg:C00008 = kegg:C00020 + kegg:C00002,2 CHB_16761 = CHB_15422 + CHB_16027,2 ADP(aq) = AMP(aq) + ATP(aq),Horn A.; Husung R.; Schrvder M.; Bvrnig H.; Acta Biol. Med. Germ. 27 821 (1971).,71HOR/HUS_645,5148773.0, ,303.15,7.6,0.265, ,paper chromatography and spectrophotometry,triethanolamine (0.1 mol dm-3) + HCl,"1.4 = -log[Mg+2] _ mol/L;triethanolamine-HCl=0.1;(Mg)1(Cl)2=0.04;ADP=0.0031;AMP=0;ATP=0 _ Mg_tot (0.04 mol/L), nucleotides_tot (0.0031 mol/L) _ ",2.7.4.3, ,0.0031 nucleotide & 0.04 Mg, , , 
1893,2025.0,2670.0,adenylate kinase,2 kegg:C00008 = kegg:C00020 + kegg:C00002,2 CHB_16761 = CHB_15422 + CHB_16027,2 ADP(aq) = AMP(aq) + ATP(aq),Horn A.; Husung R.; Schrvder M.; Bvrnig H.; Acta Biol. Med. Germ. 27 821 (1971).,71HOR/HUS_645,5148773.0, ,303.15,7.6,0.272, ,paper chromatography and spectrophotometry,triethanolamine (0.1 mol dm-3) + HCl,"1.4 = -log[Mg+2] _ mol/L;triethanolamine-HCl=0.1;(Mg)1(Cl)2=0.04;ADP=0.00332;AMP=0;ATP=0 _ Mg_tot (0.04 mol/L), nucleotides_tot (0.00332 mol/L) _ ",2.7.4.3, ,0.00332 nucleotide & 0.04 Mg, , , 
1894,2026.0,2692.0,adenylate kinase,2 kegg:C00008 = kegg:C00020 + kegg:C00002,2 CHB_16761 = CHB_15422 + CHB_16027,2 ADP(aq) = AMP(aq) + ATP(aq),Horn A.; Husung R.; Schrvder M.; Bvrnig H.; Acta Biol. Med. Germ. 27 821 (1971).,71HOR/HUS_645,5148773.0, ,303.15,7.6,0.279, ,paper chromatography and spectrophotometry,triethanolamine (0.1 mol dm-3) + HCl,"1.4 = -log[Mg+2] _ mol/L;triethanolamine-HCl=0.1;(Mg)1(Cl)2=0.04;ADP=0.00648;AMP=0;ATP=0 _ Mg_tot (0.04 mol/L), nucleotides_tot (0.00648 mol/L) _ ",2.7.4.3, ,0.00648 nucleotide & 0.04 Mg, , , 
1895,2012.0,2667.0,adenylate kinase,2 kegg:C00008 = kegg:C00020 + kegg:C00002,2 CHB_16761 = CHB_15422 + CHB_16027,2 ADP(aq) = AMP(aq) + ATP(aq),Horn A.; Husung R.; Schrvder M.; Bvrnig H.; Acta Biol. Med. Germ. 27 821 (1971).,71HOR/HUS_645,5148773.0, ,303.15,7.6,1.04, ,paper chromatography and spectrophotometry,triethanolamine (0.1 mol dm-3) + HCl,"2.4 = -log[Mg+2] _ mol/L;triethanolamine-HCl=0.1;(Mg)1(Cl)2=0.004;ADP=0.00482;AMP=0;ATP=0 _ Mg_tot (0.004 mol/L), nucleotides_tot (0.00482 mol/L) _ ",2.7.4.3, ,0.004 Mg & 0.00482 nucleotide, , , 
1896,2013.0,2679.0,adenylate kinase,2 kegg:C00008 = kegg:C00020 + kegg:C00002,2 CHB_16761 = CHB_15422 + CHB_16027,2 ADP(aq) = AMP(aq) + ATP(aq),Horn A.; Husung R.; Schrvder M.; Bvrnig H.; Acta Biol. Med. Germ. 27 821 (1971).,71HOR/HUS_645,5148773.0, ,303.15,7.6,1.09, ,paper chromatography and spectrophotometry,triethanolamine (0.1 mol dm-3) + HCl,"2.4 = -log[Mg+2] _ mol/L;triethanolamine-HCl=0.1;(Mg)1(Cl)2=0.004;ADP=0.00499;AMP=0;ATP=0 _ Mg_tot (0.004 mol/L), nucleotides_tot (0.00499 mol/L) _ ",2.7.4.3, ,0.004 Mg & 0.00499 nucleotide, , , 
1897,2014.0,2668.0,adenylate kinase,2 kegg:C00008 = kegg:C00020 + kegg:C00002,2 CHB_16761 = CHB_15422 + CHB_16027,2 ADP(aq) = AMP(aq) + ATP(aq),Horn A.; Husung R.; Schrvder M.; Bvrnig H.; Acta Biol. Med. Germ. 27 821 (1971).,71HOR/HUS_645,5148773.0, ,303.15,7.6,1.14, ,paper chromatography and spectrophotometry,triethanolamine (0.1 mol dm-3) + HCl,"2.4 = -log[Mg+2] _ mol/L;triethanolamine-HCl=0.1;(Mg)1(Cl)2=0.004;ADP=0.00608;AMP=0;ATP=0 _ Mg_tot (0.004 mol/L), nucleotides_tot (0.00608 mol/L) _ ",2.7.4.3, ,0.004 Mg & 0.00608 nucleotide, , , 
1898,2015.0,2682.0,adenylate kinase,2 kegg:C00008 = kegg:C00020 + kegg:C00002,2 CHB_16761 = CHB_15422 + CHB_16027,2 ADP(aq) = AMP(aq) + ATP(aq),Horn A.; Husung R.; Schrvder M.; Bvrnig H.; Acta Biol. Med. Germ. 27 821 (1971).,71HOR/HUS_645,5148773.0, ,303.15,7.6,0.534, ,paper chromatography and spectrophotometry,triethanolamine (0.1 mol dm-3) + HCl,"2.3 = -log[Mg+2] _ mol/L;triethanolamine-HCl=0.1;(Mg)1(Cl)2=0.005;ADP=0.00058;AMP=0;ATP=0 _ Mg_tot (0.005 mol/L), nucleotides_tot (0.00058 mol/L) _ ",2.7.4.3, ,0.00058 nucleotide & 0.005 Mg, , , 
1899,2006.0,2671.0,adenylate kinase,2 kegg:C00008 = kegg:C00020 + kegg:C00002,2 CHB_16761 = CHB_15422 + CHB_16027,2 ADP(aq) = AMP(aq) + ATP(aq),Horn A.; Husung R.; Schrvder M.; Bvrnig H.; Acta Biol. Med. Germ. 27 821 (1971).,71HOR/HUS_645,5148773.0, ,303.15,7.9,1.23, ,paper chromatography and spectrophotometry,triethanolamine (0.1 mol dm-3) + HCl,"2.61 = -log[Mg+2] _ mol/L;triethanolamine-HCl=0.1;(Mg)1(Cl)2=0.00243;ADP=0.005;AMP=0;ATP=0 _ Mg_tot (0.00243 mol/L), nucleotides_tot (0.005 mol/L) _ ",2.7.4.3, ,0.00243 Mg & 0.005 nucleotide, , , 
1900,2009.0,2695.0,adenylate kinase,2 kegg:C00008 = kegg:C00020 + kegg:C00002,2 CHB_16761 = CHB_15422 + CHB_16027,2 ADP(aq) = AMP(aq) + ATP(aq),Horn A.; Husung R.; Schrvder M.; Bvrnig H.; Acta Biol. Med. Germ. 27 821 (1971).,71HOR/HUS_645,5148773.0, ,303.15,7.9,1.25, ,paper chromatography and spectrophotometry,triethanolamine (0.1 mol dm-3) + HCl,"2.61 = -log[Mg+2] _ mol/L;triethanolamine-HCl=0.1;(Mg)1(Cl)2=0.00243;ADP=0.005;AMP=0;ATP=0 _ Mg_tot (0.00243 mol/L), nucleotides_tot (0.005 mol/L) _ ",2.7.4.3, ,0.00243 Mg & 0.005 nucleotide, , , 
1901,2008.0,2694.0,adenylate kinase,2 kegg:C00008 = kegg:C00020 + kegg:C00002,2 CHB_16761 = CHB_15422 + CHB_16027,2 ADP(aq) = AMP(aq) + ATP(aq),Horn A.; Husung R.; Schrvder M.; Bvrnig H.; Acta Biol. Med. Germ. 27 821 (1971).,71HOR/HUS_645,5148773.0, ,303.15,8.2,1.23, ,paper chromatography and spectrophotometry,triethanolamine (0.1 mol dm-3) + HCl,"2.61 = -log[Mg+2] _ mol/L;triethanolamine-HCl=0.1;(Mg)1(Cl)2=0.00243;ADP=0.005;AMP=0;ATP=0 _ Mg_tot (0.00243 mol/L), nucleotides_tot (0.005 mol/L) _ ",2.7.4.3, ,0.00243 Mg & 0.005 nucleotide, , , 
1902,,3886.0,[acyl-carrier-protein] S-malonyltransferase,kegg:C00083 + kegg:C00229 = kegg:C00010 + kegg:C01209, ,malonyl-CoA(aq) + acyl-carrier protein(aq) = CoA(aq) + malonyl-[acyl-carrier protein](aq),Joshi V.C.; Wakil S.J.; Arch. Biochem. Biophys.; 143 493 (1971).,71JOS/WAK_413,4934182.0,10.1016/0003-9861(71)90234-7,298.15,6.5,0.018, , ,potassium phosphate (0.05 mol dm-3), ,2.3.1.39, , , , , 
1903,,83.0,sepiapterin reductase,kegg:C02953 + kegg:C00006 = kegg:C00835 + kegg:C00005, ,"7,8-dihydrobiopterin(aq) + NADP(aq) = sepiapterin(aq) + NADPH(aq)",Katoh S.; Arch. Biochem. Biophys.; 146 202 (1971).,71KAT_220,4401291.0,10.1016/s0003-9861(71)80057-7,298.15,7.6,0.13, ,spectrophotometry,potassium phosphate, ,1.1.1.153, , , , , 
1904,2028,82.0,sepiapterin reductase,kegg:C02953 + kegg:C00006 = kegg:C00835 + kegg:C00005,CHB_15375 + CHB_18009 = CHB_16095 + CHB_16474,"7,8-dihydrobiopterin(aq) + NADP(aq) = sepiapterin(aq) + NADPH(aq)",Katoh S.; Arch. Biochem. Biophys.; 146 202 (1971).,71KAT_220,4401291.0,10.1016/s0003-9861(71)80057-7,298.15,7.65,0.043, ,spectrophotometry,potassium phosphate,mol/L;potassium phosphate buffer=0.02 _ nan _ ,1.1.1.153, , ,, , 
1905,,84.0,sepiapterin reductase,kegg:C02953 + kegg:C00006 = kegg:C00835 + kegg:C00005, ,"7,8-dihydrobiopterin(aq) + NADP(aq) = sepiapterin(aq) + NADPH(aq)",Katoh S.; Arch. Biochem. Biophys.; 146 202 (1971).,71KAT_220,4401291.0,10.1016/s0003-9861(71)80057-7,298.15,7.8,0.021, ,spectrophotometry,potassium phosphate, ,1.1.1.153, , , , , 
1906,2031.0,1603.0,methylitaconate ?-isomerase,kegg:C02295 = kegg:C00922,CHB_16093 = CHB_17081,methylitaconate(aq) = dimethylmaleate(aq),Kung H.-F.; Stadtman T.C.; J. Biol. Chem.; 246 3378 (1971).,71KUN/STA_1384, , ,307.15,7.9,3.4, ,spectrophotometry,potassium phosphate,mol/L;potassium phosphate buffer=0.1;reduced glutathione=0.005;potassium methylitaconate=0.000636;potassium dimethylmaleate=0.00216364  ,5.3.3.6, , , , , 
1907,2030.0,543.0,2-methyleneglutarate mutase,kegg:C02930 = kegg:C02295,CHB_17207 = CHB_16093,2-methyleneglutarate(aq) = methylitaconate(aq),Kung H.-F.; Stadtman T.C.; J. Biol. Chem.; 246 3378 (1971).,71KUN/STA_1422,5574401.0, ,307.15,7.9,0.23, ,spectrophotometry,potassium phosphate,mol/L;potassium phosphate buffer=0.1;reduced glutathione=0.005;potassium methylitaconate=0.000218;potassium dimethylmaleate=0.00074;potassium 2-methyleneglutarate=0.001042  ,5.4.99.4, , , , , 
1908,, ,-glu-X carboxypeptidase, , ,pteroylglutamate(aq) + H2O(l) = pteroate(aq) + L-glutamate(aq),McCullough J.L.; Chabner B.A.; Bertino J.R.; J. Biol. Chem.; 246 7207 (1971).,71MCC/CHA_959,5129727.0, ,310.15,7.3,15.6, ,spectrophotometry,Tris (0.05 mol dm-3) + HCl, ,3.4.19.9, , , , , 
1909,2033.0,2031.0,phosphate acetyltransferase,kegg:C00024 + kegg:C00009 = kegg:C00010 + kegg:C00227,CHB_15351 + CHB_26078 = CHB_15346 + CHB_15350,acetyl-CoA(aq) + orthophosphate(aq) = CoA(aq) + acetyl phosphate(aq),Nojiri T.; Tanaka F.; Nakayama I.; J. Biochem. (Tokyo); 69 789 (1971).,71NOJ/TAN_399, , ,300.15,7.6,0.0075, ,spectrophotometry,Tris (0.067 mol dm-3) + HCl,mol/L;Tris-HCl=0.067  ,2.3.1.8, , , , , 
1910,, ,chymotrypsin, , ,N-acetyl-L-tryptophan ethyl ester(aq) + H2O(l) = N-acetyl-L-tryptophan(aq) + ethanol(aq),Rajender S.; Lumry R.; Han M.; J. Phys. Chem.; 75 1375 (1971).,71RAJ/LUM_965, , ,298.15,7.5, , ,calorimetry,phosphate (0.05 mol dm-3), ,3.4.21.1, , ,0.1, ,-5.9
1911,2034.0,1289.0,glucuronate-1-phosphate uridylyltransferase,kegg:C05385 + kegg:C00075 = kegg:C00167 + kegg:C00013,CHB_15713 + CHB_16787 = CHB_17200 + CHB_18361,1-phospho-Î±-D-glucuronate(aq) + UTP(aq) = UDP-D-glucuronate(aq) + pyrophosphate(aq),Roberts R.M.; J. Biol. Chem.; 246 4995 (1971).,71ROB_710,5570433.0, ,303.15,8.2,0.34, ,"chromatography, electrophoresis, and radioactivity and radioactivity and chromatography, electrophoresis,",Tris (0.1 mol dm-3) + HCl,mol/L;Tris-HCl=0.1;(Mg)1(Cl)2=0.01;pyrophosphate=0.00815;UDP-D-glucuronate=0.00015;1-phospho--D-glucuronate=0.00185;UTP=0.00185;(Na)4=0.01  ,2.7.7.44, , , , , 
1912,,3559.0,phosphodiesterase I,kegg:C00968 + kegg:C00001 = kegg:C00360, ,2'-deoxyadenosine 3':5'-(cyclic)phosphate(aq) + H2O(l) = 2'-deoxyadenosine 5'-monophosphate(aq),Rudolph S.A.; Johnson E.M.; Greengard P.; J. Biol. Chem.; 246 1271 (1971).,71RUD/JOH_833, , ,298.15,7.3, , ,calorimetry,potassium phosphate (0.036 mol dm-3) and imidazole (0.001 mol dm-3), ,3.1.4.1, , , , ,-54.4
1913,,3560.0,phosphodiesterase I,kegg:C00943 + kegg:C00001 = kegg:C00130, ,inosine 3':5'-(cyclic)phosphate(aq) + H2O(l) = IMP(aq),Rudolph S.A.; Johnson E.M.; Greengard P.; J. Biol. Chem.; 246 1271 (1971).,71RUD/JOH_834, , ,298.15,7.3, , ,calorimetry,potassium phosphate (0.036 mol dm-3) and imidazole (0.001 mol dm-3), ,3.1.4.1, , , , ,-56.1
1914,, ,phosphodiesterase I, , ,uridine 3':5'-(cyclic)phosphate(aq) + H2O(l) = UMP(aq),Rudolph S.A.; Johnson E.M.; Greengard P.; J. Biol. Chem.; 246 1271 (1971).,71RUD/JOH_835, , ,298.15,7.3, , ,calorimetry,potassium phosphate (0.036 mol dm-3) and imidazole (0.001 mol dm-3), ,3.1.4.1, , , , ,-50.2
1915,, ,ribonuclease T2, , ,adenosine 2':3'-(cyclic)phosphate(aq) + H2O(l) = adenosine 3'-monophosphate(aq),Rudolph S.A.; Johnson E.M.; Greengard P.; J. Biol. Chem.; 246 1271 (1971).,71RUD/JOH_851, , ,298.15,6.5, , ,calorimetry,potassium phosphate (0.036 mol dm-3) or (Tris + HCl) (0.20 mol dm-3), ,3.1.27.1, , , , ,-39.5
1916,, ,ribonuclease T2, , ,guanosine 2':3'-(cyclic)phosphate(aq) + H2O(l) = guanosine 3'-monophosphate(aq),Rudolph S.A.; Johnson E.M.; Greengard P.; J. Biol. Chem.; 246 1271 (1971).,71RUD/JOH_852, , ,298.15,6.5, , ,calorimetry,potassium phosphate (0.036 mol dm-3) or (Tris+ HCl) (0.20 mol dm-3), ,3.1.27.1, , , , ,-39.7
1917,, ,pancreatic ribonuclease, , ,cytidine 2':3'-(cyclic)phosphate(aq) + H2O(l) = cytidine 3'-monophosphate(aq),Rudolph S.A.; Johnson E.M.; Greengard P.; J. Biol. Chem.; 246 1271 (1971).,71RUD/JOH_855, , ,298.15,7.3, , ,calorimetry,potassium phosphate (0.036 mol dm-3), ,3.1.27.5, , , , ,-33.9
1918,, ,pancreatic ribonuclease, , ,uridine 2':3'-(cyclic)phosphate(aq) + H2O(l) = uridine 3'-monophosphate(aq),Rudolph S.A.; Johnson E.M.; Greengard P.; J. Biol. Chem.; 246 1271 (1971).,71RUD/JOH_858,4322715.0, ,298.15,7.3, , ,calorimetry,potassium phosphate (0.036 mol dm-3), ,3.1.27.5, , , , ,-32.4
1919,2036.0,3899.0,guanylate kinase,kegg:C00002 + kegg:C00144 = kegg:C00008 + kegg:C00035,CHB_15422 + CHB_17345 = CHB_16761 + CHB_17552,ATP(aq) + GMP(aq) = ADP(aq) + GDP(aq),Shimono H.; Sugino Y.; Eur. J. Biochem.; 19 256 (1971).,71SHI/SUG_667, , ,310.15,7.5,0.24, ,spectrophotometry,Tris (0.04 mol dm-3),mol/L;(K)1(Cl)1=0.2;(Mg)1(Cl)2=0.006;Tris-HCl=0.04;GMP=0.000822758;ATP=0.00232276;ADP=0.000677242;GDP=0.000677242  ,2.7.4.8, , , , , 
1920,2035.0,3898.0,guanylate kinase,kegg:C00002 + kegg:C00362 = kegg:C00008 + kegg:C00361,CHB_15422 + CHB_16192 = CHB_16761 + CHB_28862,ATP(aq) + dGMP(aq) = ADP(aq) + dGDP(aq),Shimono H.; Sugino Y.; Eur. J. Biochem.; 19 256 (1971).,71SHI/SUG_669,5552394.0,10.1111/j.1432-1033.1971.tb01312.x,310.15,7.5,0.28, ,spectrophotometry,Tris (0.04 mol dm-3),mol/L;(K)1(Cl)1=0.2;(Mg)1(Cl)2=0.006;Tris-HCl=0.04;dGMP=0.000788928;ATP=0.00228893;ADP=0.000711072;dGDP=0.000711072  ,2.7.4.8, , , , , 
1921,2037.0,4004.0,adenylate cyclase,kegg:C00002 = kegg:C00575 + kegg:C00013,CHB_15422 = CHB_17489 + CHB_18361,ATP(aq) = adenosine 3':5'-(cyclic)phosphate(aq) + diphosphate(aq),Takai K.; Kurashina Y.; Suzuki C.; Okamoto H.; Ueki A.; Hayaishi O.; J. Biol. Chem.; 246 5843 (1971).,71TAK/KUR_1230,4106365.0, ,303.15,7.3,0.255, ,"chromatography, fluorimetry, and radioactivity and chromatography, fluorimetry, and radioactivity",Tris (0.050 mol dm-3) + HCl,mol/L;Tris-HCl =0.05;(Mg)1(SO4)1=0.005  ,4.6.1.1, , , , , 
1922,2038.0,1914.0,phosphate acetyltransferase and formate C-acetyltransferase,kegg:C00022 + kegg:C00009 = kegg:C00227 + kegg:C00058,CHB_15361 + CHB_26078 = CHB_15350 + CHB_15740,pyruvate(aq) + orthophosphate(aq) = acetyl phosphate(aq) + formate(aq),Tanaka N.; Johnson M.J.; J. Bacteriol.; 108 1107 (1971).,71TAN/JOH_402,4945184.0, ,310.15,7.2,23, ,chromatography and spectrophotometry,glycylglycine (0.050 mol dm-3),mol/L;glycylglycine=0.05  ,2.3.1.54 & 2.3.1.54 & 2.3.1.8 & 2.3.1.8, , , , , 
1923,, ,D-glutamate cyclase, , ,Î³-fluoroglutamate(aq) = cis-D-3-fluoro-2-pyrrolidone-5-carboxylate(aq) + H2O(l),Unkeless J.C.; Goldman P.; J. Biol. Chem.; 246 2354 (1971).,71UNK/GOL_1194, , ,299.4,7.9,0.58, ,spectrophotometry,2-methylimidazole (0.15 mol dm-3) + HCl, ,4.2.1.48, , , , , 
1924,2044.0, ,D-glutamate cyclase, ,PBC_102871 = CHB_15377 + MAN_10003,Î³-fluoroglutamate(aq) = cis-D-3-fluoro-2-pyrrolidone-5-carboxylate(aq) + H2O(l),Unkeless J.C.; Goldman P.; J. Biol. Chem.; 246 2354 (1971).,71UNK/GOL_1194, , ,303.2,7.9,0.44, ,spectrophotometry,2-methylimidazole (0.15 mol dm-3) + HCl,mol/L;2-methylimidazole-HCl=0.15;(Mg)1(SO4)1=0.033  ,4.2.1.48, , , , , 
1925,2045.0, ,D-glutamate cyclase, ,PBC_102871 = CHB_15377 + MAN_10003,Î³-fluoroglutamate(aq) = cis-D-3-fluoro-2-pyrrolidone-5-carboxylate(aq) + H2O(l),Unkeless J.C.; Goldman P.; J. Biol. Chem.; 246 2354 (1971).,71UNK/GOL_1194, , ,305.9,7.9,0.5, ,spectrophotometry,2-methylimidazole (0.15 mol dm-3) + HCl,mol/L;2-methylimidazole-HCl=0.15;(Mg)1(SO4)1=0.033  ,4.2.1.48, , , , , 
1926,, ,D-glutamate cyclase, , ,Î³-fluoroglutamate(aq) = cis-D-3-fluoro-2-pyrrolidone-5-carboxylate(aq) + H2O(l),Unkeless J.C.; Goldman P.; J. Biol. Chem.; 246 2354 (1971).,71UNK/GOL_1194, , ,313.5,7.9,0.43, ,spectrophotometry,2-methylimidazole (0.15 mol dm-3) + HCl, ,4.2.1.48, , , , , 
1927,2047.0, ,D-glutamate cyclase, ,PBC_102871 = CHB_15377 + MAN_10004,Î³-fluoroglutamate(aq) = trans-D-3-fluoro-2-pyrrolidone-5-carboxylate(aq) + H2O(l),Unkeless J.C.; Goldman P.; J. Biol. Chem.; 246 2354 (1971).,71UNK/GOL_1195, , ,303.15,7.9,2, ,spectrophotometry,2-methylimidazole (0.15 mol dm-3) + HCl,mol/L;2-methylimidazole-HCl=0.15;(Mg)1(SO4)1=0.033  ,4.2.1.48, , , , , 
1928,2039.0,381.0,D-glutamate cyclase,kegg:C00217 = kegg:C02237 + kegg:C00001,CHB_29989 = CHB_15377 + CHB_16924,D-glutamate(aq) = 5-oxo-D-proline(aq) + H2O(l),Unkeless J.C.; Goldman P.; J. Biol. Chem.; 246 2354 (1971).,71UNK/GOL_1197,5573236.0, ,293.4,7.9,24.3, ,spectrophotometry,2-methylimidazole (0.15 mol dm-3) + HCl,mol/L;2-methylimidazole-HCl=0.15;(Mg)1(SO4)1=0.033  ,4.2.1.48, , , , , 
1929,2040.0,383.0,D-glutamate cyclase,kegg:C00217 = kegg:C02237 + kegg:C00001,CHB_29989 = CHB_15377 + CHB_16924,D-glutamate(aq) = 5-oxo-D-proline(aq) + H2O(l),Unkeless J.C.; Goldman P.; J. Biol. Chem.; 246 2354 (1971).,71UNK/GOL_1197,5573236.0, ,302.3,7.9,27, ,spectrophotometry,2-methylimidazole (0.15 mol dm-3) + HCl,mol/L;2-methylimidazole-HCl=0.15;(Mg)1(SO4)1=0.033  ,4.2.1.48, , , , , 
1930,2041.0,384.0,D-glutamate cyclase,kegg:C00217 = kegg:C02237 + kegg:C00001,CHB_29989 = CHB_15377 + CHB_16924,D-glutamate(aq) = 5-oxo-D-proline(aq) + H2O(l),Unkeless J.C.; Goldman P.; J. Biol. Chem.; 246 2354 (1971).,71UNK/GOL_1197,5573236.0, ,303.2,7.9,26.8, ,spectrophotometry,2-methylimidazole (0.15 mol dm-3) + HCl,mol/L;2-methylimidazole-HCl=0.15;(Mg)1(SO4)1=0.033  ,4.2.1.48, , , , , 
1931,2042.0,382.0,D-glutamate cyclase,kegg:C00217 = kegg:C02237 + kegg:C00001,CHB_29989 = CHB_15377 + CHB_16924,D-glutamate(aq) = 5-oxo-D-proline(aq) + H2O(l),Unkeless J.C.; Goldman P.; J. Biol. Chem.; 246 2354 (1971).,71UNK/GOL_1197,5573236.0, ,310.9,7.9,30.3, ,spectrophotometry,2-methylimidazole (0.15 mol dm-3) + HCl,mol/L;2-methylimidazole-HCl=0.15;(Mg)1(SO4)1=0.033  ,4.2.1.48, , , , , 
1932,2048.0,254.0,isocitrate lyase,kegg:C00311 = kegg:C00042 + kegg:C00048,CHB_16087 = CHB_16891 + CHB_30031,isocitrate(aq) = succinate(aq) + glyoxylate(aq),Williams J.O.; Roche T.E.; McFadden B.A.; Biochemistry; 10 1384 (1971).,71WIL/ROC_1115,5580657.0,10.1021/bi00784a017,303.15,7.7,0.0023, ,spectrophotometry,Mops (0.10 mol dm-3) + NaOH,mol/L;MOPS-NaOH=0.1  ,4.1.3.1, , , , , 
1933,,1916.0,[glutamate-ammonia-ligase] adenylyltransferase,kegg:C00002 + kegg:C01281 = kegg:C00013 + kegg:C01299, ,ATP(aq) + [L-glutamate:ammonia ligase(ADP-forming)](aq) = pyrophosphate(aq) + adenylyl-[L-glutamate:ammonia ligase(ADP-forming)](aq),Wohlhueter R.M.; Eur. J. Biochem.; 21 575 (1971).,71WOH_709,4398630.0,10.1111/j.1432-1033.1971.tb01503.x,278.5,7.4,57.4, ,enzymatic assay,Tris (0.10 mol dm-3) + HCl,2.0 = -log[Mg+2],2.7.7.42, , , , , 
1934,,1917.0,[glutamate-ammonia-ligase] adenylyltransferase,kegg:C00002 + kegg:C01281 = kegg:C00013 + kegg:C01299, ,ATP(aq) + [L-glutamate:ammonia ligase(ADP-forming)](aq) = pyrophosphate(aq) + adenylyl-[L-glutamate:ammonia ligase(ADP-forming)](aq),Wohlhueter R.M.; Eur. J. Biochem.; 21 575 (1971).,71WOH_709,4398630.0,10.1111/j.1432-1033.1971.tb01503.x,283.2,7.4,28.8, ,enzymatic assay,Tris (0.10 mol dm-3) + HCl,2.0 = -log[Mg+2],2.7.7.42, , , , , 
1935,,1918.0,[glutamate-ammonia-ligase] adenylyltransferase,kegg:C00002 + kegg:C01281 = kegg:C00013 + kegg:C01299, ,ATP(aq) + [L-glutamate:ammonia ligase(ADP-forming)](aq) = pyrophosphate(aq) + adenylyl-[L-glutamate:ammonia ligase(ADP-forming)](aq),Wohlhueter R.M.; Eur. J. Biochem.; 21 575 (1971).,71WOH_709,4398630.0,10.1111/j.1432-1033.1971.tb01503.x,288,7.4,21.8, ,enzymatic assay,Tris (0.10 mol dm-3) + HCl,2.0 = -log[Mg+2],2.7.7.42, , , , , 
1936,,1924.0,[glutamate-ammonia-ligase] adenylyltransferase,kegg:C00002 + kegg:C01281 = kegg:C00013 + kegg:C01299, ,ATP(aq) + [L-glutamate:ammonia ligase(ADP-forming)](aq) = pyrophosphate(aq) + adenylyl-[L-glutamate:ammonia ligase(ADP-forming)](aq),Wohlhueter R.M.; Eur. J. Biochem.; 21 575 (1971).,71WOH_709,4398630.0,10.1111/j.1432-1033.1971.tb01503.x,298.2,7.4,19.6, ,enzymatic assay,Tris (0.10 mol dm-3) + HCl,2.0 = -log[Mg+2],2.7.7.42, , , , , 
1937,,1925.0,[glutamate-ammonia-ligase] adenylyltransferase,kegg:C00002 + kegg:C01281 = kegg:C00013 + kegg:C01299, ,ATP(aq) + [L-glutamate:ammonia ligase(ADP-forming)](aq) = pyrophosphate(aq) + adenylyl-[L-glutamate:ammonia ligase(ADP-forming)](aq),Wohlhueter R.M.; Eur. J. Biochem.; 21 575 (1971).,71WOH_709,4398630.0,10.1111/j.1432-1033.1971.tb01503.x,303,7.4,17.8, ,enzymatic assay,Tris (0.10 mol dm-3) + HCl,2.0 = -log[Mg+2],2.7.7.42, , , , , 
1938,,1926.0,[glutamate-ammonia-ligase] adenylyltransferase,kegg:C00002 + kegg:C01281 = kegg:C00013 + kegg:C01299, ,ATP(aq) + [L-glutamate:ammonia ligase(ADP-forming)](aq) = pyrophosphate(aq) + adenylyl-[L-glutamate:ammonia ligase(ADP-forming)](aq),Wohlhueter R.M.; Eur. J. Biochem.; 21 575 (1971).,71WOH_709,4398630.0,10.1111/j.1432-1033.1971.tb01503.x,303.15,6.73,5, ,enzymatic assay,Tris (0.10 mol dm-3) + HCl,2.0 = -log[Mg+2],2.7.7.42, ,0.010 MgSO4, , , 
1939,,1928.0,[glutamate-ammonia-ligase] adenylyltransferase,kegg:C00002 + kegg:C01281 = kegg:C00013 + kegg:C01299, ,ATP(aq) + [L-glutamate:ammonia ligase(ADP-forming)](aq) = pyrophosphate(aq) + adenylyl-[L-glutamate:ammonia ligase(ADP-forming)](aq),Wohlhueter R.M.; Eur. J. Biochem.; 21 575 (1971).,71WOH_709,4398630.0,10.1111/j.1432-1033.1971.tb01503.x,303.15,7.0,12.9, ,enzymatic assay,Tris (0.10 mol dm-3) + HCl,2.0 = -log[Mg+2],2.7.7.42, ,0.010 MgSO4, , , 
1940,,1927.0,[glutamate-ammonia-ligase] adenylyltransferase,kegg:C00002 + kegg:C01281 = kegg:C00013 + kegg:C01299, ,ATP(aq) + [L-glutamate:ammonia ligase(ADP-forming)](aq) = pyrophosphate(aq) + adenylyl-[L-glutamate:ammonia ligase(ADP-forming)](aq),Wohlhueter R.M.; Eur. J. Biochem.; 21 575 (1971).,71WOH_709,4398630.0,10.1111/j.1432-1033.1971.tb01503.x,303.15,7.03,12.8, ,enzymatic assay,Tris (0.10 mol dm-3) + HCl,2.0 = -log[Mg+2],2.7.7.42, ,0.010 MgSO4, , , 
1941,,1919.0,[glutamate-ammonia-ligase] adenylyltransferase,kegg:C00002 + kegg:C01281 = kegg:C00013 + kegg:C01299, ,ATP(aq) + [L-glutamate:ammonia ligase(ADP-forming)](aq) = pyrophosphate(aq) + adenylyl-[L-glutamate:ammonia ligase(ADP-forming)](aq),Wohlhueter R.M.; Eur. J. Biochem.; 21 575 (1971).,71WOH_709,4398630.0,10.1111/j.1432-1033.1971.tb01503.x,303.15,7.4,12.3, ,enzymatic assay,Tris (0.10 mol dm-3) + HCl,2.3 = -log[Mg+2],2.7.7.42, ,0.005 MgSO4, , , 
1942,,1920.0,[glutamate-ammonia-ligase] adenylyltransferase,kegg:C00002 + kegg:C01281 = kegg:C00013 + kegg:C01299, ,ATP(aq) + [L-glutamate:ammonia ligase(ADP-forming)](aq) = pyrophosphate(aq) + adenylyl-[L-glutamate:ammonia ligase(ADP-forming)](aq),Wohlhueter R.M.; Eur. J. Biochem.; 21 575 (1971).,71WOH_709,4398630.0,10.1111/j.1432-1033.1971.tb01503.x,303.15,7.4,23.6, ,enzymatic assay,Tris (0.10 mol dm-3) + HCl,2.0 = -log[Mg+2],2.7.7.42, ,0.010 MgSO4, , , 
1943,,1921.0,[glutamate-ammonia-ligase] adenylyltransferase,kegg:C00002 + kegg:C01281 = kegg:C00013 + kegg:C01299, ,ATP(aq) + [L-glutamate:ammonia ligase(ADP-forming)](aq) = pyrophosphate(aq) + adenylyl-[L-glutamate:ammonia ligase(ADP-forming)](aq),Wohlhueter R.M.; Eur. J. Biochem.; 21 575 (1971).,71WOH_709,4398630.0,10.1111/j.1432-1033.1971.tb01503.x,303.15,7.4,38.2, ,enzymatic assay,Tris (0.10 mol dm-3) + HCl,1.7 = -log[Mg+2],2.7.7.42, ,0.020 MgSO4, , , 
1944,,1922.0,[glutamate-ammonia-ligase] adenylyltransferase,kegg:C00002 + kegg:C01281 = kegg:C00013 + kegg:C01299, ,ATP(aq) + [L-glutamate:ammonia ligase(ADP-forming)](aq) = pyrophosphate(aq) + adenylyl-[L-glutamate:ammonia ligase(ADP-forming)](aq),Wohlhueter R.M.; Eur. J. Biochem.; 21 575 (1971).,71WOH_709,4398630.0,10.1111/j.1432-1033.1971.tb01503.x,303.15,7.57,48.2, ,enzymatic assay,Tris (0.10 mol dm-3) + HCl,2.0 = -log[Mg+2],2.7.7.42, ,0.010 MgSO4, , , 
1945,,1923.0,[glutamate-ammonia-ligase] adenylyltransferase,kegg:C00002 + kegg:C01281 = kegg:C00013 + kegg:C01299, ,ATP(aq) + [L-glutamate:ammonia ligase(ADP-forming)](aq) = pyrophosphate(aq) + adenylyl-[L-glutamate:ammonia ligase(ADP-forming)](aq),Wohlhueter R.M.; Eur. J. Biochem.; 21 575 (1971).,71WOH_709,4398630.0,10.1111/j.1432-1033.1971.tb01503.x,309.5,7.4,18.5, ,enzymatic assay,Tris (0.10 mol dm-3) + HCl,2.0 = -log[Mg+2],2.7.7.42, , , , , 
1946,2051.0,4525.0,"L-erythro-3,5-diaminohexanoate dehydrogenase",kegg:C01186 + kegg:C00003 + kegg:C00001 = kegg:C03656 + kegg:C00004 + kegg:C00014,CHB_15377 + CHB_15846 + CHB_21282 = CHB_16134 + CHB_16908 + CHB_27713,"L-erythro-3,5-diaminohexanoate(aq) + NAD(aq) + H2O(l) = (S)-5-amino-3-oxohexanoate(aq) + NADH(aq) + ammonia(aq)",Baker J.J.; Jeng I.; Barker H.A.; J. Biol. Chem.; 247 7724 (1972).,72BAK/JEN_290,4344229.0, ,299.15,6.93,0.0038, ,radioactivity and spectrophotometry,phosphate (0.088 mol dm-3),mol/L;phosphate buffer=0.088  ,1.4.1.11, , , , , 
1947,2053.0,4529.0,"L-erythro-3,5-diaminohexanoate dehydrogenase",kegg:C01186 + kegg:C00003 + kegg:C00001 = kegg:C03656 + kegg:C00004 + kegg:C00014,CHB_15377 + CHB_15846 + CHB_21282 = CHB_16134 + CHB_16908 + CHB_27713,"L-erythro-3,5-diaminohexanoate(aq) + NAD(aq) + H2O(l) = (S)-5-amino-3-oxohexanoate(aq) + NADH(aq) + ammonia(aq)",Baker J.J.; Jeng I.; Barker H.A.; J. Biol. Chem.; 247 7724 (1972).,72BAK/JEN_290,4344229.0, ,299.15,6.97,0.0041, ,radioactivity and spectrophotometry,phosphate (0.088 mol dm-3),mol/L;phosphate buffer=0.088  ,1.4.1.11, , , , , 
1948,2052.0,4530.0,"L-erythro-3,5-diaminohexanoate dehydrogenase",kegg:C01186 + kegg:C00003 + kegg:C00001 = kegg:C03656 + kegg:C00004 + kegg:C00014,CHB_15377 + CHB_15846 + CHB_21282 = CHB_16134 + CHB_16908 + CHB_27713,"L-erythro-3,5-diaminohexanoate(aq) + NAD(aq) + H2O(l) = (S)-5-amino-3-oxohexanoate(aq) + NADH(aq) + ammonia(aq)",Baker J.J.; Jeng I.; Barker H.A.; J. Biol. Chem.; 247 7724 (1972).,72BAK/JEN_290,4344229.0, ,299.15,7.0,0.004, ,radioactivity and spectrophotometry,phosphate (0.088 mol dm-3),mol/L;phosphate buffer=0.088  ,1.4.1.11, , , , , 
1949,2049.0,4527.0,"L-erythro-3,5-diaminohexanoate dehydrogenase",kegg:C01186 + kegg:C00003 + kegg:C00001 = kegg:C03656 + kegg:C00004 + kegg:C00014,CHB_15377 + CHB_15846 + CHB_21282 = CHB_16134 + CHB_16908 + CHB_27713,"L-erythro-3,5-diaminohexanoate(aq) + NAD(aq) + H2O(l) = (S)-5-amino-3-oxohexanoate(aq) + NADH(aq) + ammonia(aq)",Baker J.J.; Jeng I.; Barker H.A.; J. Biol. Chem.; 247 7724 (1972).,72BAK/JEN_290,4344229.0, ,299.15,7.37,5.00E-05, ,radioactivity and spectrophotometry,phosphate (0.088 mol dm-3),mol/L;phosphate buffer=0.088  ,1.4.1.11, , , , , 
1950,2054.0,4526.0,"L-erythro-3,5-diaminohexanoate dehydrogenase",kegg:C01186 + kegg:C00003 + kegg:C00001 = kegg:C03656 + kegg:C00004 + kegg:C00014,CHB_15377 + CHB_15846 + CHB_21282 = CHB_16134 + CHB_16908 + CHB_27713,"L-erythro-3,5-diaminohexanoate(aq) + NAD(aq) + H2O(l) = (S)-5-amino-3-oxohexanoate(aq) + NADH(aq) + ammonia(aq)",Baker J.J.; Jeng I.; Barker H.A.; J. Biol. Chem.; 247 7724 (1972).,72BAK/JEN_290,4344229.0, ,299.15,7.37,0.0053, ,radioactivity and spectrophotometry,phosphate (0.088 mol dm-3),mol/L;phosphate buffer=0.088  ,1.4.1.11, , , , , 
1951,2055.0,4528.0,"L-erythro-3,5-diaminohexanoate dehydrogenase",kegg:C01186 + kegg:C00003 + kegg:C00001 = kegg:C03656 + kegg:C00004 + kegg:C00014,CHB_15377 + CHB_15846 + CHB_21282 = CHB_16134 + CHB_16908 + CHB_27713,"L-erythro-3,5-diaminohexanoate(aq) + NAD(aq) + H2O(l) = (S)-5-amino-3-oxohexanoate(aq) + NADH(aq) + ammonia(aq)",Baker J.J.; Jeng I.; Barker H.A.; J. Biol. Chem.; 247 7724 (1972).,72BAK/JEN_290,4344229.0, ,299.15,7.37,0.0062, ,radioactivity and spectrophotometry,phosphate (0.088 mol dm-3),mol/L;phosphate buffer=0.088  ,1.4.1.11, , , , , 
1952,2050.0,4531.0,"L-erythro-3,5-diaminohexanoate dehydrogenase",kegg:C01186 + kegg:C00003 + kegg:C00001 = kegg:C03656 + kegg:C00004 + kegg:C00014,CHB_15377 + CHB_15846 + CHB_21282 = CHB_16134 + CHB_16908 + CHB_27713,"L-erythro-3,5-diaminohexanoate(aq) + NAD(aq) + H2O(l) = (S)-5-amino-3-oxohexanoate(aq) + NADH(aq) + ammonia(aq)",Baker J.J.; Jeng I.; Barker H.A.; J. Biol. Chem.; 247 7724 (1972).,72BAK/JEN_290,4344229.0, ,299.15,7.37,8.30E-05, ,radioactivity and spectrophotometry,phosphate (0.088 mol dm-3),mol/L;phosphate buffer=0.088  ,1.4.1.11, , , , , 
1953,2056.0,70.0,pyrophosphate-serine phosphotransferase,kegg:C00013 + kegg:C00065 = kegg:C00009 + kegg:C01005,CHB_17115 + CHB_18361 = CHB_15811 + CHB_26078,pyrophosphate(aq) + L-serine(aq) = orthophosphate(aq) + O-phospho-L-serine(aq),Cagen L.M.; Friedmann H.C.; J. Biol. Chem.; 247 3382 (1972).,72CAG/FRI_570,4337852.0, ,310.15,6.7,388, ,spectrophotometry,phosphate,mol/L;phosphate buffer=0.02;(Mg)1(SO4)1=0.001 _ phosphate (0.02 mol/L) _ ,2.7.1.80, ,0.02 phosphate, , , 
1954,2057.0,67.0,pyrophosphate-serine phosphotransferase,kegg:C00013 + kegg:C00065 = kegg:C00009 + kegg:C01005,CHB_17115 + CHB_18361 = CHB_15811 + CHB_26078,pyrophosphate(aq) + L-serine(aq) = orthophosphate(aq) + O-phospho-L-serine(aq),Cagen L.M.; Friedmann H.C.; J. Biol. Chem.; 247 3382 (1972).,72CAG/FRI_570,4337852.0, ,310.15,6.7,391, ,spectrophotometry,phosphate,mol/L;phosphate buffer=0.025;(Mg)1(SO4)1=0.001 _ phosphate (0.025 mol/L) _ ,2.7.1.80, ,0.025 phosphate, , , 
1955,2058.0,64.0,pyrophosphate-serine phosphotransferase,kegg:C00013 + kegg:C00065 = kegg:C00009 + kegg:C01005,CHB_17115 + CHB_18361 = CHB_15811 + CHB_26078,pyrophosphate(aq) + L-serine(aq) = orthophosphate(aq) + O-phospho-L-serine(aq),Cagen L.M.; Friedmann H.C.; J. Biol. Chem.; 247 3382 (1972).,72CAG/FRI_570,4337852.0, ,310.15,6.7,480, ,spectrophotometry,phosphate,mol/L;phosphate buffer=0.05;(Mg)1(SO4)1=0.001 _ phosphate (0.05 mol/L) _ ,2.7.1.80, ,0.05 phosphate, , , 
1956,2059.0,65.0,pyrophosphate-serine phosphotransferase,kegg:C00013 + kegg:C00065 = kegg:C00009 + kegg:C01005,CHB_17115 + CHB_18361 = CHB_15811 + CHB_26078,pyrophosphate(aq) + L-serine(aq) = orthophosphate(aq) + O-phospho-L-serine(aq),Cagen L.M.; Friedmann H.C.; J. Biol. Chem.; 247 3382 (1972).,72CAG/FRI_570,4337852.0, ,310.15,6.7,480, ,spectrophotometry,phosphate,mol/L;phosphate buffer=0.075;(Mg)1(SO4)1=0.001 _ phosphate (0.075 mol/L) _ ,2.7.1.80, ,0.075 phosphate, , , 
1957,2061.0,69.0,pyrophosphate-serine phosphotransferase,kegg:C00013 + kegg:C00065 = kegg:C00009 + kegg:C01005,CHB_17115 + CHB_18361 = CHB_15811 + CHB_26078,pyrophosphate(aq) + L-serine(aq) = orthophosphate(aq) + O-phospho-L-serine(aq),Cagen L.M.; Friedmann H.C.; J. Biol. Chem.; 247 3382 (1972).,72CAG/FRI_570,4337852.0, ,310.15,6.7,470, ,spectrophotometry,phosphate,mol/L;phosphate buffer=0.1;(Mg)1(SO4)1=0.001 _ phosphate (0.1 mol/L) _ ,2.7.1.80, ,0.1 phosphate, , , 
1958,2060.0,66.0,pyrophosphate-serine phosphotransferase,kegg:C00013 + kegg:C00065 = kegg:C00009 + kegg:C01005,CHB_17115 + CHB_18361 = CHB_15811 + CHB_26078,pyrophosphate(aq) + L-serine(aq) = orthophosphate(aq) + O-phospho-L-serine(aq),Cagen L.M.; Friedmann H.C.; J. Biol. Chem.; 247 3382 (1972).,72CAG/FRI_570,4337852.0, ,310.15,7.7,918, ,spectrophotometry,phosphate,mol/L;phosphate buffer=0.075;(Mg)1(SO4)1=0.001 _ phosphate (0.075 mol/L) _ ,2.7.1.80, ,0.075 phosphate, , , 
1959,2062.0,68.0,pyrophosphate-serine phosphotransferase,kegg:C00013 + kegg:C00065 = kegg:C00009 + kegg:C01005,CHB_17115 + CHB_18361 = CHB_15811 + CHB_26078,pyrophosphate(aq) + L-serine(aq) = orthophosphate(aq) + O-phospho-L-serine(aq),Cagen L.M.; Friedmann H.C.; J. Biol. Chem.; 247 3382 (1972).,72CAG/FRI_570,4337852.0, ,310.15,7.7,991, ,spectrophotometry,phosphate,mol/L;phosphate buffer=0.1;(Mg)1(SO4)1=0.001 _ phosphate (0.1 mol/L) _ ,2.7.1.80, ,0.1 phosphate, , , 
1960,2064.0,427.0,glutamine-pyruvate aminotransaminase,kegg:C00064 + kegg:C00048 = kegg:C00940 + kegg:C00037,CHB_16891 + CHB_18050 = CHB_15428 + CHB_16769,L-glutamine(aq) + glyoxylate(aq) = 2-oxoglutaramate(aq) + glycine(aq),Cooper A.J.L.; Meister A.; Biochemistry; 11 661 (1972).,72COO/MEI_521, , ,310.15,8.4,607, ,spectrophotometry,Tris (0.050 mol dm-3) + HCl,mol/L;Tris-HCl=0.05  ,2.6.1.15, , , , , 
1961,2063.0, ,glutamine-pyruvate aminotransaminase, ,CHB_18050 + PBC_473 = CHB_16643 + CHB_16769,L-glutamine(aq) + 2-oxo-4-methiolbutyrate(aq) = 2-oxoglutaramate(aq) + L-methionine(aq),Cooper A.J.L.; Meister A.; Biochemistry; 11 661 (1972).,72COO/MEI_522, , ,310.15,8.4,69, ,spectrophotometry,Tris (0.050 mol dm-3) + HCl,mol/L;Tris-HCl=0.05  ,2.6.1.15, , , , , 
1962,2065.0,426.0,glutamine-pyruvate aminotransaminase,kegg:C00064 + kegg:C00022 = kegg:C00940 + kegg:C00041,CHB_15361 + CHB_18050 = CHB_16769 + CHB_16977,L-glutamine(aq) + pyruvate(aq) = 2-oxoglutaramate(aq) + L-alanine(aq),Cooper A.J.L.; Meister A.; Biochemistry; 11 661 (1972).,72COO/MEI_523,5059882.0,10.1021/bi00755a001,310.15,8.4,340, ,spectrophotometry,Tris (0.050 mol dm-3) + HCl,mol/L;Tris-HCl=0.05  ,2.6.1.15, , , , , 
1963,2066.0,882.0,2-dehydro-3-deoxy-L-pentonate aldolase,kegg:C06159 = kegg:C00022 + kegg:C00424,CHB_18104 = CHB_15361 + CHB_18041,2-dehydro-3-deoxy-D-fuconate(aq) = pyruvate(aq) + (S)-lactaldehyde(aq),Dahms A.S.; Anderson R.L.; J. Biol. Chem.; 247 2238 (1972).,72DAH/AND_1108,5016652.0, ,301.15,7.5,0.00012, ,enzymatic assay and spectrophotometry,Hepes (0.012 mol dm-3),mol/L;HEPES=0.012  ,4.1.2.18, , , , , 
1964,2067.0,1281.0,sucrose synthase,kegg:C00029 + kegg:C00095 = kegg:C00015 + kegg:C00089,CHB_18066 + CHB_37721 = CHB_17659 + CHB_17992,UDPglucose(aq) + D-fructose(aq) = UDP(aq) + sucrose(aq),Delmer D.P.; J. Biol. Chem.; 247 3822 (1972).,72DEL_427,4624446.0, ,298.15,7.5,6.7, ,chromatography and radioactivity,Tris,mol/L;Tris=0.03  ,2.4.1.13, , , , , 
1965,2069.0,4075.0,3-hydroxybenzyl-alcohol dehydrogenase,kegg:C03351 + kegg:C00006 = kegg:C03067 + kegg:C00005,CHB_17069 + CHB_18009 = CHB_16207 + CHB_16474,3-hydroxybenzyl alcohol(aq) + NADP(aq) = 3-hydroxybenzaldehyde(aq) + NADPH(aq),Forrester P.I.; Gaucher G.M.; Biochemistry; 11 1108 (1972).,72FOR/GAU_206,4335290.0,10.1021/bi00756a026,303.15,7.6,0.18, ,spectrophotometry,N-tris(hydroxymethyl)methyl-2-aminoethanesulfonic acid,mol/L;TES buffer=0.01;(Mg)1(Cl)2=0.001;NADPH=0.0002;3-hydroxybenzaldehyde=0.0004;NADP=0;3-hydroxybenzyl alcohol=0  ,1.1.1.97, , , , , 
1966,2070.0,4394.0,UTP-glucose-1-phosphate uridylyltransferase,kegg:C00075 + kegg:C00103 = kegg:C00013 + kegg:C00029,CHB_15713 + CHB_16077 = CHB_18066 + CHB_18361,UTP(aq) + Î±-D-glucose 1-phosphate(aq) = pyrophosphate(aq) + UDPglucose(aq),Gustafson G.L.; Gander J.E.; J. Biol. Chem.; 247 1387 (1972).,72GUS/GAN_691,5012314.0, ,310.15,8.5,0.13, ,enzymatic assay and spectrophotometry,Tris (0.04 mol dm-3) + HCl,3.7 = -log[Mg+2] _ mol/L;Tris-HCl=0.04;(Mg)1(SO4)1=0.0002;pyrophosphate=0.0002;UDPglucose=0.0002;D-glucose 1-phosphate=0;UTP=0 _ MgSO4 (0.0002 mol/L) _ ,2.7.7.9, ,0.0002 MgSO4, , , 
1967,2071.0,4393.0,UTP-glucose-1-phosphate uridylyltransferase,kegg:C00075 + kegg:C00103 = kegg:C00013 + kegg:C00029,CHB_15713 + CHB_16077 = CHB_18066 + CHB_18361,UTP(aq) + Î±-D-glucose 1-phosphate(aq) = pyrophosphate(aq) + UDPglucose(aq),Gustafson G.L.; Gander J.E.; J. Biol. Chem.; 247 1387 (1972).,72GUS/GAN_691,5012314.0, ,310.15,8.5,0.17, ,enzymatic assay and spectrophotometry,Tris (0.04 mol dm-3) + HCl,3.4 = -log[Mg+2] _ mol/L;Tris-HCl=0.04;(Mg)1(SO4)1=0.0004;pyrophosphate=0.0002;UDPglucose=0.0002;D-glucose 1-phosphate=0;UTP=0 _ MgSO4 (0.0004 mol/L) _ ,2.7.7.9, ,0.0004 MgSO4, , , 
1968,2072.0,4391.0,UTP-glucose-1-phosphate uridylyltransferase,kegg:C00075 + kegg:C00103 = kegg:C00013 + kegg:C00029,CHB_15713 + CHB_16077 = CHB_18066 + CHB_18361,UTP(aq) + Î±-D-glucose 1-phosphate(aq) = pyrophosphate(aq) + UDPglucose(aq),Gustafson G.L.; Gander J.E.; J. Biol. Chem.; 247 1387 (1972).,72GUS/GAN_691,5012314.0, ,310.15,8.5,0.2, ,enzymatic assay and spectrophotometry,Tris (0.04 mol dm-3) + HCl,3.22 = -log[Mg+2] _ mol/L;Tris-HCl=0.04;(Mg)1(SO4)1=0.0006;pyrophosphate=0.0002;UDPglucose=0.0002;D-glucose 1-phosphate=0;UTP=0 _ MgSO4 (0.0006 mol/L) _ ,2.7.7.9, ,0.0006 MgSO4, , , 
1969,2073.0,4389.0,UTP-glucose-1-phosphate uridylyltransferase,kegg:C00075 + kegg:C00103 = kegg:C00013 + kegg:C00029,CHB_15713 + CHB_16077 = CHB_18066 + CHB_18361,UTP(aq) + Î±-D-glucose 1-phosphate(aq) = pyrophosphate(aq) + UDPglucose(aq),Gustafson G.L.; Gander J.E.; J. Biol. Chem.; 247 1387 (1972).,72GUS/GAN_691,5012314.0, ,310.15,8.5,0.26, ,enzymatic assay and spectrophotometry,Tris (0.04 mol dm-3) + HCl,3.0 = -log[Mg+2] _ mol/L;Tris-HCl=0.04;(Mg)1(SO4)1=0.001;pyrophosphate=0.0002;UDPglucose=0.0002;D-glucose 1-phosphate=0;UTP=0 _ MgSO4 (0.001 mol/L) _ ,2.7.7.9, ,0.001 MgSO4, , , 
1970,2074.0,4392.0,UTP-glucose-1-phosphate uridylyltransferase,kegg:C00075 + kegg:C00103 = kegg:C00013 + kegg:C00029,CHB_15713 + CHB_16077 = CHB_18066 + CHB_18361,UTP(aq) + Î±-D-glucose 1-phosphate(aq) = pyrophosphate(aq) + UDPglucose(aq),Gustafson G.L.; Gander J.E.; J. Biol. Chem.; 247 1387 (1972).,72GUS/GAN_691,5012314.0, ,310.15,8.5,0.33, ,enzymatic assay and spectrophotometry,Tris (0.04 mol dm-3) + HCl,2.4 = -log[Mg+2] _ mol/L;Tris-HCl=0.04;(Mg)1(SO4)1=0.004;pyrophosphate=0.0002;UDPglucose=0.0002;D-glucose 1-phosphate=0;UTP=0 _ MgSO4 (0.004 mol/L) _ ,2.7.7.9, ,0.004 MgSO4, , , 
1971,2075.0,4390.0,UTP-glucose-1-phosphate uridylyltransferase,kegg:C00075 + kegg:C00103 = kegg:C00013 + kegg:C00029,CHB_15713 + CHB_16077 = CHB_18066 + CHB_18361,UTP(aq) + Î±-D-glucose 1-phosphate(aq) = pyrophosphate(aq) + UDPglucose(aq),Gustafson G.L.; Gander J.E.; J. Biol. Chem.; 247 1387 (1972).,72GUS/GAN_691,5012314.0, ,310.15,8.5,0.63, ,enzymatic assay and spectrophotometry,Tris (0.04 mol dm-3) + HCl,2.0 = -log[Mg+2] _ mol/L;Tris-HCl=0.04;(Mg)1(SO4)1=0.01;pyrophosphate=0.0002;UDPglucose=0.0002;D-glucose 1-phosphate=0;UTP=0 _ MgSO4 (0.01 mol/L) _ ,2.7.7.9, ,0.01 MgSO4, , , 
1972,2076.0, ,ribonuclease (unclassified), ,MAN_10090 = CHB_16335 + CHB_27844,adenylyl(3'->5')adenosine(aq) = adenosine 2':3'-(cyclic)phosphate(aq) + adenosine(aq),Khabarova M.I.; Zhenodarova S.M.; Mol. Biol. (Moscow); 6 547 (1972).,72KHA/ZHE_860, , ,273.15,7.0,8, ,"chromatography, electrophoresis, and spectrophotometry and spectrophotometry and chromatography electrophoresis",phosphate (0.2 mol dm-3),mol/L;phosphate buffer=0.2  ,3.1.27.-, , , , , 
1973,2077.0, ,ribonuclease (unclassified), ,PBC_91746281 = CHB_17562 + CHB_27844,adenylyl(3'->5')cytidine(aq) = adenosine 2':3'-(cyclic)phosphate(aq) + cytidine(aq),Khabarova M.I.; Zhenodarova S.M.; Mol. Biol. (Moscow); 6 547 (1972).,72KHA/ZHE_861, , ,273.15,7.0,0.6, ,"chromatography, electrophoresis, and spectrophotometry and spectrophotometry and chromatography electrophoresis",phosphate (0.2 mol dm-3),mol/L;phosphate buffer=0.2  ,3.1.27.-, , , , , 
1974,2078.0, ,ribonuclease (unclassified), ,MAN_10036 = CHB_16704 + CHB_27844,adenylyl(3'->5')uridine(aq) = adenosine 2':3'-(cyclic)phosphate(aq) + uridine(aq),Khabarova M.I.; Zhenodarova S.M.; Mol. Biol. (Moscow); 6 547 (1972).,72KHA/ZHE_862, , ,273.15,7.0,4, ,"chromatography, electrophoresis, and spectrophotometry and spectrophotometry and chromatography electrophoresis",phosphate (0.2 mol dm-3),mol/L;phosphate buffer=0.2  ,3.1.27.-, , , , , 
1975,2081.0, ,ribonuclease (unclassified), ,PBC_94237 = CHB_17562 + CHB_27652,cytidylyl(3'->5')cytidine(aq) = cytidine 2':3'-(cyclic)phosphate(aq) + cytidine(aq),Khabarova M.I.; Zhenodarova S.M.; Mol. Biol. (Moscow); 6 547 (1972).,72KHA/ZHE_863, , ,273.15,5.2,6, ,"chromatography, electrophoresis, and spectrophotometry and spectrophotometry and chromatography electrophoresis",acetate (0.2 mol dm-3) imidazole (0.05 mol dm-3) and phosphate (0.2 mol dm-3),mol/L;acetate buffer=0.2  ,3.1.27.-, , , , , 
1976,2079.0, ,ribonuclease (unclassified), ,PBC_94237 = CHB_17562 + CHB_27652,cytidylyl(3'->5')cytidine(aq) = cytidine 2':3'-(cyclic)phosphate(aq) + cytidine(aq),Khabarova M.I.; Zhenodarova S.M.; Mol. Biol. (Moscow); 6 547 (1972).,72KHA/ZHE_863, , ,273.15,7.0,5, ,"chromatography, electrophoresis, and spectrophotometry and spectrophotometry and chromatography electrophoresis",acetate (0.2 mol dm-3) imidazole (0.05 mol dm-3) and phosphate (0.2 mol dm-3),mol/L;imidazole buffer=0.05  ,3.1.27.-, , , , , 
1977,2080.0, ,ribonuclease (unclassified), ,PBC_94237 = CHB_17562 + CHB_27652,cytidylyl(3'->5')cytidine(aq) = cytidine 2':3'-(cyclic)phosphate(aq) + cytidine(aq),Khabarova M.I.; Zhenodarova S.M.; Mol. Biol. (Moscow); 6 547 (1972).,72KHA/ZHE_863, , ,273.15,7.0,5, ,"chromatography, electrophoresis, and spectrophotometry and spectrophotometry and chromatography electrophoresis",acetate (0.2 mol dm-3) imidazole (0.05 mol dm-3) and phosphate (0.2 mol dm-3),mol/L;phosphate buffer=0.2  ,3.1.27.-, , , , , 
1978,2082.0, ,ribonuclease (unclassified), ,MAN_10116 = CHB_16704 + CHB_27652,cytidylyl(3'->5')uridine(aq) = cytidine 2':3'-(cyclic)phosphate(aq) + uridine(aq),Khabarova M.I.; Zhenodarova S.M.; Mol. Biol. (Moscow); 6 547 (1972).,72KHA/ZHE_864, , ,273.15,7.0,14, ,"chromatography, electrophoresis, and spectrophotometry and spectrophotometry and chromatography electrophoresis",phosphate (0.2 mol dm-3),mol/L;phosphate buffer=0.2  ,3.1.27.-, , , , , 
1979,2083.0, ,ribonuclease (unclassified), ,MAN_10008 = CHB_16335 + CHB_28181,guanylyl(3'->5')adenosine(aq) = guanosine 2':3'-(cyclic)phosphate(aq) + adenosine(aq),Khabarova M.I.; Zhenodarova S.M.; Mol. Biol. (Moscow); 6 547 (1972).,72KHA/ZHE_865, , ,273.15,7.0,8, ,"chromatography, electrophoresis, and spectrophotometry and spectrophotometry and chromatography electrophoresis",phosphate (0.2 mol dm-3),mol/L;phosphate buffer=0.2  ,3.1.27.-, , , , , 
1980,2084.0, ,ribonuclease (unclassified), ,PBC_107595 = CHB_17562 + CHB_28181,guanylyl(3'->5')cytidine(aq) = guanosine 2':3'-(cyclic)phosphate(aq) + cytidine(aq),Khabarova M.I.; Zhenodarova S.M.; Mol. Biol. (Moscow); 6 547 (1972).,72KHA/ZHE_866, , ,273.15,4.65,1, ,"chromatography, electrophoresis, and spectrophotometry and spectrophotometry and chromatography electrophoresis",acetate (0.2 mol dm-3),mol/L;acetate buffer=0.2  ,3.1.27.-, , , , , 
1981,2085.0, ,ribonuclease (unclassified), ,PBC_107595 = CHB_17562 + CHB_28181,guanylyl(3'->5')cytidine(aq) = guanosine 2':3'-(cyclic)phosphate(aq) + cytidine(aq),Khabarova M.I.; Zhenodarova S.M.; Mol. Biol. (Moscow); 6 547 (1972).,72KHA/ZHE_866, , ,273.15,5.2,6, ,"chromatography, electrophoresis, and spectrophotometry and spectrophotometry and chromatography electrophoresis",acetate (0.2 mol dm-3),mol/L;acetate buffer=0.2  ,3.1.27.-, , , , , 
1982,2086.0, ,ribonuclease (unclassified), ,PBC_14629610 = CHB_16704 + CHB_28181,guanylyl(3'->5')uridine(aq) = guanosine 2':3'-(cyclic)phosphate(aq) + uridine(aq),Khabarova M.I.; Zhenodarova S.M.; Mol. Biol. (Moscow); 6 547 (1972).,72KHA/ZHE_867, , ,273.15,7.0,4, ,"chromatography, electrophoresis, and spectrophotometry and spectrophotometry and chromatography electrophoresis",phosphate (0.2 mol dm-3),mol/L;phosphate buffer=0.2  ,3.1.27.-, , , , , 
1983,2087.0, ,ribonuclease (unclassified), ,PBC_97549 = CHB_17562 + CHB_28637,uridylyl(3'->5')cytidine(aq) = uridine 2':3'-(cyclic)phosphate(aq) + cytidine(aq),Khabarova M.I.; Zhenodarova S.M.; Mol. Biol. (Moscow); 6 547 (1972).,72KHA/ZHE_868, , ,273.15,5.2,6, ,"chromatography, electrophoresis, and spectrophotometry and spectrophotometry and chromatography electrophoresis",acetate (0.2 mol dm-3) and phosphate (0.2 mol dm-3),mol/L;acetate buffer=0.2  ,3.1.27.-, , , , , 
1984,2088.0, ,ribonuclease (unclassified), ,PBC_97549 = CHB_17562 + CHB_28637,uridylyl(3'->5')cytidine(aq) = uridine 2':3'-(cyclic)phosphate(aq) + cytidine(aq),Khabarova M.I.; Zhenodarova S.M.; Mol. Biol. (Moscow); 6 547 (1972).,72KHA/ZHE_868, , ,273.15,7.0,4, ,"chromatography, electrophoresis, and spectrophotometry and spectrophotometry and chromatography electrophoresis",acetate (0.2 mol dm-3) and phosphate (0.2 mol dm-3),mol/L;phosphate buffer=0.2  ,3.1.27.-, , , , , 
1985,2089.0, ,ribonuclease (unclassified), ,MAN_10029 = CHB_16704 + CHB_28637,uridylyl(3'->5')uridine(aq) = uridine 2':3'-(cyclic)phosphate(aq) + uridine(aq),Khabarova M.I.; Zhenodarova S.M.; Mol. Biol. (Moscow); 6 547 (1972).,72KHA/ZHE_869,4660956.0, ,273.15,7.0,9, ,"chromatography, electrophoresis, and spectrophotometry and spectrophotometry and chromatography electrophoresis",phosphate (0.2 mol dm-3),mol/L;phosphate buffer=0.2  ,3.1.27.-, , , , , 
1986,2090.0,131.0,glycerol dehydrogenase (NADP+),kegg:C00116 + kegg:C00006 = kegg:C00577 + kegg:C00005,CHB_17754 + CHB_18009 = CHB_16474 + CHB_17378,glycerol(aq) + NADP(aq) = (R)-glyceraldehyde(aq) + NADPH(aq),Kormann A.W.; Hurst R.O.; Flynn T.G.; Biochim. Biophys. Acta; 258 40 (1972).,72KOR/HUR_199, , ,310.15,7.0,1.67E-06, ,spectrophotometry,phosphate (0.05 mol dm-3),mol/L;phosphate buffer=0.05  ,1.1.1.72, , , , , 
1987,2068,175.0,galactinol-raffinose galactosyltransferase,kegg:C01235 + kegg:C00492 = kegg:C00137 + kegg:C01613,CHB_16810 + CHB_30566 = CHB_29985 + CHB_57706,1-Î±-D-galactosyl-myo-inositol(aq) + raffinose(aq) = myo-inositol(aq) + stachyose(aq),Lehle L.; Tanner W.; Methods Enzymol.; 38 522 (1972).,72LEH/TAN_452, , ,298.15,6.5,4, ,enzymatic assay,phosphate (0.5 mol dm-3),mol/L;glycylglycine=0.12 _ nan _ ,2.4.1.67 & 2.6.1.19, , ,, , 
1988,, ,"a,a-trehalose phosphorylase", , ,"Î±,Î±-trehalose(aq) + orthophosphate(aq) = D-glucose(aq) + Î²-D-glucose 1-phosphate(aq)",Marechal L.R.; Belocopitow E.; J. Biol. Chem.; 247 3223 (1972).,72MAR/BEL_450,4623846.0, ,310.15,6.3,0.059, ,enzymatic assay and spectrophotometry,imidazole (0.040 mol dm-3) + HCl, ,2.4.1.64, , , , , 
1989,, ,"a,a-trehalose phosphorylase", , ,"Î±,Î±-trehalose(aq) + orthophosphate(aq) = D-glucose(aq) + Î²-D-glucose 1-phosphate(aq)",Marechal L.R.; Belocopitow E.; J. Biol. Chem.; 247 3223 (1972).,72MAR/BEL_450,4623846.0, ,310.15,7.0,0.24, ,enzymatic assay and spectrophotometry,imidazole (0.040 mol dm-3) + HCl, ,2.4.1.64, , , , , 
1990,2094.0,2028.0,dihydrofolate reductase,kegg:C00101 + kegg:C00006 = kegg:C00415 + kegg:C00005,CHB_15635 + CHB_18009 = CHB_15633 + CHB_16474,"5,6,7,8-tetrahydrofolate(aq) + NADP(aq) = 7,8-dihydrofolate(aq) + NADPH(aq)",Nagelschmidt M.; Jaenicke L.; Hoppe-Seyler's Z. Physiol. Chem.; 353 773 (1972).,72NAG/JAE_299,4403556.0, ,298.15,8.2,0.0005, ,spectrophotometry,Tris + HCl (0.4 mol dm-3),mol/L;Tris-HCl=0.4  ,1.5.1.3, , , , , 
1991,,4148.0,catalase,kegg:C00027 = 0.5 kegg:C00007 + kegg:C00001, ,H2O2(aq) = 1/2 O2(aq) + H2O(l),Nelson D.P.; Kiesow L.A.; Anal. Biochem.; 49 474 (1972).,72NEL/KIE_330,5082943.0,10.1016/0003-2697(72)90451-4,298.15, , , ,calorimetry,none, ,1.11.1.6, , , , ,-100.4
1992,2095.0,3125.0,glutamate-ammonia ligase,kegg:C00002 + kegg:C00025 + kegg:C00014 = kegg:C00008 + kegg:C00009 + kegg:C00064,CHB_15422 + CHB_16134 + CHB_29985 = CHB_16761 + CHB_18050 + CHB_26078,ATP(aq) + L-glutamate(aq) + ammonia(aq) = ADP(aq) + phosphate(aq) + L-glutamine(aq),Rosing J.; Slater E.C.; Biochim. Biophys. Acta; 267 275 (1972).,72ROS/SLA_1441, , ,310.15,6.6,162, ,enzymatic assay and chemical analysis,Tris (0.10 mol dm-3),1.3 = -log[Mg+2] _ mol/L;IS=0.2;(Mg)1(Cl)2=0.0504;(K)1=0.045;ATP=0.0016;ADP=0.0088;orthophosphate=0.0102 _ MgCl2 (0.0504 mol/L) _ ,6.3.1.2, ,0.0504 MgCl2,0.2, , 
1993,2096.0,3122.0,glutamate-ammonia ligase,kegg:C00002 + kegg:C00025 + kegg:C00014 = kegg:C00008 + kegg:C00009 + kegg:C00064,CHB_15422 + CHB_16134 + CHB_29985 = CHB_16761 + CHB_18050 + CHB_26078,ATP(aq) + L-glutamate(aq) + ammonia(aq) = ADP(aq) + phosphate(aq) + L-glutamine(aq),Rosing J.; Slater E.C.; Biochim. Biophys. Acta; 267 275 (1972).,72ROS/SLA_1441, , ,310.15,7.0,270, ,enzymatic assay and chemical analysis,Tris (0.10 mol dm-3),1.3 = -log[Mg+2] _ mol/L;IS=0.3;(Mg)1(Cl)2=0.0504;(K)1=0.098;ATP=0.0013;ADP=0.0088;orthophosphate=0.0097 _ MgCl2 (0.0504 mol/L) _ ,6.3.1.2, ,0.0504 MgCl2,0.3, , 
1994,2097.0,3126.0,glutamate-ammonia ligase,kegg:C00002 + kegg:C00025 + kegg:C00014 = kegg:C00008 + kegg:C00009 + kegg:C00064,CHB_15422 + CHB_16134 + CHB_29985 = CHB_16761 + CHB_18050 + CHB_26078,ATP(aq) + L-glutamate(aq) + ammonia(aq) = ADP(aq) + phosphate(aq) + L-glutamine(aq),Rosing J.; Slater E.C.; Biochim. Biophys. Acta; 267 275 (1972).,72ROS/SLA_1441, , ,310.15,7.1,280, ,enzymatic assay and chemical analysis,Tris (0.10 mol dm-3),1.97 = -log[Mg+2] _ mol/L;IS=0.22;(Mg)1(Cl)2=0.0107;(K)1=0.093;ATP=0.0013;ADP=0.0076;orthophosphate=0.0101 _ MgCl2 (0.0107 mol/L) _ ,6.3.1.2, ,0.0107 MgCl2,0.22, , 
1995,2098.0,3124.0,glutamate-ammonia ligase,kegg:C00002 + kegg:C00025 + kegg:C00014 = kegg:C00008 + kegg:C00009 + kegg:C00064,CHB_15422 + CHB_16134 + CHB_29985 = CHB_16761 + CHB_18050 + CHB_26078,ATP(aq) + L-glutamate(aq) + ammonia(aq) = ADP(aq) + phosphate(aq) + L-glutamine(aq),Rosing J.; Slater E.C.; Biochim. Biophys. Acta; 267 275 (1972).,72ROS/SLA_1441, , ,310.15,7.5,668, ,enzymatic assay and chemical analysis,Tris (0.10 mol dm-3),1.31 = -log[Mg+2] _ mol/L;IS=0.21;(Mg)1(Cl)2=0.0495;(K)1=0.084;ATP=0.0009;ADP=0.0093;orthophosphate=0.0094 _ MgCl2 (0.0495 mol/L) _ ,6.3.1.2, ,0.0495 MgCl2,0.21, , 
1996,2099.0,3123.0,glutamate-ammonia ligase,kegg:C00002 + kegg:C00025 + kegg:C00014 = kegg:C00008 + kegg:C00009 + kegg:C00064,CHB_15422 + CHB_16134 + CHB_29985 = CHB_16761 + CHB_18050 + CHB_26078,ATP(aq) + L-glutamate(aq) + ammonia(aq) = ADP(aq) + phosphate(aq) + L-glutamine(aq),Rosing J.; Slater E.C.; Biochim. Biophys. Acta; 267 275 (1972).,72ROS/SLA_1441, , ,310.15,7.58,831, ,enzymatic assay and chemical analysis,Tris (0.10 mol dm-3),2.01 = -log[Mg+2] _ mol/L;IS=0.17;(Mg)1(Cl)2=0.0098;(K)1=0.073;ATP=0.0008;ADP=0.0092;orthophosphate=0.0101 _ MgCl2 (0.0098 mol/L) _ ,6.3.1.2, ,0.0098 MgCl2,0.17, , 
1997,,1827.0,acetylcholinesterase,kegg:C01996 + kegg:C00001 = kegg:C00033 + kegg:C00114, ,acetylcholine(aq) + H2O(l) = acetate(aq) + choline(aq),Sturtevant J.M.; J. Biol. Chem.; 247 968 (1972).,72STU_745,5061975.0, ,298.15,7.1, , ,calorimetry,phosphate, ,3.1.1.7, , , , ,-3.57
1998,, ,cyclomaltodextrin glucanotransferase and a-amylase, , ,cyclomaltoheptaose(aq) + 7 H2O(l) = 7 D-glucose(aq),Takahashi K.; Ono S.; J. Biochem. (Tokyo); 72 679 (1972).,72TAK/ONO_439, , ,298.15,5.0, , ,calorimetry,acetate (0.02 mol dm-3), ,2.4.1.19, , , , ,-48.7
1999,, ,cyclomaltodextrin glucanotransferase and a-amylase, , ,cyclomaltohexaose(aq) + 6 H2O(l) = 6 D-glucose(aq),Takahashi K.; Ono S.; J. Biochem. (Tokyo); 72 679 (1972).,72TAK/ONO_440, , ,298.15,5.0, , ,calorimetry,acetate (0.02 mol dm-3), ,2.4.1.19, , , , ,-53.5
2000,, ,cyclomaltodextrin glucanotransferase and a-amylase, , ,cyclomaltooctaose(aq) + 8 H2O(l) = 8 D-glucose(aq),Takahashi K.; Ono S.; J. Biochem. (Tokyo); 72 679 (1972).,72TAK/ONO_441, , ,298.15,5.0, , ,calorimetry,acetate (0.02 mol dm-3), ,2.4.1.19, , , , ,-53
2001,, ,cyclomaltodextrin glucanotransferase and a-amylase, , ,cyclomaltoheptaose(aq) + 7 H2O(l) = 7 D-glucose(aq),Takahashi K.; Ono S.; J. Biochem. (Tokyo); 72 679 (1972).,72TAK/ONO_870, , ,298.15,5.0, , ,calorimetry,acetate (0.02 mol dm-3), ,2.4.1.19, , , , ,-48.7
2002,, ,cyclomaltodextrin glucanotransferase and a-amylase, , ,cyclomaltohexaose(aq) + 6 H2O(l) = 6 D-glucose(aq),Takahashi K.; Ono S.; J. Biochem. (Tokyo); 72 679 (1972).,72TAK/ONO_871, , ,298.15,5.0, , ,calorimetry,acetate (0.02 mol dm-3), ,2.4.1.19, , , , ,-53.5
2003,, ,cyclomaltodextrin glucanotransferase and a-amylase, , ,cyclomaltooctaose(aq) + 8 H2O(l) = 8 D-glucose(aq),Takahashi K.; Ono S.; J. Biochem. (Tokyo); 72 679 (1972).,72TAK/ONO_872, , ,298.15,5.0, , ,calorimetry,acetate (0.02 mol dm-3), ,2.4.1.19, , , , ,-53
2004,,2391.0,alkaline phosphatase,kegg:C02305 + kegg:C00001 = kegg:C00300 + kegg:C00009, ,phosphocreatine(aq) + H2O(l) = creatine(aq) + orthophosphate(aq),Woledge R.C.; Cold Spring Harbor Symp. Quant. Biol.; 37 629 (1972).,72WOL_800, , ,298.15,6.1, , ,calorimetry,histidine + ammonia, ,3.1.3.1, , , , ,-20
2005,,2395.0,alkaline phosphatase,kegg:C02305 + kegg:C00001 = kegg:C00300 + kegg:C00009, ,phosphocreatine(aq) + H2O(l) = creatine(aq) + orthophosphate(aq),Woledge R.C.; Cold Spring Harbor Symp. Quant. Biol.; 37 629 (1972).,72WOL_800, , ,298.15,7.1, , ,calorimetry,histidine + ammonia, ,3.1.3.1, , , , ,-28
2006,,2392.0,alkaline phosphatase,kegg:C02305 + kegg:C00001 = kegg:C00300 + kegg:C00009, ,phosphocreatine(aq) + H2O(l) = creatine(aq) + orthophosphate(aq),Woledge R.C.; Cold Spring Harbor Symp. Quant. Biol.; 37 629 (1972).,72WOL_800, , ,298.15,7.78, , ,calorimetry,histidine + ammonia, ,3.1.3.1, , , , ,-34
2007,,2393.0,alkaline phosphatase,kegg:C02305 + kegg:C00001 = kegg:C00300 + kegg:C00009, ,phosphocreatine(aq) + H2O(l) = creatine(aq) + orthophosphate(aq),Woledge R.C.; Cold Spring Harbor Symp. Quant. Biol.; 37 629 (1972).,72WOL_800, , ,298.15,8.33, , ,calorimetry,histidine + ammonia, ,3.1.3.1, , , , ,-37.5
2008,,2394.0,alkaline phosphatase,kegg:C02305 + kegg:C00001 = kegg:C00300 + kegg:C00009, ,phosphocreatine(aq) + H2O(l) = creatine(aq) + orthophosphate(aq),Woledge R.C.; Cold Spring Harbor Symp. Quant. Biol.; 37 629 (1972).,72WOL_800, , ,298.15,8.73, , ,calorimetry,histidine + ammonia, ,3.1.3.1, , , , ,-40
2009,2100.0,283.0,glucose-6-phosphate 1-epimerase,kegg:C00668 = kegg:C01172,CHB_17665 = CHB_17719,Î±-D-glucose 6-phosphate(aq) = Î²-D-glucose 6-phosphate(aq),Wurster B.; Hess B.; FEBS Lett.; 23 341 (1972).,72WUR/HES_1276, , ,298.15,7.6,1.7, ,enzymatic assay and spectrophotometry,imidazole (0.050 mol dm-3) + HCl,mol/L;imidazole-HCl=0.05; (K)1(Cl)1=0.05;(Mg)1(SO4)1=0.008  ,5.1.3.15, , , , , 
2010,,2160.0,urease,kegg:C00086 + 2 kegg:C00001 = 2 kegg:C00014 + kegg:C00288, ,urea(aq) + 2 H2O(l) = 2 ammonia(aq) + carbon dioxide(aq),"Beezer A.E.; Steenson T.I.; Tyrrell H.J.V.; in ""Protides of the Biological Fluids""; H. Peeters ed.; Pergamon Press (1973) pp. 563-566.",73BEE/STE_998, , ,298.15,6.95, , ,calorimetry,Na2HPO4(0.5 mol dm-3) + NaH2PO4(0.25 mol dm-3), ,3.5.1.5, , , , ,-33.1
2011,2101.0,332.0,adenylate kinase,2 kegg:C00008 = kegg:C00020 + kegg:C00002,2 CHB_16761 = CHB_15422 + CHB_16027,2 ADP(aq) = AMP(aq) + ATP(aq),De Weer P.; Lowe A.G.; J. Biol. Chem.; 248 2829 (1973).,73DEW/LOW_646,4697392.0, ,288.15,7.25,0.317, ,spectrophotometry,triethanolamine,1.65 = -log[Mg+2] _ mol/L;(Tetrabutylammonium)1(Cl)1=0.455;Tetrabutylammonium HEPES=0.025;DTT=0.01;(Mg)1(Cl)2=0.0196187186473862  ,2.7.4.3, , , , , 
2012,2102.0,294.0,adenylate kinase,2 kegg:C00008 = kegg:C00020 + kegg:C00002,2 CHB_16761 = CHB_15422 + CHB_16027,2 ADP(aq) = AMP(aq) + ATP(aq),De Weer P.; Lowe A.G.; J. Biol. Chem.; 248 2829 (1973).,73DEW/LOW_646,4697392.0, ,288.15,7.25,0.321, ,spectrophotometry,triethanolamine,1.7 = -log[Mg+2] _ mol/L;(Tetrabutylammonium)1(Cl)1=0.455;Tetrabutylammonium HEPES=0.025;DTT=0.01;(Mg)1(Cl)2=0.0186857510306013  ,2.7.4.3, , , , , 
2013,2103,321.0,adenylate kinase,2 kegg:C00008 = kegg:C00020 + kegg:C00002,2 CHB_16761 = CHB_15422 + CHB_16027,2 ADP(aq) = AMP(aq) + ATP(aq),De Weer P.; Lowe A.G.; J. Biol. Chem.; 248 2829 (1973).,73DEW/LOW_646,4697392.0, ,288.15,7.25,0.352, ,spectrophotometry,triethanolamine,1.85 = -log[Mg+2] _ mol/L;(Tetrabutylammonium)1(Cl)1=0.455;Tetrabutylammonium HEPES=0.025;DTT=0.01;(Mg)1(Cl)2=0.0149230899934523 _ nan _ ,2.7.4.3, , ,, , 
2014,2104,317.0,adenylate kinase,2 kegg:C00008 = kegg:C00020 + kegg:C00002,2 CHB_16761 = CHB_15422 + CHB_16027,2 ADP(aq) = AMP(aq) + ATP(aq),De Weer P.; Lowe A.G.; J. Biol. Chem.; 248 2829 (1973).,73DEW/LOW_646,4697392.0, ,288.15,7.25,0.38, ,spectrophotometry,triethanolamine,1.9 = -log[Mg+2] _ mol/L;(Tetrabutylammonium)1(Cl)1=0.455;Tetrabutylammonium HEPES=0.025;DTT=0.01;(Mg)1(Cl)2=0.0135833290372701 _ nan _ ,2.7.4.3, , ,, , 
2015,2106,295.0,adenylate kinase,2 kegg:C00008 = kegg:C00020 + kegg:C00002,2 CHB_16761 = CHB_15422 + CHB_16027,2 ADP(aq) = AMP(aq) + ATP(aq),De Weer P.; Lowe A.G.; J. Biol. Chem.; 248 2829 (1973).,73DEW/LOW_646,4697392.0, ,288.15,7.25,0.588, ,spectrophotometry,triethanolamine,2.15 = -log[Mg+2] _ mol/L;(Tetrabutylammonium)1(Cl)1=0.455;Tetrabutylammonium HEPES=0.025;DTT=0.01;(Mg)1(Cl)2=0.006273208250964 _ nan _ ,2.7.4.3, , ,, , 
2016,2105.0,296.0,adenylate kinase,2 kegg:C00008 = kegg:C00020 + kegg:C00002,2 CHB_16761 = CHB_15422 + CHB_16027,2 ADP(aq) = AMP(aq) + ATP(aq),De Weer P.; Lowe A.G.; J. Biol. Chem.; 248 2829 (1973).,73DEW/LOW_646,4697392.0, ,288.15,7.25,0.549, ,spectrophotometry,triethanolamine,2.2 = -log[Mg+2] _ mol/L;(Tetrabutylammonium)1(Cl)1=0.455;Tetrabutylammonium HEPES=0.025;DTT=0.01;(Mg)1(Cl)2=0.00626245964051851  ,2.7.4.3, , , , , 
2017,,328.0,adenylate kinase,2 kegg:C00008 = kegg:C00020 + kegg:C00002, ,2 ADP(aq) = AMP(aq) + ATP(aq),De Weer P.; Lowe A.G.; J. Biol. Chem.; 248 2829 (1973).,73DEW/LOW_646,4697392.0, ,288.15,7.25,0.383, ,spectrophotometry,triethanolamine,2.25 = -log[Mg+2],2.7.4.3, , , , , 
2018,2107.0,330.0,adenylate kinase,2 kegg:C00008 = kegg:C00020 + kegg:C00002,2 CHB_16761 = CHB_15422 + CHB_16027,2 ADP(aq) = AMP(aq) + ATP(aq),De Weer P.; Lowe A.G.; J. Biol. Chem.; 248 2829 (1973).,73DEW/LOW_646,4697392.0, ,288.15,7.25,0.617, ,spectrophotometry,triethanolamine,2.3 = -log[Mg+2] _ mol/L;(Tetrabutylammonium)1(Cl)1=0.455;Tetrabutylammonium HEPES=0.025;DTT=0.01;(Mg)1(Cl)2=0.00556444542123862  ,2.7.4.3, , , , , 
2019,2109,297.0,adenylate kinase,2 kegg:C00008 = kegg:C00020 + kegg:C00002,2 CHB_16761 = CHB_15422 + CHB_16027,2 ADP(aq) = AMP(aq) + ATP(aq),De Weer P.; Lowe A.G.; J. Biol. Chem.; 248 2829 (1973).,73DEW/LOW_646,4697392.0, ,288.15,7.25,0.971, ,spectrophotometry,triethanolamine,2.67 = -log[Mg+2] _ mol/L;(Tetrabutylammonium)1(Cl)1=0.455;Tetrabutylammonium HEPES=0.025;DTT=0.01;(Mg)1(Cl)2=0.00235332233149625 _ nan _ ,2.7.4.3, , ,, , 
2020,2110,316.0,adenylate kinase,2 kegg:C00008 = kegg:C00020 + kegg:C00002,2 CHB_16761 = CHB_15422 + CHB_16027,2 ADP(aq) = AMP(aq) + ATP(aq),De Weer P.; Lowe A.G.; J. Biol. Chem.; 248 2829 (1973).,73DEW/LOW_646,4697392.0, ,288.15,7.25,0.935, ,spectrophotometry,triethanolamine,2.68 = -log[Mg+2] _ mol/L;(Tetrabutylammonium)1(Cl)1=0.455;Tetrabutylammonium HEPES=0.025;DTT=0.01;(Mg)1(Cl)2=0.00226824978821747 _ nan _ ,2.7.4.3, , ,, , 
2021,,298.0,adenylate kinase,2 kegg:C00008 = kegg:C00020 + kegg:C00002, ,2 ADP(aq) = AMP(aq) + ATP(aq),De Weer P.; Lowe A.G.; J. Biol. Chem.; 248 2829 (1973).,73DEW/LOW_646,4697392.0, ,288.15,7.25,0.877, ,spectrophotometry,triethanolamine,2.8 = -log[Mg+2],2.7.4.3, , , , , 
2022,2112.0,299.0,adenylate kinase,2 kegg:C00008 = kegg:C00020 + kegg:C00002,2 CHB_16761 = CHB_15422 + CHB_16027,2 ADP(aq) = AMP(aq) + ATP(aq),De Weer P.; Lowe A.G.; J. Biol. Chem.; 248 2829 (1973).,73DEW/LOW_646,4697392.0, ,288.15,7.25,1.24, ,spectrophotometry,triethanolamine,2.8 = -log[Mg+2] _ mol/L;(Tetrabutylammonium)1(Cl)1=0.455;Tetrabutylammonium HEPES=0.025;DTT=0.01;(Mg)1(Cl)2=0.00150995007147202  ,2.7.4.3, , , , , 
2023,2113.0,300.0,adenylate kinase,2 kegg:C00008 = kegg:C00020 + kegg:C00002,2 CHB_16761 = CHB_15422 + CHB_16027,2 ADP(aq) = AMP(aq) + ATP(aq),De Weer P.; Lowe A.G.; J. Biol. Chem.; 248 2829 (1973).,73DEW/LOW_646,4697392.0, ,288.15,7.25,1.27, ,spectrophotometry,triethanolamine,2.93 = -log[Mg+2] _ mol/L;(Tetrabutylammonium)1(Cl)1=0.455;Tetrabutylammonium HEPES=0.025;DTT=0.01;(Mg)1(Cl)2=0.00106486226394957  ,2.7.4.3, , , , , 
2024,2114.0,327.0,adenylate kinase,2 kegg:C00008 = kegg:C00020 + kegg:C00002,2 CHB_16761 = CHB_15422 + CHB_16027,2 ADP(aq) = AMP(aq) + ATP(aq),De Weer P.; Lowe A.G.; J. Biol. Chem.; 248 2829 (1973).,73DEW/LOW_646,4697392.0, ,288.15,7.25,1.41, ,spectrophotometry,triethanolamine,3.12 = -log[Mg+2] _ mol/L;(Tetrabutylammonium)1(Cl)1=0.455;Tetrabutylammonium HEPES=0.025;DTT=0.01;(Mg)1(Cl)2=0.000733194987096986  ,2.7.4.3, , , , , 
2025,2115,322.0,adenylate kinase,2 kegg:C00008 = kegg:C00020 + kegg:C00002,2 CHB_16761 = CHB_15422 + CHB_16027,2 ADP(aq) = AMP(aq) + ATP(aq),De Weer P.; Lowe A.G.; J. Biol. Chem.; 248 2829 (1973).,73DEW/LOW_646,4697392.0, ,288.15,7.25,1.37, ,spectrophotometry,triethanolamine,3.3 = -log[Mg+2] _ mol/L;(Tetrabutylammonium)1(Cl)1=0.455;Tetrabutylammonium HEPES=0.025;DTT=0.01;(Mg)1(Cl)2=0.00033099686848812   _ mol/L;(Tetrabutylammonium)1(Cl)1=0.455;Tetrabutylammonium HEPES=0.025;DTT=0.01;(Mg)1(Cl)2=0.000480750496020877 _ nan _ ,2.7.4.3, , ,, , 
2026,2117.0,313.0,adenylate kinase,2 kegg:C00008 = kegg:C00020 + kegg:C00002,2 CHB_16761 = CHB_15422 + CHB_16027,2 ADP(aq) = AMP(aq) + ATP(aq),De Weer P.; Lowe A.G.; J. Biol. Chem.; 248 2829 (1973).,73DEW/LOW_646,4697392.0, ,288.15,7.25,1.23, ,spectrophotometry,triethanolamine,3.5 = -log[Mg+2] _ mol/L;(Tetrabutylammonium)1(Cl)1=0.455;Tetrabutylammonium HEPES=0.025;DTT=0.01;(Mg)1(Cl)2=0.000326602196369042  ,2.7.4.3, , , , , 
2027,,301.0,adenylate kinase,2 kegg:C00008 = kegg:C00020 + kegg:C00002, ,2 ADP(aq) = AMP(aq) + ATP(aq),De Weer P.; Lowe A.G.; J. Biol. Chem.; 248 2829 (1973).,73DEW/LOW_646,4697392.0, ,288.15,7.25,1.45, ,spectrophotometry,triethanolamine,3.5 = -log[Mg+2],2.7.4.3, , , , , 
2028,2118.0,302.0,adenylate kinase,2 kegg:C00008 = kegg:C00020 + kegg:C00002,2 CHB_16761 = CHB_15422 + CHB_16027,2 ADP(aq) = AMP(aq) + ATP(aq),De Weer P.; Lowe A.G.; J. Biol. Chem.; 248 2829 (1973).,73DEW/LOW_646,4697392.0, ,288.15,7.25,1.14, ,spectrophotometry,triethanolamine,3.78 = -log[Mg+2] _ mol/L;(Tetrabutylammonium)1(Cl)1=0.455;Tetrabutylammonium HEPES=0.025;DTT=0.01;(Mg)1(Cl)2=0.000172248773424548  ,2.7.4.3, , , , , 
2029,2119.0,325.0,adenylate kinase,2 kegg:C00008 = kegg:C00020 + kegg:C00002,2 CHB_16761 = CHB_15422 + CHB_16027,2 ADP(aq) = AMP(aq) + ATP(aq),De Weer P.; Lowe A.G.; J. Biol. Chem.; 248 2829 (1973).,73DEW/LOW_646,4697392.0, ,288.15,7.25,0.794, ,spectrophotometry,triethanolamine,4.0 = -log[Mg+2] _ mol/L;(Tetrabutylammonium)1(Cl)1=0.455;Tetrabutylammonium HEPES=0.025;DTT=0.01;(Mg)1(Cl)2=0.000103338000482807  ,2.7.4.3, , , , , 
2030,2120,303.0,adenylate kinase,2 kegg:C00008 = kegg:C00020 + kegg:C00002,2 CHB_16761 = CHB_15422 + CHB_16027,2 ADP(aq) = AMP(aq) + ATP(aq),De Weer P.; Lowe A.G.; J. Biol. Chem.; 248 2829 (1973).,73DEW/LOW_646,4697392.0, ,288.15,7.25,0.82, ,spectrophotometry,triethanolamine,4.1 = -log[Mg+2] _ mol/L;(Tetrabutylammonium)1(Cl)1=0.455;Tetrabutylammonium HEPES=0.025;DTT=0.01;(Mg)1(Cl)2=8.52454414238488E-05 _ nan _ ,2.7.4.3, , ,, , 
2031,2121,326.0,adenylate kinase,2 kegg:C00008 = kegg:C00020 + kegg:C00002,2 CHB_16761 = CHB_15422 + CHB_16027,2 ADP(aq) = AMP(aq) + ATP(aq),De Weer P.; Lowe A.G.; J. Biol. Chem.; 248 2829 (1973).,73DEW/LOW_646,4697392.0, ,288.15,7.25,0.794, ,spectrophotometry,triethanolamine,4.15 = -log[Mg+2] _ mol/L;(Tetrabutylammonium)1(Cl)1=0.455;Tetrabutylammonium HEPES=0.025;DTT=0.01;(Mg)1(Cl)2=7.55227213962918E-05 _ nan _ ,2.7.4.3, , ,, , 
2032,2122.0,304.0,adenylate kinase,2 kegg:C00008 = kegg:C00020 + kegg:C00002,2 CHB_16761 = CHB_15422 + CHB_16027,2 ADP(aq) = AMP(aq) + ATP(aq),De Weer P.; Lowe A.G.; J. Biol. Chem.; 248 2829 (1973).,73DEW/LOW_646,4697392.0, ,288.15,7.25,0.694, ,spectrophotometry,triethanolamine,4.35 = -log[Mg+2] _ mol/L;(Tetrabutylammonium)1(Cl)1=0.455;Tetrabutylammonium HEPES=0.025;DTT=0.01;(Mg)1(Cl)2=5.00217468489385E-05  ,2.7.4.3, , , , , 
2033,2123,323.0,adenylate kinase,2 kegg:C00008 = kegg:C00020 + kegg:C00002,2 CHB_16761 = CHB_15422 + CHB_16027,2 ADP(aq) = AMP(aq) + ATP(aq),De Weer P.; Lowe A.G.; J. Biol. Chem.; 248 2829 (1973).,73DEW/LOW_646,4697392.0, ,288.15,7.25,0.562, ,spectrophotometry,triethanolamine,4.8 = -log[Mg+2] _ mol/L;(Tetrabutylammonium)1(Cl)1=0.455;Tetrabutylammonium HEPES=0.025;DTT=0.01;(Mg)1(Cl)2=1.62427252438271E-05 _ nan _ ,2.7.4.3, , ,, , 
2034,2128.0,318.0,adenylate kinase,2 kegg:C00008 = kegg:C00020 + kegg:C00002,2 CHB_16761 = CHB_15422 + CHB_16027,2 ADP(aq) = AMP(aq) + ATP(aq),De Weer P.; Lowe A.G.; J. Biol. Chem.; 248 2829 (1973).,73DEW/LOW_646,4697392.0, ,288.15,7.25,0.521, ,spectrophotometry,triethanolamine,4.9 = -log[Mg+2] _ mol/L;(Tetrabutylammonium)1(Cl)1=0.455;Tetrabutylammonium HEPES=0.025;DTT=0.01;(Mg)1(Cl)2=4.97424779384421E-06  ,2.7.4.3, , , , , 
2035,2137.0,333.0,adenylate kinase,2 kegg:C00008 = kegg:C00020 + kegg:C00002,2 CHB_16761 = CHB_15422 + CHB_16027,2 ADP(aq) = AMP(aq) + ATP(aq),De Weer P.; Lowe A.G.; J. Biol. Chem.; 248 2829 (1973).,73DEW/LOW_646,4697392.0, ,288.15,7.25,0.472, ,spectrophotometry,triethanolamine,5.0 = -log[Mg+2] _ mol/L;(Tetrabutylammonium)1(Cl)1=0.455;Tetrabutylammonium HEPES=0.025;DTT=0.01;(Mg)1(Cl)2=1.93787542817927E-07  ,2.7.4.3, , , , , 
2036,,305.0,adenylate kinase,2 kegg:C00008 = kegg:C00020 + kegg:C00002, ,2 ADP(aq) = AMP(aq) + ATP(aq),De Weer P.; Lowe A.G.; J. Biol. Chem.; 248 2829 (1973).,73DEW/LOW_646,4697392.0, ,288.15,7.25,0.341, ,spectrophotometry,triethanolamine,5.15 = -log[Mg+2],2.7.4.3, , , , , 
2037,2127.0,306.0,adenylate kinase,2 kegg:C00008 = kegg:C00020 + kegg:C00002,2 CHB_16761 = CHB_15422 + CHB_16027,2 ADP(aq) = AMP(aq) + ATP(aq),De Weer P.; Lowe A.G.; J. Biol. Chem.; 248 2829 (1973).,73DEW/LOW_646,4697392.0, ,288.15,7.25,0.461, ,spectrophotometry,triethanolamine,5.28 = -log[Mg+2] _ mol/L;(Tetrabutylammonium)1(Cl)1=0.455;Tetrabutylammonium HEPES=0.025;DTT=0.01;(Mg)1(Cl)2=5.1428815164001E-06  ,2.7.4.3, , , , , 
2038,,320.0,adenylate kinase,2 kegg:C00008 = kegg:C00020 + kegg:C00002, ,2 ADP(aq) = AMP(aq) + ATP(aq),De Weer P.; Lowe A.G.; J. Biol. Chem.; 248 2829 (1973).,73DEW/LOW_646,4697392.0, ,288.15,7.25,0.518, ,spectrophotometry,triethanolamine,5.3 = -log[Mg+2] or 6.7 (-log[Mg+2]),2.7.4.3, , , , , 
2039,2129.0,314.0,adenylate kinase,2 kegg:C00008 = kegg:C00020 + kegg:C00002,2 CHB_16761 = CHB_15422 + CHB_16027,2 ADP(aq) = AMP(aq) + ATP(aq),De Weer P.; Lowe A.G.; J. Biol. Chem.; 248 2829 (1973).,73DEW/LOW_646,4697392.0, ,288.15,7.25,0.488, ,spectrophotometry,triethanolamine,5.4 = -log[Mg+2] _ mol/L;(Tetrabutylammonium)1(Cl)1=0.455;Tetrabutylammonium HEPES=0.025;DTT=0.01;(Mg)1(Cl)2=3.90309318468015E-06  ,2.7.4.3, , , , , 
2040,2125.0,307.0,adenylate kinase,2 kegg:C00008 = kegg:C00020 + kegg:C00002,2 CHB_16761 = CHB_15422 + CHB_16027,2 ADP(aq) = AMP(aq) + ATP(aq),De Weer P.; Lowe A.G.; J. Biol. Chem.; 248 2829 (1973).,73DEW/LOW_646,4697392.0, ,288.15,7.25,0.478, ,spectrophotometry,triethanolamine,5.45 = -log[Mg+2] _ mol/L;(Tetrabutylammonium)1(Cl)1=0.455;Tetrabutylammonium HEPES=0.025;DTT=0.01;(Mg)1(Cl)2=1.08656415785362E-05  ,2.7.4.3, , , , , 
2041,2131,308.0,adenylate kinase,2 kegg:C00008 = kegg:C00020 + kegg:C00002,2 CHB_16761 = CHB_15422 + CHB_16027,2 ADP(aq) = AMP(aq) + ATP(aq),De Weer P.; Lowe A.G.; J. Biol. Chem.; 248 2829 (1973).,73DEW/LOW_646,4697392.0, ,288.15,7.25,0.461, ,spectrophotometry,triethanolamine,6.25 = -log[Mg+2] _ mol/L;(Tetrabutylammonium)1(Cl)1=0.455;Tetrabutylammonium HEPES=0.025;DTT=0.01;(Mg)1(Cl)2=5.46597413148615E-07 _ nan _  _ mol/L;(Tetrabutylammonium)1(Cl)1=0.455;Tetrabutylammonium HEPES=0.025;DTT=0.01;(Mg)1(Cl)2=5.46597413148615E-07 _ nan _ ,2.7.4.3, , ,, , 
2042,2132,331.0,adenylate kinase,2 kegg:C00008 = kegg:C00020 + kegg:C00002,2 CHB_16761 = CHB_15422 + CHB_16027,2 ADP(aq) = AMP(aq) + ATP(aq),De Weer P.; Lowe A.G.; J. Biol. Chem.; 248 2829 (1973).,73DEW/LOW_646,4697392.0, ,288.15,7.25,0.461, ,spectrophotometry,triethanolamine,6.35 = -log[Mg+2] _ mol/L;(Tetrabutylammonium)1(Cl)1=0.455;Tetrabutylammonium HEPES=0.025;DTT=0.01;(Mg)1(Cl)2=4.78717974155932E-07 _ nan _  _ mol/L;(Tetrabutylammonium)1(Cl)1=0.455;Tetrabutylammonium HEPES=0.025;DTT=0.01;(Mg)1(Cl)2=4.78717974155932E-07 _ nan _ ,2.7.4.3, , ,, , 
2043,,309.0,adenylate kinase,2 kegg:C00008 = kegg:C00020 + kegg:C00002, ,2 ADP(aq) = AMP(aq) + ATP(aq),De Weer P.; Lowe A.G.; J. Biol. Chem.; 248 2829 (1973).,73DEW/LOW_646,4697392.0, ,288.15,7.25,0.444, ,spectrophotometry,triethanolamine,6.4 = -log[Mg+2],2.7.4.3, , , , , 
2044,2134,311.0,adenylate kinase,2 kegg:C00008 = kegg:C00020 + kegg:C00002,2 CHB_16761 = CHB_15422 + CHB_16027,2 ADP(aq) = AMP(aq) + ATP(aq),De Weer P.; Lowe A.G.; J. Biol. Chem.; 248 2829 (1973).,73DEW/LOW_646,4697392.0, ,288.15,7.25,0.444, ,spectrophotometry,triethanolamine,6.45 = -log[Mg+2] or 6.8 (-log[Mg+2]) _ mol/L;(Tetrabutylammonium)1(Cl)1=0.455;Tetrabutylammonium HEPES=0.025;DTT=0.01;(Mg)1(Cl)2=3.66682953686757E-07 _ nan _ ,2.7.4.3, , ,, , 
2045,2135,334.0,adenylate kinase,2 kegg:C00008 = kegg:C00020 + kegg:C00002,2 CHB_16761 = CHB_15422 + CHB_16027,2 ADP(aq) = AMP(aq) + ATP(aq),De Weer P.; Lowe A.G.; J. Biol. Chem.; 248 2829 (1973).,73DEW/LOW_646,4697392.0, ,288.15,7.25,0.483, ,spectrophotometry,triethanolamine,6.6 = -log[Mg+2] _ mol/L;(Tetrabutylammonium)1(Cl)1=0.455;Tetrabutylammonium HEPES=0.025;DTT=0.01;(Mg)1(Cl)2=3.45844680417522E-06   _ mol/L;(Tetrabutylammonium)1(Cl)1=0.455;Tetrabutylammonium HEPES=0.025;DTT=0.01;(Mg)1(Cl)2=2.52818122029431E-07 _ nan _ ,2.7.4.3, , ,, , 
2046,2136,329.0,adenylate kinase,2 kegg:C00008 = kegg:C00020 + kegg:C00002,2 CHB_16761 = CHB_15422 + CHB_16027,2 ADP(aq) = AMP(aq) + ATP(aq),De Weer P.; Lowe A.G.; J. Biol. Chem.; 248 2829 (1973).,73DEW/LOW_646,4697392.0, ,288.15,7.25,0.518, ,spectrophotometry,triethanolamine,6.7 = -log[Mg+2] or 5.3 (-log[Mg+2]) _ mol/L;(Tetrabutylammonium)1(Cl)1=0.455;Tetrabutylammonium HEPES=0.025;DTT=0.01;(Mg)1(Cl)2=2.19044688165958E-07 _ nan _ ,2.7.4.3, , ,, , 
2047,2140.0,310.0,adenylate kinase,2 kegg:C00008 = kegg:C00020 + kegg:C00002,2 CHB_16761 = CHB_15422 + CHB_16027,2 ADP(aq) = AMP(aq) + ATP(aq),De Weer P.; Lowe A.G.; J. Biol. Chem.; 248 2829 (1973).,73DEW/LOW_646,4697392.0, ,288.15,7.25,0.469, ,spectrophotometry,triethanolamine,6.75 = -log[Mg+2] _ mol/L;(Tetrabutylammonium)1(Cl)1=0.455;Tetrabutylammonium HEPES=0.025;DTT=0.01;(Mg)1(Cl)2=3.71541975564235E-08  ,2.7.4.3, , , , , 
2048,2138,319.0,adenylate kinase,2 kegg:C00008 = kegg:C00020 + kegg:C00002,2 CHB_16761 = CHB_15422 + CHB_16027,2 ADP(aq) = AMP(aq) + ATP(aq),De Weer P.; Lowe A.G.; J. Biol. Chem.; 248 2829 (1973).,73DEW/LOW_646,4697392.0, ,288.15,7.25,0.444, ,spectrophotometry,triethanolamine,6.8 = -log[Mg+2] or 6.45 (-log[Mg+2]) _ mol/L;(Tetrabutylammonium)1(Cl)1=0.455;Tetrabutylammonium HEPES=0.025;DTT=0.01;(Mg)1(Cl)2=1.86697359639986E-07 _ nan _ ,2.7.4.3, , ,, , 
2049,2139,312.0,adenylate kinase,2 kegg:C00008 = kegg:C00020 + kegg:C00002,2 CHB_16761 = CHB_15422 + CHB_16027,2 ADP(aq) = AMP(aq) + ATP(aq),De Weer P.; Lowe A.G.; J. Biol. Chem.; 248 2829 (1973).,73DEW/LOW_646,4697392.0, ,288.15,7.25,0.422, ,spectrophotometry,triethanolamine,7.25 = -log[Mg+2] _ mol/L;(Tetrabutylammonium)1(Cl)1=0.455;Tetrabutylammonium HEPES=0.025;DTT=0.01;(Mg)1(Cl)2=5.2577610040749E-08 _ nan _ ,2.7.4.3, , ,, , 
2050,2133.0,324.0,adenylate kinase,2 kegg:C00008 = kegg:C00020 + kegg:C00002,2 CHB_16761 = CHB_15422 + CHB_16027,2 ADP(aq) = AMP(aq) + ATP(aq),De Weer P.; Lowe A.G.; J. Biol. Chem.; 248 2829 (1973).,73DEW/LOW_646,4697392.0, ,288.15,7.25,0.452, ,spectrophotometry,triethanolamine,7.4 = -log[Mg+2] _ mol/L;(Tetrabutylammonium)1(Cl)1=0.455;Tetrabutylammonium HEPES=0.025;DTT=0.01;(Mg)1(Cl)2=4.23754007096752E-07  ,2.7.4.3, , , , , 
2051,2159.0,3766.0,citrate (pro-3S)-lyase,kegg:C00158 = kegg:C00033 + kegg:C00036,CHB_30769 = CHB_16452 + CHB_30089,citrate(aq) = acetate(aq) + oxaloacetate(aq),Guynn R.W.; Gelberg H.J.; Veech R.L.; J. Biol. Chem.; 248 6957 (1973).,73GUY/GEL_1127, , ,311.15,7.0,0.877, ,spectrophotometry,potassium phosphate (0.025 mol dm-3),3.94 = -log[Mg+2] _ mol/L;IS=0.25;potassium phosphate=0.025;(Mg)1(SO4)1=0.000116 _ MgSO4 (0.000116 mol/L) _ ,4.1.3.6, ,0.000116 MgSO4,0.25, , 
2052,2160.0,3768.0,citrate (pro-3S)-lyase,kegg:C00158 = kegg:C00033 + kegg:C00036,CHB_30769 = CHB_16452 + CHB_30089,citrate(aq) = acetate(aq) + oxaloacetate(aq),Guynn R.W.; Gelberg H.J.; Veech R.L.; J. Biol. Chem.; 248 6957 (1973).,73GUY/GEL_1127, , ,311.15,7.0,0.909, ,spectrophotometry,potassium phosphate (0.025 mol dm-3),2.99 = -log[Mg+2] _ mol/L;IS=0.25;potassium phosphate=0.025;(Mg)1(SO4)1=0.00102 _ MgSO4 (0.00102 mol/L) _ ,4.1.3.6, ,0.00102 MgSO4,0.25, , 
2053,2161.0,3767.0,citrate (pro-3S)-lyase,kegg:C00158 = kegg:C00033 + kegg:C00036,CHB_30769 = CHB_16452 + CHB_30089,citrate(aq) = acetate(aq) + oxaloacetate(aq),Guynn R.W.; Gelberg H.J.; Veech R.L.; J. Biol. Chem.; 248 6957 (1973).,73GUY/GEL_1127, , ,311.15,7.0,0.592, ,spectrophotometry,potassium phosphate (0.025 mol dm-3),2.7 = -log[Mg+2] _ mol/L;IS=0.25;potassium phosphate=0.025;(Mg)1(SO4)1=0.00201 _ MgSO4 (0.00201 mol/L) _ ,4.1.3.6, ,0.00201 MgSO4,0.25, , 
2054,2162.0,3765.0,citrate (pro-3S)-lyase,kegg:C00158 = kegg:C00033 + kegg:C00036,CHB_30769 = CHB_16452 + CHB_30089,citrate(aq) = acetate(aq) + oxaloacetate(aq),Guynn R.W.; Gelberg H.J.; Veech R.L.; J. Biol. Chem.; 248 6957 (1973).,73GUY/GEL_1127, , ,311.15,7.0,0.314, ,spectrophotometry,potassium phosphate (0.025 mol dm-3),2.29 = -log[Mg+2] _ mol/L;IS=0.25;potassium phosphate=0.025;(Mg)1(SO4)1=0.00508 _ MgSO4 (0.00508 mol/L) _ ,4.1.3.6, ,0.00508 MgSO4,0.25, , 
2055,2163.0,3764.0,citrate (pro-3S)-lyase,kegg:C00158 = kegg:C00033 + kegg:C00036,CHB_30769 = CHB_16452 + CHB_30089,citrate(aq) = acetate(aq) + oxaloacetate(aq),Guynn R.W.; Gelberg H.J.; Veech R.L.; J. Biol. Chem.; 248 6957 (1973).,73GUY/GEL_1127, , ,311.15,7.0,0.168, ,spectrophotometry,potassium phosphate (0.025 mol dm-3),2.0 = -log[Mg+2] _ mol/L;IS=0.25;potassium phosphate=0.025;(Mg)1(SO4)1=0.01 _ MgSO4 (0.01 mol/L) _ ,4.1.3.6, ,0.01 MgSO4,0.25, , 
2056,2174.0,3760.0,citrate (si)-synthase,kegg:C00036 + kegg:C00024 + kegg:C00001 = kegg:C00158 + kegg:C00010,CHB_15351 + CHB_15377 + CHB_16452 = CHB_15346 + CHB_30769,oxaloacetate(aq) + acetyl-CoA(aq) + H2O(l) = citrate(aq) + CoA(aq),Guynn R.W.; Gelberg H.J.; Veech R.L.; J. Biol. Chem.; 248 6957 (1973).,73GUY/GEL_1128, , ,311.15,6.36,992000, ,spectrophotometry,potassium phosphate (0.025 mol dm-3),2.56 = -log[Mg+2] _ mol/L;IS=0.25;potassium phosphate=0.025;(Mg)1(SO4)1=0.00277 _ MgSO4 (0.00277 mol/L) _ ,4.1.3.7, ,0.00277 MgSO4,0.25, , 
2057,2167.0,3740.0,citrate (si)-synthase,kegg:C00036 + kegg:C00024 + kegg:C00001 = kegg:C00158 + kegg:C00010,CHB_15351 + CHB_15377 + CHB_16452 = CHB_15346 + CHB_30769,oxaloacetate(aq) + acetyl-CoA(aq) + H2O(l) = citrate(aq) + CoA(aq),Guynn R.W.; Gelberg H.J.; Veech R.L.; J. Biol. Chem.; 248 6957 (1973).,73GUY/GEL_1128, , ,311.15,6.39,290000, ,spectrophotometry,potassium phosphate (0.025 mol dm-3),2.56 = -log[Mg+2] _ mol/L;IS=0.25;potassium phosphate=0.025;(Mg)1(SO4)1=0.00277 _ MgSO4 (0.00277 mol/L) _ ,4.1.3.7, ,0.00277 MgSO4,0.25, , 
2058,2169.0,3763.0,citrate (si)-synthase,kegg:C00036 + kegg:C00024 + kegg:C00001 = kegg:C00158 + kegg:C00010,CHB_15351 + CHB_15377 + CHB_16452 = CHB_15346 + CHB_30769,oxaloacetate(aq) + acetyl-CoA(aq) + H2O(l) = citrate(aq) + CoA(aq),Guynn R.W.; Gelberg H.J.; Veech R.L.; J. Biol. Chem.; 248 6957 (1973).,73GUY/GEL_1128, , ,311.15,6.42,418000, ,spectrophotometry,potassium phosphate (0.025 mol dm-3),2.56 = -log[Mg+2] _ mol/L;IS=0.25;potassium phosphate=0.025;(Mg)1(SO4)1=0.00277 _ MgSO4 (0.00277 mol/L) _ ,4.1.3.7, ,0.00277 MgSO4,0.25, , 
2059,2168.0,3741.0,citrate (si)-synthase,kegg:C00036 + kegg:C00024 + kegg:C00001 = kegg:C00158 + kegg:C00010,CHB_15351 + CHB_15377 + CHB_16452 = CHB_15346 + CHB_30769,oxaloacetate(aq) + acetyl-CoA(aq) + H2O(l) = citrate(aq) + CoA(aq),Guynn R.W.; Gelberg H.J.; Veech R.L.; J. Biol. Chem.; 248 6957 (1973).,73GUY/GEL_1128, , ,311.15,6.52,409000, ,spectrophotometry,potassium phosphate (0.025 mol dm-3),2.56 = -log[Mg+2] _ mol/L;IS=0.25;potassium phosphate=0.025;(Mg)1(SO4)1=0.00277 _ MgSO4 (0.00277 mol/L) _ ,4.1.3.7, ,0.00277 MgSO4,0.25, , 
2060,2171.0,3742.0,citrate (si)-synthase,kegg:C00036 + kegg:C00024 + kegg:C00001 = kegg:C00158 + kegg:C00010,CHB_15351 + CHB_15377 + CHB_16452 = CHB_15346 + CHB_30769,oxaloacetate(aq) + acetyl-CoA(aq) + H2O(l) = citrate(aq) + CoA(aq),Guynn R.W.; Gelberg H.J.; Veech R.L.; J. Biol. Chem.; 248 6957 (1973).,73GUY/GEL_1128, , ,311.15,6.75,697000, ,spectrophotometry,potassium phosphate (0.025 mol dm-3),2.56 = -log[Mg+2] _ mol/L;IS=0.25;potassium phosphate=0.025;(Mg)1(SO4)1=0.00277 _ MgSO4 (0.00277 mol/L) _ ,4.1.3.7, ,0.00277 MgSO4,0.25, , 
2061,2170.0,3743.0,citrate (si)-synthase,kegg:C00036 + kegg:C00024 + kegg:C00001 = kegg:C00158 + kegg:C00010,CHB_15351 + CHB_15377 + CHB_16452 = CHB_15346 + CHB_30769,oxaloacetate(aq) + acetyl-CoA(aq) + H2O(l) = citrate(aq) + CoA(aq),Guynn R.W.; Gelberg H.J.; Veech R.L.; J. Biol. Chem.; 248 6957 (1973).,73GUY/GEL_1128, , ,311.15,6.79,595000, ,spectrophotometry,potassium phosphate (0.025 mol dm-3),2.56 = -log[Mg+2] _ mol/L;IS=0.25;potassium phosphate=0.025;(Mg)1(SO4)1=0.00277 _ MgSO4 (0.00277 mol/L) _ ,4.1.3.7, ,0.00277 MgSO4,0.25, , 
2062,2178.0,3762.0,citrate (si)-synthase,kegg:C00036 + kegg:C00024 + kegg:C00001 = kegg:C00158 + kegg:C00010,CHB_15351 + CHB_15377 + CHB_16452 = CHB_15346 + CHB_30769,oxaloacetate(aq) + acetyl-CoA(aq) + H2O(l) = citrate(aq) + CoA(aq),Guynn R.W.; Gelberg H.J.; Veech R.L.; J. Biol. Chem.; 248 6957 (1973).,73GUY/GEL_1128, , ,311.15,6.81,1310000, ,spectrophotometry,potassium phosphate (0.025 mol dm-3),2.56 = -log[Mg+2] _ mol/L;IS=0.25;potassium phosphate=0.025;(Mg)1(SO4)1=0.00277 _ MgSO4 (0.00277 mol/L) _ ,4.1.3.7, ,0.00277 MgSO4,0.25, , 
2063,2173.0,3750.0,citrate (si)-synthase,kegg:C00036 + kegg:C00024 + kegg:C00001 = kegg:C00158 + kegg:C00010,CHB_15351 + CHB_15377 + CHB_16452 = CHB_15346 + CHB_30769,oxaloacetate(aq) + acetyl-CoA(aq) + H2O(l) = citrate(aq) + CoA(aq),Guynn R.W.; Gelberg H.J.; Veech R.L.; J. Biol. Chem.; 248 6957 (1973).,73GUY/GEL_1128, , ,311.15,6.82,773000, ,spectrophotometry,potassium phosphate (0.025 mol dm-3),2.56 = -log[Mg+2] _ mol/L;IS=0.25;potassium phosphate=0.025;(Mg)1(SO4)1=0.00277 _ MgSO4 (0.00277 mol/L) _ ,4.1.3.7, ,0.00277 MgSO4,0.25, , 
2064,2179.0,3754.0,citrate (si)-synthase,kegg:C00036 + kegg:C00024 + kegg:C00001 = kegg:C00158 + kegg:C00010,CHB_15351 + CHB_15377 + CHB_16452 = CHB_15346 + CHB_30769,oxaloacetate(aq) + acetyl-CoA(aq) + H2O(l) = citrate(aq) + CoA(aq),Guynn R.W.; Gelberg H.J.; Veech R.L.; J. Biol. Chem.; 248 6957 (1973).,73GUY/GEL_1128, , ,311.15,6.82,1340000, ,spectrophotometry,potassium phosphate (0.025 mol dm-3),2.56 = -log[Mg+2] _ mol/L;IS=0.25;potassium phosphate=0.025;(Mg)1(SO4)1=0.00277 _ MgSO4 (0.00277 mol/L) _ ,4.1.3.7, ,0.00277 MgSO4,0.25, , 
2065,2172.0,3751.0,citrate (si)-synthase,kegg:C00036 + kegg:C00024 + kegg:C00001 = kegg:C00158 + kegg:C00010,CHB_15351 + CHB_15377 + CHB_16452 = CHB_15346 + CHB_30769,oxaloacetate(aq) + acetyl-CoA(aq) + H2O(l) = citrate(aq) + CoA(aq),Guynn R.W.; Gelberg H.J.; Veech R.L.; J. Biol. Chem.; 248 6957 (1973).,73GUY/GEL_1128, , ,311.15,6.91,733000, ,spectrophotometry,potassium phosphate (0.025 mol dm-3),2.56 = -log[Mg+2] _ mol/L;IS=0.25;potassium phosphate=0.025;(Mg)1(SO4)1=0.00277 _ MgSO4 (0.00277 mol/L) _ ,4.1.3.7, ,0.00277 MgSO4,0.25, , 
2066,2187.0,3748.0,citrate (si)-synthase,kegg:C00036 + kegg:C00024 + kegg:C00001 = kegg:C00158 + kegg:C00010,CHB_15351 + CHB_15377 + CHB_16452 = CHB_15346 + CHB_30769,oxaloacetate(aq) + acetyl-CoA(aq) + H2O(l) = citrate(aq) + CoA(aq),Guynn R.W.; Gelberg H.J.; Veech R.L.; J. Biol. Chem.; 248 6957 (1973).,73GUY/GEL_1128, , ,311.15,6.94,6750000, ,spectrophotometry,potassium phosphate (0.025 mol dm-3),1.52 = -log[Mg+2] _ mol/L;IS=0.25;potassium phosphate=0.025;(Mg)1(SO4)1=0.03 _ MgSO4 (0.03 mol/L) _ ,4.1.3.7, ,0.03 MgSO4,0.25, , 
2067,2186.0,3752.0,citrate (si)-synthase,kegg:C00036 + kegg:C00024 + kegg:C00001 = kegg:C00158 + kegg:C00010,CHB_15351 + CHB_15377 + CHB_16452 = CHB_15346 + CHB_30769,oxaloacetate(aq) + acetyl-CoA(aq) + H2O(l) = citrate(aq) + CoA(aq),Guynn R.W.; Gelberg H.J.; Veech R.L.; J. Biol. Chem.; 248 6957 (1973).,73GUY/GEL_1128, , ,311.15,7.0,5400000, ,spectrophotometry,potassium phosphate (0.025 mol dm-3),1.7 = -log[Mg+2] _ mol/L;IS=0.25;potassium phosphate=0.025;(Mg)1(SO4)1=0.02 _ MgSO4 (0.02 mol/L) _ ,4.1.3.7, ,0.02 MgSO4,0.25, , 
2068,2176.0,3757.0,citrate (si)-synthase,kegg:C00036 + kegg:C00024 + kegg:C00001 = kegg:C00158 + kegg:C00010,CHB_15351 + CHB_15377 + CHB_16452 = CHB_15346 + CHB_30769,oxaloacetate(aq) + acetyl-CoA(aq) + H2O(l) = citrate(aq) + CoA(aq),Guynn R.W.; Gelberg H.J.; Veech R.L.; J. Biol. Chem.; 248 6957 (1973).,73GUY/GEL_1128, , ,311.15,7.05,1140000, ,spectrophotometry,potassium phosphate (0.025 mol dm-3),2.56 = -log[Mg+2] _ mol/L;IS=0.25;potassium phosphate=0.025;(Mg)1(SO4)1=0.00277 _ MgSO4 (0.00277 mol/L) _ ,4.1.3.7, ,0.00277 MgSO4,0.25, , 
2069,2185.0,3753.0,citrate (si)-synthase,kegg:C00036 + kegg:C00024 + kegg:C00001 = kegg:C00158 + kegg:C00010,CHB_15351 + CHB_15377 + CHB_16452 = CHB_15346 + CHB_30769,oxaloacetate(aq) + acetyl-CoA(aq) + H2O(l) = citrate(aq) + CoA(aq),Guynn R.W.; Gelberg H.J.; Veech R.L.; J. Biol. Chem.; 248 6957 (1973).,73GUY/GEL_1128, , ,311.15,7.06,3110000, ,spectrophotometry,potassium phosphate (0.025 mol dm-3),2.0 = -log[Mg+2] _ mol/L;IS=0.25;potassium phosphate=0.025;(Mg)1(SO4)1=0.01 _ MgSO4 (0.01 mol/L) _ ,4.1.3.7, ,0.01 MgSO4,0.25, , 
2070,2180.0,3756.0,citrate (si)-synthase,kegg:C00036 + kegg:C00024 + kegg:C00001 = kegg:C00158 + kegg:C00010,CHB_15351 + CHB_15377 + CHB_16452 = CHB_15346 + CHB_30769,oxaloacetate(aq) + acetyl-CoA(aq) + H2O(l) = citrate(aq) + CoA(aq),Guynn R.W.; Gelberg H.J.; Veech R.L.; J. Biol. Chem.; 248 6957 (1973).,73GUY/GEL_1128, , ,311.15,7.08,1530000, ,spectrophotometry,potassium phosphate (0.025 mol dm-3),2.56 = -log[Mg+2] _ mol/L;IS=0.25;potassium phosphate=0.025;(Mg)1(SO4)1=0.00277 _ MgSO4 (0.00277 mol/L) _ ,4.1.3.7, ,0.00277 MgSO4,0.25, , 
2071,2166.0,3755.0,citrate (si)-synthase,kegg:C00036 + kegg:C00024 + kegg:C00001 = kegg:C00158 + kegg:C00010,CHB_15351 + CHB_15377 + CHB_16452 = CHB_15346 + CHB_30769,oxaloacetate(aq) + acetyl-CoA(aq) + H2O(l) = citrate(aq) + CoA(aq),Guynn R.W.; Gelberg H.J.; Veech R.L.; J. Biol. Chem.; 248 6957 (1973).,73GUY/GEL_1128, , ,311.15,7.09,1290000, ,spectrophotometry,potassium phosphate (0.025 mol dm-3),3.0 = -log[Mg+2] _ mol/L;IS=0.25;potassium phosphate=0.025;(Mg)1(SO4)1=0.001 _ MgSO4 (0.001 mol/L) _ ,4.1.3.7, ,0.001 MgSO4,0.25, , 
2072,2164.0,3746.0,citrate (si)-synthase,kegg:C00036 + kegg:C00024 + kegg:C00001 = kegg:C00158 + kegg:C00010,CHB_15351 + CHB_15377 + CHB_16452 = CHB_15346 + CHB_30769,oxaloacetate(aq) + acetyl-CoA(aq) + H2O(l) = citrate(aq) + CoA(aq),Guynn R.W.; Gelberg H.J.; Veech R.L.; J. Biol. Chem.; 248 6957 (1973).,73GUY/GEL_1128, , ,311.15,7.1,1030000, ,spectrophotometry,potassium phosphate (0.025 mol dm-3),5.0 = -log[Mg+2] _ mol/L;IS=0.25;potassium phosphate=0.025;(Mg)1(SO4)1=0.00001 _ MgSO4 (0.00001 mol/L) _ ,4.1.3.7, ,1e-05 MgSO4,0.25, , 
2073,2165.0,3747.0,citrate (si)-synthase,kegg:C00036 + kegg:C00024 + kegg:C00001 = kegg:C00158 + kegg:C00010,CHB_15351 + CHB_15377 + CHB_16452 = CHB_15346 + CHB_30769,oxaloacetate(aq) + acetyl-CoA(aq) + H2O(l) = citrate(aq) + CoA(aq),Guynn R.W.; Gelberg H.J.; Veech R.L.; J. Biol. Chem.; 248 6957 (1973).,73GUY/GEL_1128, , ,311.15,7.1,1090000, ,spectrophotometry,potassium phosphate (0.025 mol dm-3),4.0 = -log[Mg+2] _ mol/L;IS=0.25;potassium phosphate=0.025;(Mg)1(SO4)1=0.0001 _ MgSO4 (0.0001 mol/L) _ ,4.1.3.7, ,0.0001 MgSO4,0.25, , 
2074,2183.0,3749.0,citrate (si)-synthase,kegg:C00036 + kegg:C00024 + kegg:C00001 = kegg:C00158 + kegg:C00010,CHB_15351 + CHB_15377 + CHB_16452 = CHB_15346 + CHB_30769,oxaloacetate(aq) + acetyl-CoA(aq) + H2O(l) = citrate(aq) + CoA(aq),Guynn R.W.; Gelberg H.J.; Veech R.L.; J. Biol. Chem.; 248 6957 (1973).,73GUY/GEL_1128, , ,311.15,7.11,2260000, ,spectrophotometry,potassium phosphate (0.025 mol dm-3),2.56 = -log[Mg+2] _ mol/L;IS=0.25;potassium phosphate=0.025;(Mg)1(SO4)1=0.00277 _ MgSO4 (0.00277 mol/L) _ ,4.1.3.7, ,0.00277 MgSO4,0.25, , 
2075,2177.0,3744.0,citrate (si)-synthase,kegg:C00036 + kegg:C00024 + kegg:C00001 = kegg:C00158 + kegg:C00010,CHB_15351 + CHB_15377 + CHB_16452 = CHB_15346 + CHB_30769,oxaloacetate(aq) + acetyl-CoA(aq) + H2O(l) = citrate(aq) + CoA(aq),Guynn R.W.; Gelberg H.J.; Veech R.L.; J. Biol. Chem.; 248 6957 (1973).,73GUY/GEL_1128, , ,311.15,7.2,1230000, ,spectrophotometry,potassium phosphate (0.025 mol dm-3),2.56 = -log[Mg+2] _ mol/L;IS=0.25;potassium phosphate=0.025;(Mg)1(SO4)1=0.00277 _ MgSO4 (0.00277 mol/L) _ ,4.1.3.7, ,0.00277 MgSO4,0.25, , 
2076,2182.0,3759.0,citrate (si)-synthase,kegg:C00036 + kegg:C00024 + kegg:C00001 = kegg:C00158 + kegg:C00010,CHB_15351 + CHB_15377 + CHB_16452 = CHB_15346 + CHB_30769,oxaloacetate(aq) + acetyl-CoA(aq) + H2O(l) = citrate(aq) + CoA(aq),Guynn R.W.; Gelberg H.J.; Veech R.L.; J. Biol. Chem.; 248 6957 (1973).,73GUY/GEL_1128, , ,311.15,7.22,1800000, ,spectrophotometry,potassium phosphate (0.025 mol dm-3),2.56 = -log[Mg+2] _ mol/L;IS=0.25;potassium phosphate=0.025;(Mg)1(SO4)1=0.00277 _ MgSO4 (0.00277 mol/L) _ ,4.1.3.7, ,0.00277 MgSO4,0.25, , 
2077,2181.0,3745.0,citrate (si)-synthase,kegg:C00036 + kegg:C00024 + kegg:C00001 = kegg:C00158 + kegg:C00010,CHB_15351 + CHB_15377 + CHB_16452 = CHB_15346 + CHB_30769,oxaloacetate(aq) + acetyl-CoA(aq) + H2O(l) = citrate(aq) + CoA(aq),Guynn R.W.; Gelberg H.J.; Veech R.L.; J. Biol. Chem.; 248 6957 (1973).,73GUY/GEL_1128, , ,311.15,7.28,1730000, ,spectrophotometry,potassium phosphate (0.025 mol dm-3),2.56 = -log[Mg+2] _ mol/L;IS=0.25;potassium phosphate=0.025;(Mg)1(SO4)1=0.00277 _ MgSO4 (0.00277 mol/L) _ ,4.1.3.7, ,0.00277 MgSO4,0.25, , 
2078,2184.0,3758.0,citrate (si)-synthase,kegg:C00036 + kegg:C00024 + kegg:C00001 = kegg:C00158 + kegg:C00010,CHB_15351 + CHB_15377 + CHB_16452 = CHB_15346 + CHB_30769,oxaloacetate(aq) + acetyl-CoA(aq) + H2O(l) = citrate(aq) + CoA(aq),Guynn R.W.; Gelberg H.J.; Veech R.L.; J. Biol. Chem.; 248 6957 (1973).,73GUY/GEL_1128, , ,311.15,7.35,2420000, ,spectrophotometry,potassium phosphate (0.025 mol dm-3),2.56 = -log[Mg+2] _ mol/L;IS=0.25;potassium phosphate=0.025;(Mg)1(SO4)1=0.00277 _ MgSO4 (0.00277 mol/L) _ ,4.1.3.7, ,0.00277 MgSO4,0.25, , 
2079,2149.0,2597.0,malate dehydrogenase,kegg:C00149 + kegg:C00003 = kegg:C00036 + kegg:C00004,CHB_15589 + CHB_15846 = CHB_16452 + CHB_16908,(S)-malate(aq) + NAD(aq) = oxaloacetate(aq) + NADH(aq),Guynn R.W.; Gelberg H.J.; Veech R.L.; J. Biol. Chem.; 248 6957 (1973).,73GUY/GEL_137,4743509.0, ,298.15,7.06,1.13E-05, ,spectrophotometry,potassium phosphate (0.050 mol dm-3),mol/L;IS=0.25;potassium phosphate=0.05  ,1.1.1.37, ,0.0 Mg2+,0.25, , 
2080,2151.0,2584.0,malate dehydrogenase,kegg:C00149 + kegg:C00003 = kegg:C00036 + kegg:C00004,CHB_15589 + CHB_15846 = CHB_16452 + CHB_16908,(S)-malate(aq) + NAD(aq) = oxaloacetate(aq) + NADH(aq),Guynn R.W.; Gelberg H.J.; Veech R.L.; J. Biol. Chem.; 248 6957 (1973).,73GUY/GEL_137,4743509.0, ,298.15,7.06,1.20E-05, ,spectrophotometry,potassium phosphate (0.050 mol dm-3),mol/L;IS=0.25;potassium phosphate=0.05  ,1.1.1.37, ,0.0 Mg2+,0.25, , 
2081,2148.0,2583.0,malate dehydrogenase,kegg:C00149 + kegg:C00003 = kegg:C00036 + kegg:C00004,CHB_15589 + CHB_15846 = CHB_16452 + CHB_16908,(S)-malate(aq) + NAD(aq) = oxaloacetate(aq) + NADH(aq),Guynn R.W.; Gelberg H.J.; Veech R.L.; J. Biol. Chem.; 248 6957 (1973).,73GUY/GEL_137,4743509.0, ,298.15,7.08,1.04E-05, ,spectrophotometry,potassium phosphate (0.050 mol dm-3),mol/L;IS=0.25;potassium phosphate=0.05  ,1.1.1.37, ,0.0 Mg2+,0.25, , 
2082,2150.0,2585.0,malate dehydrogenase,kegg:C00149 + kegg:C00003 = kegg:C00036 + kegg:C00004,CHB_15589 + CHB_15846 = CHB_16452 + CHB_16908,(S)-malate(aq) + NAD(aq) = oxaloacetate(aq) + NADH(aq),Guynn R.W.; Gelberg H.J.; Veech R.L.; J. Biol. Chem.; 248 6957 (1973).,73GUY/GEL_137,4743509.0, ,298.15,7.08,1.08E-05, ,spectrophotometry,potassium phosphate (0.050 mol dm-3),mol/L;IS=0.25;potassium phosphate=0.05  ,1.1.1.37, ,0.0 Mg2+,0.25, , 
2083,2153.0,2587.0,malate dehydrogenase,kegg:C00149 + kegg:C00003 = kegg:C00036 + kegg:C00004,CHB_15589 + CHB_15846 = CHB_16452 + CHB_16908,(S)-malate(aq) + NAD(aq) = oxaloacetate(aq) + NADH(aq),Guynn R.W.; Gelberg H.J.; Veech R.L.; J. Biol. Chem.; 248 6957 (1973).,73GUY/GEL_137,4743509.0, ,298.15,7.08,1.27E-05, ,spectrophotometry,potassium phosphate (0.050 mol dm-3),mol/L;IS=0.25;potassium phosphate=0.05  ,1.1.1.37, ,0.0 Mg2+,0.25, , 
2084,2152.0,2586.0,malate dehydrogenase,kegg:C00149 + kegg:C00003 = kegg:C00036 + kegg:C00004,CHB_15589 + CHB_15846 = CHB_16452 + CHB_16908,(S)-malate(aq) + NAD(aq) = oxaloacetate(aq) + NADH(aq),Guynn R.W.; Gelberg H.J.; Veech R.L.; J. Biol. Chem.; 248 6957 (1973).,73GUY/GEL_137,4743509.0, ,298.15,7.11,1.23E-05, ,spectrophotometry,potassium phosphate (0.050 mol dm-3),mol/L;IS=0.25;potassium phosphate=0.05  ,1.1.1.37, ,0.0 Mg2+,0.25, , 
2085,2144.0,2593.0,malate dehydrogenase,kegg:C00149 + kegg:C00003 = kegg:C00036 + kegg:C00004,CHB_15589 + CHB_15846 = CHB_16452 + CHB_16908,(S)-malate(aq) + NAD(aq) = oxaloacetate(aq) + NADH(aq),Guynn R.W.; Gelberg H.J.; Veech R.L.; J. Biol. Chem.; 248 6957 (1973).,73GUY/GEL_137,4743509.0, ,311.15,7.05,3.45E-05, ,spectrophotometry,potassium phosphate (0.050 mol dm-3),2.95 = -log[Mg+2] _ mol/L;IS=0.25;potassium phosphate=0.05;(Mg)1=0.0011 _ Mg2+ (0.00111 mol/L) _ ,1.1.1.37, ,0.00111 Mg2+,0.25, , 
2086,2143.0,2595.0,malate dehydrogenase,kegg:C00149 + kegg:C00003 = kegg:C00036 + kegg:C00004,CHB_15589 + CHB_15846 = CHB_16452 + CHB_16908,(S)-malate(aq) + NAD(aq) = oxaloacetate(aq) + NADH(aq),Guynn R.W.; Gelberg H.J.; Veech R.L.; J. Biol. Chem.; 248 6957 (1973).,73GUY/GEL_137,4743509.0, ,311.15,7.06,3.39E-05, ,spectrophotometry,potassium phosphate (0.050 mol dm-3),2.95 = -log[Mg+2] _ mol/L;IS=0.25;potassium phosphate=0.05;(Mg)1=0.0011 _ Mg2+ (0.00111 mol/L) _ ,1.1.1.37, ,0.00111 Mg2+,0.25, , 
2087,2156.0,2600.0,malate dehydrogenase,kegg:C00149 + kegg:C00003 = kegg:C00036 + kegg:C00004,CHB_15589 + CHB_15846 = CHB_16452 + CHB_16908,(S)-malate(aq) + NAD(aq) = oxaloacetate(aq) + NADH(aq),Guynn R.W.; Gelberg H.J.; Veech R.L.; J. Biol. Chem.; 248 6957 (1973).,73GUY/GEL_137,4743509.0, ,311.15,7.07,3.41E-05, ,spectrophotometry,potassium phosphate (0.050 mol dm-3),mol/L;IS=0.25;potassium phosphate=0.05  ,1.1.1.37, ,0.0 Mg2+,0.25, , 
2088,2141.0,2599.0,malate dehydrogenase,kegg:C00149 + kegg:C00003 = kegg:C00036 + kegg:C00004,CHB_15589 + CHB_15846 = CHB_16452 + CHB_16908,(S)-malate(aq) + NAD(aq) = oxaloacetate(aq) + NADH(aq),Guynn R.W.; Gelberg H.J.; Veech R.L.; J. Biol. Chem.; 248 6957 (1973).,73GUY/GEL_137,4743509.0, ,311.15,7.07,3.19E-05, ,spectrophotometry,potassium phosphate (0.050 mol dm-3),2.95 = -log[Mg+2] _ mol/L;IS=0.25;potassium phosphate=0.05;(Mg)1=0.0011 _ Mg2+ (0.00111 mol/L) _ ,1.1.1.37, ,0.00111 Mg2+,0.25, , 
2089,2157.0,2594.0,malate dehydrogenase,kegg:C00149 + kegg:C00003 = kegg:C00036 + kegg:C00004,CHB_15589 + CHB_15846 = CHB_16452 + CHB_16908,(S)-malate(aq) + NAD(aq) = oxaloacetate(aq) + NADH(aq),Guynn R.W.; Gelberg H.J.; Veech R.L.; J. Biol. Chem.; 248 6957 (1973).,73GUY/GEL_137,4743509.0, ,311.15,7.08,3.59E-05, ,spectrophotometry,potassium phosphate (0.050 mol dm-3),mol/L;IS=0.25;potassium phosphate=0.05  ,1.1.1.37, ,0.0 Mg2+,0.25, , 
2090,2142.0,2598.0,malate dehydrogenase,kegg:C00149 + kegg:C00003 = kegg:C00036 + kegg:C00004,CHB_15589 + CHB_15846 = CHB_16452 + CHB_16908,(S)-malate(aq) + NAD(aq) = oxaloacetate(aq) + NADH(aq),Guynn R.W.; Gelberg H.J.; Veech R.L.; J. Biol. Chem.; 248 6957 (1973).,73GUY/GEL_137,4743509.0, ,311.15,7.09,3.29E-05, ,spectrophotometry,potassium phosphate (0.050 mol dm-3),2.95 = -log[Mg+2] _ mol/L;IS=0.25;potassium phosphate=0.05;(Mg)1=0.0011 _ Mg2+ (0.00111 mol/L) _ ,1.1.1.37, ,0.00111 Mg2+,0.25, , 
2091,2145.0,2591.0,malate dehydrogenase,kegg:C00149 + kegg:C00003 = kegg:C00036 + kegg:C00004,CHB_15589 + CHB_15846 = CHB_16452 + CHB_16908,(S)-malate(aq) + NAD(aq) = oxaloacetate(aq) + NADH(aq),Guynn R.W.; Gelberg H.J.; Veech R.L.; J. Biol. Chem.; 248 6957 (1973).,73GUY/GEL_137,4743509.0, ,311.15,7.09,3.76E-05, ,spectrophotometry,potassium phosphate (0.050 mol dm-3),2.95 = -log[Mg+2] _ mol/L;IS=0.25;potassium phosphate=0.05;(Mg)1=0.0011 _ Mg2+ (0.00111 mol/L) _ ,1.1.1.37, ,0.00111 Mg2+,0.25, , 
2092,2147.0,2596.0,malate dehydrogenase,kegg:C00149 + kegg:C00003 = kegg:C00036 + kegg:C00004,CHB_15589 + CHB_15846 = CHB_16452 + CHB_16908,(S)-malate(aq) + NAD(aq) = oxaloacetate(aq) + NADH(aq),Guynn R.W.; Gelberg H.J.; Veech R.L.; J. Biol. Chem.; 248 6957 (1973).,73GUY/GEL_137,4743509.0, ,311.15,7.11,8.98E-06, ,spectrophotometry,potassium phosphate (0.050 mol dm-3),mol/L;IS=0.25;potassium phosphate=0.05  ,1.1.1.37, ,0.0 Mg2+,0.25, , 
2093,2146.0,2592.0,malate dehydrogenase,kegg:C00149 + kegg:C00003 = kegg:C00036 + kegg:C00004,CHB_15589 + CHB_15846 = CHB_16452 + CHB_16908,(S)-malate(aq) + NAD(aq) = oxaloacetate(aq) + NADH(aq),Guynn R.W.; Gelberg H.J.; Veech R.L.; J. Biol. Chem.; 248 6957 (1973).,73GUY/GEL_137,4743509.0, ,311.15,7.11,3.94E-05, ,spectrophotometry,potassium phosphate (0.050 mol dm-3),2.95 = -log[Mg+2] _ mol/L;IS=0.25;potassium phosphate=0.05;(Mg)1=0.0011 _ Mg2+ (0.00111 mol/L) _ ,1.1.1.37, ,0.00111 Mg2+,0.25, , 
2094,2154.0,2590.0,malate dehydrogenase,kegg:C00149 + kegg:C00003 = kegg:C00036 + kegg:C00004,CHB_15589 + CHB_15846 = CHB_16452 + CHB_16908,(S)-malate(aq) + NAD(aq) = oxaloacetate(aq) + NADH(aq),Guynn R.W.; Gelberg H.J.; Veech R.L.; J. Biol. Chem.; 248 6957 (1973).,73GUY/GEL_137,4743509.0, ,311.15,7.13,1.78E-05, ,spectrophotometry,potassium phosphate (0.050 mol dm-3),mol/L;IS=0.25;potassium phosphate=0.05  ,1.1.1.37, ,0.0 Mg2+,0.25, , 
2095,2158.0,2588.0,malate dehydrogenase,kegg:C00149 + kegg:C00003 = kegg:C00036 + kegg:C00004,CHB_15589 + CHB_15846 = CHB_16452 + CHB_16908,(S)-malate(aq) + NAD(aq) = oxaloacetate(aq) + NADH(aq),Guynn R.W.; Gelberg H.J.; Veech R.L.; J. Biol. Chem.; 248 6957 (1973).,73GUY/GEL_137,4743509.0, ,311.15,7.14,3.96E-05, ,spectrophotometry,potassium phosphate (0.050 mol dm-3),mol/L;IS=0.25;potassium phosphate=0.05  ,1.1.1.37, ,0.0 Mg2+,0.25, , 
2096,2155.0,2589.0,malate dehydrogenase,kegg:C00149 + kegg:C00003 = kegg:C00036 + kegg:C00004,CHB_15589 + CHB_15846 = CHB_16452 + CHB_16908,(S)-malate(aq) + NAD(aq) = oxaloacetate(aq) + NADH(aq),Guynn R.W.; Gelberg H.J.; Veech R.L.; J. Biol. Chem.; 248 6957 (1973).,73GUY/GEL_137,4743509.0, ,311.15,7.17,1.79E-05, ,spectrophotometry,potassium phosphate (0.050 mol dm-3),mol/L;IS=0.25;potassium phosphate=0.05  ,1.1.1.37, ,0.0 Mg2+,0.25, , 
2097,2188.0,1944.0,phosphate acetyltransferase and acetate kinase,kegg:C00010 + kegg:C00033 + kegg:C00002 = kegg:C00024 + kegg:C00008 + kegg:C00009,CHB_15346 + CHB_15422 + CHB_30089 = CHB_15351 + CHB_16761 + CHB_26078,CoA(aq) + acetate(aq) + ATP(aq) = acetyl-CoA(aq) + ADP(aq) + orthophospate(aq),Guynn R.W.; Veech R.L.; J. Biol. Chem.; 248 6966 (1973).,73GUY/VEE_403,4355193.0, ,311.15,7.01,0.989, ,spectrophotometry and enzymatic assay, ,5.6 = -log[Mg+2] _ mol/L;IS=0.25;(Mg)1=0.0000025 _ Mg2+ (0.0000025 mol/L) _ ,2.3.1.8 & 2.3.1.8 & 2.7.2.1 & 2.7.2.1, ,2.5e-06 Mg2+,0.25, , 
2098,2192.0,1943.0,phosphate acetyltransferase and acetate kinase,kegg:C00010 + kegg:C00033 + kegg:C00002 = kegg:C00024 + kegg:C00008 + kegg:C00009,CHB_15346 + CHB_15422 + CHB_30089 = CHB_15351 + CHB_16761 + CHB_26078,CoA(aq) + acetate(aq) + ATP(aq) = acetyl-CoA(aq) + ADP(aq) + orthophospate(aq),Guynn R.W.; Veech R.L.; J. Biol. Chem.; 248 6966 (1973).,73GUY/VEE_403,4355193.0, ,311.15,7.01,0.164, ,spectrophotometry and enzymatic assay, ,2.57 = -log[Mg+2] _ mol/L;IS=0.25;(Mg)1=0.0027 _ Mg2+ (0.0027 mol/L) _ ,2.3.1.8 & 2.3.1.8 & 2.7.2.1 & 2.7.2.1, ,0.0027 Mg2+,0.25, , 
2099,2190.0,1941.0,phosphate acetyltransferase and acetate kinase,kegg:C00010 + kegg:C00033 + kegg:C00002 = kegg:C00024 + kegg:C00008 + kegg:C00009,CHB_15346 + CHB_15422 + CHB_30089 = CHB_15351 + CHB_16761 + CHB_26078,CoA(aq) + acetate(aq) + ATP(aq) = acetyl-CoA(aq) + ADP(aq) + orthophospate(aq),Guynn R.W.; Veech R.L.; J. Biol. Chem.; 248 6966 (1973).,73GUY/VEE_403,4355193.0, ,311.15,7.01,0.395, ,spectrophotometry and enzymatic assay, ,3.54 = -log[Mg+2] _ mol/L;IS=0.25;(Mg)1=0.00029 _ Mg2+ (0.00029 mol/L) _ ,2.3.1.8 & 2.3.1.8 & 2.7.2.1 & 2.7.2.1, ,0.00029 Mg2+,0.25, , 
2100,2193.0,1940.0,phosphate acetyltransferase and acetate kinase,kegg:C00010 + kegg:C00033 + kegg:C00002 = kegg:C00024 + kegg:C00008 + kegg:C00009,CHB_15346 + CHB_15422 + CHB_30089 = CHB_15351 + CHB_16761 + CHB_26078,CoA(aq) + acetate(aq) + ATP(aq) = acetyl-CoA(aq) + ADP(aq) + orthophospate(aq),Guynn R.W.; Veech R.L.; J. Biol. Chem.; 248 6966 (1973).,73GUY/VEE_403,4355193.0, ,311.15,7.01,0.171, ,spectrophotometry and enzymatic assay, ,2.39 = -log[Mg+2] _ mol/L;IS=0.25;(Mg)1=0.0041 _ Mg2+ (0.0041 mol/L) _ ,2.3.1.8 & 2.3.1.8 & 2.7.2.1 & 2.7.2.1, ,0.0041 Mg2+,0.25, , 
2101,2189.0,1942.0,phosphate acetyltransferase and acetate kinase,kegg:C00010 + kegg:C00033 + kegg:C00002 = kegg:C00024 + kegg:C00008 + kegg:C00009,CHB_15346 + CHB_15422 + CHB_30089 = CHB_15351 + CHB_16761 + CHB_26078,CoA(aq) + acetate(aq) + ATP(aq) = acetyl-CoA(aq) + ADP(aq) + orthophospate(aq),Guynn R.W.; Veech R.L.; J. Biol. Chem.; 248 6966 (1973).,73GUY/VEE_403,4355193.0, ,311.15,7.01,0.695, ,spectrophotometry and enzymatic assay, ,4.32 = -log[Mg+2] _ mol/L;IS=0.25;(Mg)1=0.000048 _ Mg2+ (0.000048 mol/L) _ ,2.3.1.8 & 2.3.1.8 & 2.7.2.1 & 2.7.2.1, ,4.8e-05 Mg2+,0.25, , 
2102,2191.0,1939.0,phosphate acetyltransferase and acetate kinase,kegg:C00010 + kegg:C00033 + kegg:C00002 = kegg:C00024 + kegg:C00008 + kegg:C00009,CHB_15346 + CHB_15422 + CHB_30089 = CHB_15351 + CHB_16761 + CHB_26078,CoA(aq) + acetate(aq) + ATP(aq) = acetyl-CoA(aq) + ADP(aq) + orthophospate(aq),Guynn R.W.; Veech R.L.; J. Biol. Chem.; 248 6966 (1973).,73GUY/VEE_403,4355193.0, ,311.15,7.01,0.252, ,spectrophotometry and enzymatic assay, ,3.16 = -log[Mg+2] _ mol/L;IS=0.25;(Mg)1=0.00069 _ Mg2+ (0.00069 mol/L) _ ,2.3.1.8 & 2.3.1.8 & 2.7.2.1 & 2.7.2.1, ,0.00069 Mg2+,0.25, , 
2103,2194.0,1774.0,6-phosphofructokinase,kegg:C00002 + kegg:C00085 = kegg:C00008 + kegg:C00354,CHB_15422 + CHB_61553 = CHB_16761 + CHB_40595,"ATP(aq) + D-fructose 6-phosphate(aq) = ADP(aq) + D-fructose 1,6-bisphosphate(aq)",Hanson R.L.; Rudolph F.B.; Lardy H.A.; J. Biol. Chem.; 248 7852 (1973).,73HAN/RUD_553,4270771.0, ,303.15,8.0,2290, ,enzymatic assay; spectrophotometry,Tris (0.033 mol dm-3) + HCl,mol/L;Tris-HCl=0.033;(Mg)1=0.004  ,2.7.1.11, , , , , 
2104,2195.0,1048.0,xylose isomerase,kegg:C00031 = kegg:C00095,CHB_4167 = CHB_37721,D-glucose(aq) = D-fructose(aq),"Havewala N.B.; Pitcher W.H.; in ""Enzyme Engineering"" Vol. 4; E.K. Pye and L.B. Wingard eds.; Plenum Press New York (1973) pp. 315-328.",73HAV/PIT_1304, , ,333.15,6.85,1.02, ,polarimetry,sodium maleate (0.2 mol dm-3),mol/L;sodium maleate buffer= 0.2  ,5.3.1.5, , , , , 
2105,2196.0,1046.0,xylose isomerase,kegg:C00031 = kegg:C00095,CHB_4167 = CHB_37721,D-glucose(aq) = D-fructose(aq),"Havewala N.B.; Pitcher W.H.; in ""Enzyme Engineering"" Vol. 4; E.K. Pye and L.B. Wingard eds.; Plenum Press New York (1973) pp. 315-328.",73HAV/PIT_1304, , ,343.15,6.85,1.06, ,polarimetry,sodium maleate (0.2 mol dm-3),mol/L;sodium maleate buffer= 0.2  ,5.3.1.5, , , , , 
2106,2197.0,1047.0,xylose isomerase,kegg:C00031 = kegg:C00095,CHB_4167 = CHB_37721,D-glucose(aq) = D-fructose(aq),"Havewala N.B.; Pitcher W.H.; in ""Enzyme Engineering"" Vol. 4; E.K. Pye and L.B. Wingard eds.; Plenum Press New York (1973) pp. 315-328.",73HAV/PIT_1304, , ,352.65,6.85,1.1, ,polarimetry,sodium maleate (0.2 mol dm-3),mol/L;sodium maleate buffer= 0.2  ,5.3.1.5, , , , , 
2107,2198.0,918.0,malyl-CoA lyase,kegg:C04348 = kegg:C00024 + kegg:C00048,PBC_11966145 = CHB_15351 + CHB_16891,"(R,S)-malyl-CoA(aq) = acetyl-CoA(aq) + glyoxylate(aq)",Hersh L.B.; J. Biol. Chem.; 248 7295 (1973).,73HER_1136,4745770.0, ,303.15,7.4,0.0029, , ,Tris (0.05 mol dm-3) + HCl,mol/L;Tris-HCl=0.1;(Mg)1(SO4)1=0.001  ,4.1.3.24, , , , , 
2108,2199.0,2743.0,xylose isomerase,kegg:C00031 = kegg:C00095,CHB_4167 = CHB_37721,D-glucose(aq) = D-fructose(aq),"Lantero O.J. Jr.; in ""Enzyme Engineering"" Vol. 4; E.K. Pye and L.B. Wingard eds.; Plenum Press New York (1973) pp. 349-351.",73LAN_1305, , ,323.15,7.8,1, , , ,   ,5.3.1.5, , , , , 
2109,2200.0,2742.0,xylose isomerase,kegg:C00031 = kegg:C00095,CHB_4167 = CHB_37721,D-glucose(aq) = D-fructose(aq),"Lantero O.J. Jr.; in ""Enzyme Engineering"" Vol. 4; E.K. Pye and L.B. Wingard eds.; Plenum Press New York (1973) pp. 349-351.",73LAN_1305, , ,333.15,7.8,1.08, , , ,   ,5.3.1.5, , , , , 
2110,2201.0,2744.0,xylose isomerase,kegg:C00031 = kegg:C00095,CHB_4167 = CHB_37721,D-glucose(aq) = D-fructose(aq),"Lantero O.J. Jr.; in ""Enzyme Engineering"" Vol. 4; E.K. Pye and L.B. Wingard eds.; Plenum Press New York (1973) pp. 349-351.",73LAN_1305, , ,338.15,7.8,1.14, , , ,   ,5.3.1.5, , , , , 
2111,2202.0,2741.0,xylose isomerase,kegg:C00031 = kegg:C00095,CHB_4167 = CHB_37721,D-glucose(aq) = D-fructose(aq),"Lantero O.J. Jr.; in ""Enzyme Engineering"" Vol. 4; E.K. Pye and L.B. Wingard eds.; Plenum Press New York (1973) pp. 349-351.",73LAN_1305, , ,343.15,7.8,1.21, , , ,   ,5.3.1.5, , , , , 
2112,2203.0,4069.0,histidine ammonia-lyase,kegg:C00135 = kegg:C00785 + kegg:C00014,CHB_15971 = CHB_16134 + CHB_27247,L-histidine(aq) = urocanate(aq) + ammonia(aq),McClard R.W.; Kolenbrander H.M.; Can. J. Biochem.; 51 556 (1973).,73MCC/KOL_1216, , ,303.2,7.2,0.016, ,spectrophotometry and thin layer chromatography,phosphate (0.040 mol dm-3),mol/L;phosphate buffer=0.04  ,4.3.1.3, , , , , 
2113,2204.0,4065.0,histidine ammonia-lyase,kegg:C00135 = kegg:C00785 + kegg:C00014,CHB_15971 = CHB_16134 + CHB_27247,L-histidine(aq) = urocanate(aq) + ammonia(aq),McClard R.W.; Kolenbrander H.M.; Can. J. Biochem.; 51 556 (1973).,73MCC/KOL_1216, , ,305.3,7.2,0.025, ,spectrophotometry and thin layer chromatography,phosphate (0.040 mol dm-3),mol/L;phosphate buffer=0.04  ,4.3.1.3, , , , , 
2114,2205.0,4066.0,histidine ammonia-lyase,kegg:C00135 = kegg:C00785 + kegg:C00014,CHB_15971 = CHB_16134 + CHB_27247,L-histidine(aq) = urocanate(aq) + ammonia(aq),McClard R.W.; Kolenbrander H.M.; Can. J. Biochem.; 51 556 (1973).,73MCC/KOL_1216, , ,308.2,7.2,0.028, ,spectrophotometry and thin layer chromatography,phosphate (0.040 mol dm-3),mol/L;phosphate buffer=0.04  ,4.3.1.3, , , , , 
2115,2206.0,4067.0,histidine ammonia-lyase,kegg:C00135 = kegg:C00785 + kegg:C00014,CHB_15971 = CHB_16134 + CHB_27247,L-histidine(aq) = urocanate(aq) + ammonia(aq),McClard R.W.; Kolenbrander H.M.; Can. J. Biochem.; 51 556 (1973).,73MCC/KOL_1216, , ,311.3,7.2,0.04, ,spectrophotometry and thin layer chromatography,phosphate (0.040 mol dm-3),mol/L;phosphate buffer=0.04  ,4.3.1.3, , , , , 
2116,2207.0,4068.0,histidine ammonia-lyase,kegg:C00135 = kegg:C00785 + kegg:C00014,CHB_15971 = CHB_16134 + CHB_27247,L-histidine(aq) = urocanate(aq) + ammonia(aq),McClard R.W.; Kolenbrander H.M.; Can. J. Biochem.; 51 556 (1973).,73MCC/KOL_1216, , ,316.4,7.2,0.1, ,spectrophotometry and thin layer chromatography,phosphate (0.040 mol dm-3),mol/L;phosphate buffer=0.04  ,4.3.1.3, , , , , 
2117,2208.0,3047.0,phosphate acetyltransferase,kegg:C00024 + kegg:C00009 = kegg:C00010 + kegg:C00227,CHB_15351 + CHB_26078 = CHB_15346 + CHB_15350,acetyl-CoA(aq) + orthophosphate(aq) = CoA(aq) + acetyl phosphate(aq),Rado T.A.; Hoch J.A.; Biochim. Biophys. Acta; 321 114 (1973).,73RAD/HOC_400, , ,298.15,7.6,0.0065, ,spectrophotometry,Tris (0.066 mol dm-3) + HCl,mol/L;Tris-HCl=0.066  ,2.3.1.8, , , , , 
2118,,732.0,dihydrofolate reductase,kegg:C00101 + kegg:C00006 = kegg:C00415 + kegg:C00005, ,"5,6,7,8-tetrahydrofolate(aq) + NADP(aq) = 7,8-dihydrofolate(aq) + NADPH(aq)",Rothman S.W.; Kisliuk R.L.; Langerman N.; J. Biol. Chem.; 248 7845 (1973).,73ROT/KIS_300, , ,298.15,7.4, , ,calorimetry,Tris (0.20 mol dm-3), ,1.5.1.3, , , , ,52.7
2119,,2158.0,thymidylate synthase,kegg:C00143 + kegg:C00365 = kegg:C00415 + kegg:C00364, ,"5,10-methylenetetrahydrofolate(aq) + dUMP(aq) = dihydrofolate(aq) + dTMP(aq)",Rothman S.W.; Kisliuk R.L.; Langerman N.; J. Biol. Chem.; 248 7845 (1973).,73ROT/KIS_346,4201495.0, ,298.15,7.4, , ,calorimetry,Tris (0.05 mol dm-3) + HCl, ,2.1.1.45, , , , ,-40.6
2120,2209.0,1230.0,isocitrate dehydrogenase (NADP+),kegg:C00311 + kegg:C00006 + kegg:C00001 = kegg:C00026 + kegg:C00005 + kegg:C00288,CHB_16087 + CHB_18009 = CHB_16474 + CHB_16526 + CHB_16810,isocitrate(aq) + NADP(aq) + H2O(l) = 2-oxoglutarate(aq) + NADPH(aq) + carbon dioxide(aq),Shevchenko M.I.; Guly M.F.; Ukr. Biokhim. Zh.; 45 718 (1973).,73SHE/GUL_155, , ,293.15,7.4,0.81, ,spectrophotometry,carbonate + bicarbonate,mol/L;IS=0.4;bicarbonate= 0.1;(Mn)1(Cl)2=0.0002 _ MnCl2 (0.0002 mol/L) _ ,1.1.1.42, ,0.0002 MnCl2,0.404, , 
2121,2210.0,1229.0,isocitrate dehydrogenase (NADP+),kegg:C00311 + kegg:C00006 + kegg:C00001 = kegg:C00026 + kegg:C00005 + kegg:C00288,CHB_16087 + CHB_18009 = CHB_16474 + CHB_16526 + CHB_16810,isocitrate(aq) + NADP(aq) + H2O(l) = 2-oxoglutarate(aq) + NADPH(aq) + carbon dioxide(aq),Shevchenko M.I.; Guly M.F.; Ukr. Biokhim. Zh.; 45 718 (1973).,73SHE/GUL_155, , ,293.15,7.4,0.076, ,spectrophotometry,carbonate + bicarbonate,mol/L;IS=0.4;bicarbonate=0.1;(Mn)1(Cl)2=0.0033 _ MnCl2 (0.0033 mol/L) _ ,1.1.1.42, ,0.0033 MnCl2,0.404, , 
2122,2211,3565.0,"D-ornithine 4,5-aminomutase",kegg:C00515 = kegg:C03943,CHB_16176 = CHB_4280,"D-ornithine(aq) = D-threo-2,4-diaminopentanoate(aq)",Somack R.; Costilow R.N.; Biochemistry; 12 2597 (1973).,73SOM/COS_1418,4711468.0,10.1021/bi00738a008,310.15,9.0,0.9, ,chromatography and radioactivity,Tris (0.1 mol dm-3),mol/L;Tris buffer=0.1 _ nan _ ,5.4.3.5, , ,, , 
2123,, ,phosphohydrolase (unclassified), , ,diethyl phosphate(aq) + H2O(l) = monoethyl phosphate(aq) + ethanol(aq),Sturtevant J.M.; Gerlt J.A.; Westheimer F.H.; J. Am. Chem. Soc.; 95 8168 (1973).,73STU/GER_841, , ,298.15,7.3, , ,calorimetry,Pipes (0.05 mol dm-3), ,3.1.4.-, , , , ,-20.1
2124,, ,phosphohydrolase (unclassified), , ,ethylene phosphate(aq) + H2O(l) = 2-hydroxyethyl phosphate(aq),Sturtevant J.M.; Gerlt J.A.; Westheimer F.H.; J. Am. Chem. Soc.; 95 8168 (1973).,73STU/GER_843, , ,298.15,7.3, , ,calorimetry,Pipes (0.05 mol dm-3) and Tris (0.05 mol dm-3), ,3.1.4.-, , , , ,-39.5
2125,, ,phosphohydrolase (unclassified), , ,ethylene phosphate(aq) + H2O(l) = 2-hydroxyethyl phosphate(aq),Sturtevant J.M.; Gerlt J.A.; Westheimer F.H.; J. Am. Chem. Soc.; 95 8168 (1973).,73STU/GER_843, , ,298.15,7.3, , ,calorimetry,Pipes (0.05 mol dm-3) and Tris (0.05 mol dm-3), ,3.1.4.-, , , , ,-69.5
2126,, ,phosphohydrolase (unclassified), , ,tetramethylene phosphate(aq) + H2O(l) = 4-hydroxybutyl phosphate(aq),Sturtevant J.M.; Gerlt J.A.; Westheimer F.H.; J. Am. Chem. Soc.; 95 8168 (1973).,73STU/GER_847, , ,298.15,7.3, , ,calorimetry,Pipes (0.05 mol dm-3), ,3.1.4.-, , , , ,-19.6
2127,, ,phosphohydrolase (unclassified), , ,trimethylene phosphate(aq) + H2O(l) = 3-hydroxypropyl phosphate(aq),Sturtevant J.M.; Gerlt J.A.; Westheimer F.H.; J. Am. Chem. Soc.; 95 8168 (1973).,73STU/GER_849, , ,298.15,7.3, , ,calorimetry,Pipes (0.05 mol dm-3) and Tris (0.05 mol dm-3), ,3.1.4.-, , , , ,-24.8
2128,, ,phosphohydrolase (unclassified), , ,trimethylene phosphate(aq) + H2O(l) = 3-hydroxypropyl phosphate(aq),Sturtevant J.M.; Gerlt J.A.; Westheimer F.H.; J. Am. Chem. Soc.; 95 8168 (1973).,73STU/GER_849, , ,298.15,7.3, , ,calorimetry,Pipes (0.05 mol dm-3) and Tris (0.05 mol dm-3), ,3.1.4.-, , , , ,-54.4
2129,2212.0,161.0,"pyruvate,orthophosphate dikinase",kegg:C00002 + kegg:C00022 + kegg:C00009 = kegg:C00020 + kegg:C00074 + kegg:C00013,CHB_15361 + CHB_15422 + CHB_26078 = CHB_16027 + CHB_18021 + CHB_18361,ATP(aq) + pyruvate(aq) + orthophosphate(aq) = AMP(aq) + phosphoenolpyruvate(aq) + pyrophosphate(aq),Sugiyama T.; Biochemistry; 12 2862 (1973).,73SUG_714,4719122.0,10.1021/bi00739a014,298.15,7.24,0.0049, ,enzymatic assay and spectrophotometry, ,mol/L;Tris-HCl=0.002;(Mg)1(Cl)2=0.0042;dithiothreitol=0.0001;(K)1(Cl)1=0.004;phosphoenolpyruvate=0.000136;AMP=0.000192;pyrophosphate=0.000112;pyruvate=0.000824;ATP=0.00082;orthophosphate=0.00088  ,2.7.9.1, , , , , 
2130,2213.0,3213.0,methenyltetrahydrofolate cyclohydrolase,kegg:C00445 + kegg:C00001 = kegg:C00234,CHB_15377 + CHB_15638 = CHB_15637,"5,10-methenyltetrahydrofolate(aq) + H2O(l) = 10-formyltetrahydrofolate(aq)",Suzuki N.; Iwai K.; Plant Cell Physiol.; 14 319 (1973).,73SUZ/IWA_1060, , ,298.15,7.0,50, ,spectrophotometry,potassium maleate,mol/L;potassium maleate buffer=0.1  ,3.5.4.9, , , , , 
2131,2240.0,2171.0,aconitate hydratase,kegg:C00311 = kegg:C00158,CHB_16087 = CHB_30769,isocitrate(aq) = citrate(aq),Veloso D.; Guynn R.W.; Oskarsson M.; Veech R.L.; J. Biol. Chem.; 248 4811 (1973).,73VEL/GUY_1167,4718747.0, ,311.15,6.64,9.51, ,enzymatic assay and fluorimetry,phosphate,mol/L;IS=0.25;citrate=0.000428;isocitrate=0.000045;(K)1=0.125;(Na)1=0.025  ,4.2.1.3, ,0.0 MgCl2, , , 
2132,2236.0,2172.0,aconitate hydratase,kegg:C00311 = kegg:C00158,CHB_16087 = CHB_30769,isocitrate(aq) = citrate(aq),Veloso D.; Guynn R.W.; Oskarsson M.; Veech R.L.; J. Biol. Chem.; 248 4811 (1973).,73VEL/GUY_1167,4718747.0, ,311.15,6.64,10.3, ,enzymatic assay and fluorimetry,phosphate,4.33 = -log[Mg+2] _ mol/L;IS=0.25;(Mg)1(Cl)2=0.000047;citrate=0.000433;isocitrate=0.000042;(K)1=0.125;(Na)1=0.025 _ MgCl2 (0.047 mol/L) _ ,4.2.1.3, ,0.047 MgCl2, , , 
2133,2228.0,2178.0,aconitate hydratase,kegg:C00311 = kegg:C00158,CHB_16087 = CHB_30769,isocitrate(aq) = citrate(aq),Veloso D.; Guynn R.W.; Oskarsson M.; Veech R.L.; J. Biol. Chem.; 248 4811 (1973).,73VEL/GUY_1167,4718747.0, ,311.15,6.64,15.8, ,enzymatic assay and fluorimetry,phosphate,3.15 = -log[Mg+2] _ mol/L;IS=0.25;(Mg)1(Cl)2=0.0007;citrate=0.000461;isocitrate=0.000029;(K)1=0.125;(Na)1=0.025 _ MgCl2 (0.7 mol/L) _ ,4.2.1.3, ,0.7 MgCl2, , , 
2134,2225.0,2173.0,aconitate hydratase,kegg:C00311 = kegg:C00158,CHB_16087 = CHB_30769,isocitrate(aq) = citrate(aq),Veloso D.; Guynn R.W.; Oskarsson M.; Veech R.L.; J. Biol. Chem.; 248 4811 (1973).,73VEL/GUY_1167,4718747.0, ,311.15,6.64,29.5, ,enzymatic assay and fluorimetry,phosphate,2.64 = -log[Mg+2] _ mol/L;IS=0.25;(Mg)1(Cl)2=0.0023;citrate=0.000472;isocitrate=0.000016;(K)1=0.125;(Na)1=0.025 _ MgCl2 (2.3 mol/L) _ ,4.2.1.3, ,2.3 MgCl2, , , 
2135,2217.0,2174.0,aconitate hydratase,kegg:C00311 = kegg:C00158,CHB_16087 = CHB_30769,isocitrate(aq) = citrate(aq),Veloso D.; Guynn R.W.; Oskarsson M.; Veech R.L.; J. Biol. Chem.; 248 4811 (1973).,73VEL/GUY_1167,4718747.0, ,311.15,6.64,46, ,enzymatic assay and fluorimetry,phosphate,2.16 = -log[Mg+2] _ mol/L;IS=0.25;(Mg)1(Cl)2=0.0069;citrate=0.00046;isocitrate=0.00001;(K)1=0.125;(Na)1=0.025 _ MgCl2 (6.9 mol/L) _ ,4.2.1.3, ,6.9 MgCl2, , , 
2136,2241.0,2190.0,aconitate hydratase,kegg:C00311 = kegg:C00158,CHB_16087 = CHB_30769,isocitrate(aq) = citrate(aq),Veloso D.; Guynn R.W.; Oskarsson M.; Veech R.L.; J. Biol. Chem.; 248 4811 (1973).,73VEL/GUY_1167,4718747.0, ,311.15,7.07,9.83, ,enzymatic assay and fluorimetry,phosphate,mol/L;IS=0.25;citrate=0.000177;isocitrate=0.000018;(K)1=0.125;(Na)1=0.025  ,4.2.1.3, ,0.0 MgCl2, , , 
2137,2238.0,2166.0,aconitate hydratase,kegg:C00311 = kegg:C00158,CHB_16087 = CHB_30769,isocitrate(aq) = citrate(aq),Veloso D.; Guynn R.W.; Oskarsson M.; Veech R.L.; J. Biol. Chem.; 248 4811 (1973).,73VEL/GUY_1167,4718747.0, ,311.15,7.07,9.92, ,enzymatic assay and fluorimetry,phosphate,5.05 = -log[Mg+2] _ mol/L;IS=0.25;(Mg)1(Cl)2=0.000009;citrate=0.000436;isocitrate=0.000044;(K)1=0.125;(Na)1=0.025 _ MgCl2 (0.009 mol/L) _ ,4.2.1.3, ,0.009 MgCl2, , , 
2138,2235.0,2185.0,aconitate hydratase,kegg:C00311 = kegg:C00158,CHB_16087 = CHB_30769,isocitrate(aq) = citrate(aq),Veloso D.; Guynn R.W.; Oskarsson M.; Veech R.L.; J. Biol. Chem.; 248 4811 (1973).,73VEL/GUY_1167,4718747.0, ,311.15,7.07,10, ,enzymatic assay and fluorimetry,phosphate,4.33 = -log[Mg+2] _ mol/L;IS=0.25;(Mg)1(Cl)2=0.000047;citrate=0.000444;isocitrate=0.000044;(K)1=0.125;(Na)1=0.025 _ MgCl2 (0.047 mol/L) _ ,4.2.1.3, ,0.047 MgCl2, , , 
2139,2233.0,2183.0,aconitate hydratase,kegg:C00311 = kegg:C00158,CHB_16087 = CHB_30769,isocitrate(aq) = citrate(aq),Veloso D.; Guynn R.W.; Oskarsson M.; Veech R.L.; J. Biol. Chem.; 248 4811 (1973).,73VEL/GUY_1167,4718747.0, ,311.15,7.07,10.6, ,enzymatic assay and fluorimetry,phosphate,4.33 = -log[Mg+2] _ mol/L;IS=0.25;(Mg)1(Cl)2=0.000094;citrate=0.000458;isocitrate=0.000042;(K)1=0.125;(Na)1=0.025 _ MgCl2 (0.094 mol/L) _ ,4.2.1.3, ,0.047 MgCl2, , , 
2140,2237.0,2167.0,aconitate hydratase,kegg:C00311 = kegg:C00158,CHB_16087 = CHB_30769,isocitrate(aq) = citrate(aq),Veloso D.; Guynn R.W.; Oskarsson M.; Veech R.L.; J. Biol. Chem.; 248 4811 (1973).,73VEL/GUY_1167,4718747.0, ,311.15,7.07,11, ,enzymatic assay and fluorimetry,phosphate,4.03 = -log[Mg+2] _ mol/L;IS=0.25;(Mg)1(Cl)2=0.000047;citrate=0.00018;isocitrate=0.000017;(K)1=0.125;(Na)1=0.025 _ MgCl2 (0.047 mol/L) _ ,4.2.1.3, ,0.094 MgCl2, , , 
2141,2232.0,2189.0,aconitate hydratase,kegg:C00311 = kegg:C00158,CHB_16087 = CHB_30769,isocitrate(aq) = citrate(aq),Veloso D.; Guynn R.W.; Oskarsson M.; Veech R.L.; J. Biol. Chem.; 248 4811 (1973).,73VEL/GUY_1167,4718747.0, ,311.15,7.07,12.2, ,enzymatic assay and fluorimetry,phosphate,3.64 = -log[Mg+2] _ mol/L;IS=0.25;(Mg)1(Cl)2=0.00023;citrate=0.000465;isocitrate=0.000038;(K)1=0.125;(Na)1=0.025 _ MgCl2 (0.23 mol/L) _ ,4.2.1.3, ,0.23 MgCl2, , , 
2142,2231.0,2175.0,aconitate hydratase,kegg:C00311 = kegg:C00158,CHB_16087 = CHB_30769,isocitrate(aq) = citrate(aq),Veloso D.; Guynn R.W.; Oskarsson M.; Veech R.L.; J. Biol. Chem.; 248 4811 (1973).,73VEL/GUY_1167,4718747.0, ,311.15,7.07,13.9, ,enzymatic assay and fluorimetry,phosphate,3.33 = -log[Mg+2] _ mol/L;IS=0.25;(Mg)1(Cl)2=0.00047;citrate=0.00046;isocitrate=0.000033;(K)1=0.125;(Na)1=0.025 _ MgCl2 (0.47 mol/L) _ ,4.2.1.3, ,0.47 MgCl2, , , 
2143,2229.0,2168.0,aconitate hydratase,kegg:C00311 = kegg:C00158,CHB_16087 = CHB_30769,isocitrate(aq) = citrate(aq),Veloso D.; Guynn R.W.; Oskarsson M.; Veech R.L.; J. Biol. Chem.; 248 4811 (1973).,73VEL/GUY_1167,4718747.0, ,311.15,7.07,16.1, ,enzymatic assay and fluorimetry,phosphate,3.15 = -log[Mg+2] _ mol/L;IS=0.25;(Mg)1(Cl)2=0.0007;citrate=0.000474;isocitrate=0.00003;(K)1=0.125;(Na)1=0.025 _ MgCl2 (0.7 mol/L) _ ,4.2.1.3, ,0.7 MgCl2, , , 
2144,2230.0,2182.0,aconitate hydratase,kegg:C00311 = kegg:C00158,CHB_16087 = CHB_30769,isocitrate(aq) = citrate(aq),Veloso D.; Guynn R.W.; Oskarsson M.; Veech R.L.; J. Biol. Chem.; 248 4811 (1973).,73VEL/GUY_1167,4718747.0, ,311.15,7.07,17.1, ,enzymatic assay and fluorimetry,phosphate,3.15 = -log[Mg+2] _ mol/L;IS=0.25;(Mg)1(Cl)2=0.0007;citrate=0.000189;isocitrate=0.000011;(K)1=0.125;(Na)1=0.025 _ MgCl2 (0.7 mol/L) _ ,4.2.1.3, ,0.7 MgCl2, , , 
2145,2226.0,2184.0,aconitate hydratase,kegg:C00311 = kegg:C00158,CHB_16087 = CHB_30769,isocitrate(aq) = citrate(aq),Veloso D.; Guynn R.W.; Oskarsson M.; Veech R.L.; J. Biol. Chem.; 248 4811 (1973).,73VEL/GUY_1167,4718747.0, ,311.15,7.07,18, ,enzymatic assay and fluorimetry,phosphate,3.03 = -log[Mg+2] _ mol/L;IS=0.25;(Mg)1(Cl)2=0.00093;citrate=0.000469;isocitrate=0.000026;(K)1=0.125;(Na)1=0.025 _ MgCl2 (0.93 mol/L) _ ,4.2.1.3, ,0.93 MgCl2, , , 
2146,2242.0,2165.0,aconitate hydratase,kegg:C00311 = kegg:C00158,CHB_16087 = CHB_30769,isocitrate(aq) = citrate(aq),Veloso D.; Guynn R.W.; Oskarsson M.; Veech R.L.; J. Biol. Chem.; 248 4811 (1973).,73VEL/GUY_1167,4718747.0, ,311.15,7.07,9.89, ,enzymatic assay and fluorimetry,phosphate,mol/L;IS=0.25;citrate=0.000509;isocitrate=0.000052;(K)1=0.125;(Na)1=0.025  ,4.2.1.3, ,0.0 MgCl2, , , 
2147,2215.0,2176.0,aconitate hydratase,kegg:C00311 = kegg:C00158,CHB_16087 = CHB_30769,isocitrate(aq) = citrate(aq),Veloso D.; Guynn R.W.; Oskarsson M.; Veech R.L.; J. Biol. Chem.; 248 4811 (1973).,73VEL/GUY_1167,4718747.0, ,311.15,7.07,52.3, ,enzymatic assay and fluorimetry,phosphate,2.0 = -log[Mg+2] _ mol/L;IS=0.25;(Mg)1(Cl)2=0.01;citrate=0.000471;isocitrate=0.000009;(K)1=0.125;(Na)1=0.025 _ MgCl2 (10 mol/L) _ ,4.2.1.3, ,10.0 MgCl2, , , 
2148,2214.0,2188.0,aconitate hydratase,kegg:C00311 = kegg:C00158,CHB_16087 = CHB_30769,isocitrate(aq) = citrate(aq),Veloso D.; Guynn R.W.; Oskarsson M.; Veech R.L.; J. Biol. Chem.; 248 4811 (1973).,73VEL/GUY_1167,4718747.0, ,311.15,7.07,57.9, ,enzymatic assay and fluorimetry,phosphate,1.91 = -log[Mg+2] _ mol/L;IS=0.25;(Mg)1(Cl)2=0.0123;citrate=0.000464;isocitrate=0.000008;(K)1=0.125;(Na)1=0.025 _ MgCl2 (12.3 mol/L) _ ,4.2.1.3, ,12.3 MgCl2, , , 
2149,2224.0,2169.0,aconitate hydratase,kegg:C00311 = kegg:C00158,CHB_16087 = CHB_30769,isocitrate(aq) = citrate(aq),Veloso D.; Guynn R.W.; Oskarsson M.; Veech R.L.; J. Biol. Chem.; 248 4811 (1973).,73VEL/GUY_1167,4718747.0, ,311.15,7.07,28.8, ,enzymatic assay and fluorimetry,phosphate,2.64 = -log[Mg+2] _ mol/L;IS=0.25;(Mg)1(Cl)2=0.0023;citrate=0.000491;isocitrate=0.000017;(K)1=0.125;(Na)1=0.025 _ MgCl2 (2.3 mol/L) _ ,4.2.1.3, ,2.3 MgCl2, , , 
2150,, ,aconitate hydratase, , ,isocitrate(aq) = citrate(aq),Veloso D.; Guynn R.W.; Oskarsson M.; Veech R.L.; J. Biol. Chem.; 248 4811 (1973).,73VEL/GUY_1167,4718747.0, ,311.15,7.07,28.8, ,enzymatic assay and fluorimetry,phosphate, ,4.2.1.3, ,2.3 MgCl2, , , 
2151,2222.0,2194.0,aconitate hydratase,kegg:C00311 = kegg:C00158,CHB_16087 = CHB_30769,isocitrate(aq) = citrate(aq),Veloso D.; Guynn R.W.; Oskarsson M.; Veech R.L.; J. Biol. Chem.; 248 4811 (1973).,73VEL/GUY_1167,4718747.0, ,311.15,7.07,37.2, ,enzymatic assay and fluorimetry,phosphate,2.44 = -log[Mg+2] _ mol/L;IS=0.25;(Mg)1(Cl)2=0.0036;citrate=0.000484;isocitrate=0.000013;(K)1=0.125;(Na)1=0.025 _ MgCl2 (3.6 mol/L) _ ,4.2.1.3, ,3.6 MgCl2, , , 
2152,2221.0,2193.0,aconitate hydratase,kegg:C00311 = kegg:C00158,CHB_16087 = CHB_30769,isocitrate(aq) = citrate(aq),Veloso D.; Guynn R.W.; Oskarsson M.; Veech R.L.; J. Biol. Chem.; 248 4811 (1973).,73VEL/GUY_1167,4718747.0, ,311.15,7.07,43.6, ,enzymatic assay and fluorimetry,phosphate,2.35 = -log[Mg+2] _ mol/L;IS=0.25;(Mg)1(Cl)2=0.0045;citrate=0.00048;isocitrate=0.000011;(K)1=0.125;(Na)1=0.025 _ MgCl2 (4.5 mol/L) _ ,4.2.1.3, ,4.5 MgCl2, , , 
2153,2219.0,2170.0,aconitate hydratase,kegg:C00311 = kegg:C00158,CHB_16087 = CHB_30769,isocitrate(aq) = citrate(aq),Veloso D.; Guynn R.W.; Oskarsson M.; Veech R.L.; J. Biol. Chem.; 248 4811 (1973).,73VEL/GUY_1167,4718747.0, ,311.15,7.07,47, ,enzymatic assay and fluorimetry,phosphate,2.16 = -log[Mg+2] _ mol/L;IS=0.25;(Mg)1(Cl)2=0.0069;citrate=0.00047;isocitrate=0.00001;(K)1=0.125;(Na)1=0.025 _ MgCl2 (6.9 mol/L) _ ,4.2.1.3, ,6.9 MgCl2, , , 
2154,2220.0,2187.0,aconitate hydratase,kegg:C00311 = kegg:C00158,CHB_16087 = CHB_30769,isocitrate(aq) = citrate(aq),Veloso D.; Guynn R.W.; Oskarsson M.; Veech R.L.; J. Biol. Chem.; 248 4811 (1973).,73VEL/GUY_1167,4718747.0, ,311.15,7.07,47.5, ,enzymatic assay and fluorimetry,phosphate,2.16 = -log[Mg+2] _ mol/L;IS=0.25;(Mg)1(Cl)2=0.0069;citrate=0.00019;isocitrate=0.000004;(K)1=0.125;(Na)1=0.025 _ MgCl2 (6.9 mol/L) _ ,4.2.1.3, ,6.9 MgCl2, , , 
2155,2216.0,2180.0,aconitate hydratase,kegg:C00311 = kegg:C00158,CHB_16087 = CHB_30769,isocitrate(aq) = citrate(aq),Veloso D.; Guynn R.W.; Oskarsson M.; Veech R.L.; J. Biol. Chem.; 248 4811 (1973).,73VEL/GUY_1167,4718747.0, ,311.15,7.07,46, ,enzymatic assay and fluorimetry,phosphate,2.07 = -log[Mg+2] _ mol/L;IS=0.25;(Mg)1(Cl)2=0.0085;citrate=0.00046;isocitrate=0.00001;(K)1=0.125;(Na)1=0.025 _ MgCl2 (8.5 mol/L) _ ,4.2.1.3, ,8.5 MgCl2, , , 
2156,2239.0,2181.0,aconitate hydratase,kegg:C00311 = kegg:C00158,CHB_16087 = CHB_30769,isocitrate(aq) = citrate(aq),Veloso D.; Guynn R.W.; Oskarsson M.; Veech R.L.; J. Biol. Chem.; 248 4811 (1973).,73VEL/GUY_1167,4718747.0, ,311.15,7.45,9.48, ,enzymatic assay and fluorimetry,phosphate,mol/L;IS=0.25;citrate=0.000436;isocitrate=0.000046;(K)1=0.125;(Na)1=0.025  ,4.2.1.3, ,0.0 MgCl2, , , 
2157,2234.0,2191.0,aconitate hydratase,kegg:C00311 = kegg:C00158,CHB_16087 = CHB_30769,isocitrate(aq) = citrate(aq),Veloso D.; Guynn R.W.; Oskarsson M.; Veech R.L.; J. Biol. Chem.; 248 4811 (1973).,73VEL/GUY_1167,4718747.0, ,311.15,7.45,9.95, ,enzymatic assay and fluorimetry,phosphate,4.33 = -log[Mg+2] _ mol/L;IS=0.25;(Mg)1(Cl)2=0.000047;citrate=0.000438;isocitrate=0.000044;(K)1=0.125;(Na)1=0.025 _ MgCl2 (0.047 mol/L) _ ,4.2.1.3, ,0.047 MgCl2, , , 
2158,2227.0,2177.0,aconitate hydratase,kegg:C00311 = kegg:C00158,CHB_16087 = CHB_30769,isocitrate(aq) = citrate(aq),Veloso D.; Guynn R.W.; Oskarsson M.; Veech R.L.; J. Biol. Chem.; 248 4811 (1973).,73VEL/GUY_1167,4718747.0, ,311.15,7.45,14.8, ,enzymatic assay and fluorimetry,phosphate,3.15 = -log[Mg+2] _ mol/L;IS=0.25;(Mg)1(Cl)2=0.0007;citrate=0.000444;isocitrate=0.00003;(K)1=0.125;(Na)1=0.025 _ MgCl2 (0.7 mol/L) _ ,4.2.1.3, ,0.7 MgCl2, , , 
2159,2223.0,2179.0,aconitate hydratase,kegg:C00311 = kegg:C00158,CHB_16087 = CHB_30769,isocitrate(aq) = citrate(aq),Veloso D.; Guynn R.W.; Oskarsson M.; Veech R.L.; J. Biol. Chem.; 248 4811 (1973).,73VEL/GUY_1167,4718747.0, ,311.15,7.45,27.6, ,enzymatic assay and fluorimetry,phosphate,2.64 = -log[Mg+2] _ mol/L;IS=0.25;(Mg)1(Cl)2=0.0023;citrate=0.000469;isocitrate=0.000017;(K)1=0.125;(Na)1=0.025 _ MgCl2 (2.3 mol/L) _ ,4.2.1.3, ,2.3 MgCl2, , , 
2160,2218.0,2192.0,aconitate hydratase,kegg:C00311 = kegg:C00158,CHB_16087 = CHB_30769,isocitrate(aq) = citrate(aq),Veloso D.; Guynn R.W.; Oskarsson M.; Veech R.L.; J. Biol. Chem.; 248 4811 (1973).,73VEL/GUY_1167,4718747.0, ,311.15,7.45,46.6, ,enzymatic assay and fluorimetry,phosphate,2.16 = -log[Mg+2] _ mol/L;IS=0.25;(Mg)1(Cl)2=0.0069;citrate=0.000466;isocitrate=0.00001;(K)1=0.125;(Na)1=0.025 _ MgCl2 (6.9 mol/L) _ ,4.2.1.3, ,6.9 MgCl2, , , 
2161,2243.0, ,myo-inositol 2-dehydrogenase, ,CHB_15846 + CHB_17268 = CHB_16908 + MAN_10075,myo-inositol(aq) + NAD(aq) = 2-oxo-myo-inositol(aq) + NADH(aq),Vidal-Leiria M.; van Uden N.; Biochim. Biophys. Acta; 293 295 (1973) .,73VID/UDE_78, , ,298.15,8.3,0.0011, ,spectrophotometry,tetrapotassium tetraphosphate (0.0167 mol dm-3),mol/L;(K)4(P2O7)1=0.0167  ,1.1.1.18, , , , , 
2162,2244.0, ,myo-inositol 2-dehydrogenase, ,CHB_15846 + CHB_17268 = CHB_16908 + MAN_10075,myo-inositol(aq) + NAD(aq) = 2-oxo-myo-inositol(aq) + NADH(aq),Vidal-Leiria M.; van Uden N.; Biochim. Biophys. Acta; 293 295 (1973) .,73VID/UDE_78, , ,298.15,8.5,0.0017, ,spectrophotometry,tetrapotassium tetraphosphate (0.0167 mol dm-3),mol/L;(K)4(P2O7)1=0.0167  ,1.1.1.18, , , , , 
2163,2245.0, ,myo-inositol 2-dehydrogenase, ,CHB_15846 + CHB_17268 = CHB_16908 + MAN_10075,myo-inositol(aq) + NAD(aq) = 2-oxo-myo-inositol(aq) + NADH(aq),Vidal-Leiria M.; van Uden N.; Biochim. Biophys. Acta; 293 295 (1973) .,73VID/UDE_78, , ,298.15,9.0,0.0053, ,spectrophotometry,tetrapotassium tetraphosphate (0.0167 mol dm-3),mol/L;(K)4(P2O7)1=0.0167  ,1.1.1.18, , , , , 
2164,2246.0, ,myo-inositol 2-dehydrogenase, ,CHB_15846 + CHB_17268 = CHB_16908 + MAN_10075,myo-inositol(aq) + NAD(aq) = 2-oxo-myo-inositol(aq) + NADH(aq),Vidal-Leiria M.; van Uden N.; Biochim. Biophys. Acta; 293 295 (1973) .,73VID/UDE_78, , ,298.15,9.5,0.017, ,spectrophotometry,tetrapotassium tetraphosphate (0.0167 mol dm-3),mol/L;(K)4(P2O7)1=0.0167  ,1.1.1.18, , , , , 
2165,2247.0, ,myo-inositol 2-dehydrogenase, ,CHB_15846 + CHB_17268 = CHB_16908 + MAN_10075,myo-inositol(aq) + NAD(aq) = 2-oxo-myo-inositol(aq) + NADH(aq),Vidal-Leiria M.; van Uden N.; Biochim. Biophys. Acta; 293 295 (1973) .,73VID/UDE_78, , ,298.15,9.8,0.033, ,spectrophotometry,tetrapotassium tetraphosphate (0.0167 mol dm-3),mol/L;(K)4(P2O7)1=0.0167  ,1.1.1.18, , , , , 
2166,,713.0,glucose-6-phosphate dehydrogenase,kegg:C00092 + kegg:C00006 = kegg:C01236 + kegg:C00005, ,"D-glucose 6-phosphate(aq) + NADP(aq) = D-glucono-1,5-lactone 6-phosphate(aq) + NADPH(aq)",Wurster B.; Hess B.; Hoppe-Seyler's Z. Physiol. Chem.; 354 407 (1973).,73WUR/HES_164,4279207.0,10.1515/bchm2.1973.354.1.407,298.15,7.6,20, ,spectrophotometry,imidazole (0.050 mol dm-3) + HCl, ,1.1.1.49, , , , , 
2167,2249.0,2455.0,_-phosphoglucomutase,kegg:C00103 = kegg:C00092,CHB_16077 = CHB_4170,Î²-D-glucose 1-phosphate(aq) = Î²-D-glucose 6-phosphate(aq),Belocopitow E.; Marechal L.R.; Eur. J. Biochem.; 46 631 (1974).,74BEL/MAR_1409,4212162.0,10.1111/j.1432-1033.1974.tb03659.x,310.15,7.0,28.6, ,spectrophotometry,Hepes (0.050 mol dm-3),mol/L;HEPES=0.05;(Mg)1=0.005;acetate=0.01;EDTA=0.001;D-glucose 1-phosphate=0.0008446;D-glucose 6-phosphate=0.024  ,5.4.2.6, , , , , 
2168,2250.0,833.0,uridine phosphorylase,kegg:C00299 + kegg:C00009 = kegg:C00106 + kegg:C00620,CHB_16704 + CHB_26078 = CHB_17568 + CHB_35425,uridine(aq) + orthophosphate(aq) = uracil(aq) + Î±-D-ribose 1-phosphate(aq),Bose R.; Yamada E.W.; Biochemistry; 13 2051 (1974).,74BOS/YAM_471,4826883.0,10.1021/bi00707a008,310.15,7.4,0.031, ,spectrophotometry,Tris or glycylglycine,mol/L;Tris-HCl=0.15  ,2.4.2.3, , , , , 
2169,2251.0,832.0,uridine phosphorylase,kegg:C00299 + kegg:C00009 = kegg:C00106 + kegg:C00620,CHB_16704 + CHB_26078 = CHB_17568 + CHB_35425,uridine(aq) + orthophosphate(aq) = uracil(aq) + Î±-D-ribose 1-phosphate(aq),Bose R.; Yamada E.W.; Biochemistry; 13 2051 (1974).,74BOS/YAM_471,4826883.0,10.1021/bi00707a008,310.15,8.2,0.078, ,spectrophotometry,Tris or glycylglycine,mol/L;Tris-HCl=0.15;glycylglycine buffer=0.05  ,2.4.2.3, , , , , 
2170,2268.0,1347.0,alcohol dehydrogenase,kegg:C00469 + kegg:C00003 = kegg:C00084 + kegg:C00004,CHB_15846 + CHB_16236 = CHB_15343 + CHB_16908,ethanol(aq) + NAD(aq) = acetaldehyde(aq) + NADH(aq),Burton K.; Biochem. J.; 143 365 (1974).,74BUR_15, , ,283.75,7.673,0.000119, ,spectrophotometry,phosphate (0.005 mol dm-3),mol/L;IS=0.013  ,1.1.1.1, , ,0.013, , 
2171,2267.0,1346.0,alcohol dehydrogenase,kegg:C00469 + kegg:C00003 = kegg:C00084 + kegg:C00004,CHB_15846 + CHB_16236 = CHB_15343 + CHB_16908,ethanol(aq) + NAD(aq) = acetaldehyde(aq) + NADH(aq),Burton K.; Biochem. J.; 143 365 (1974).,74BUR_15, , ,283.75,7.68,0.000128, ,spectrophotometry,phosphate (0.005 mol dm-3),mol/L;IS=0.013  ,1.1.1.1, , ,0.013, , 
2172,2266.0,1354.0,alcohol dehydrogenase,kegg:C00469 + kegg:C00003 = kegg:C00084 + kegg:C00004,CHB_15846 + CHB_16236 = CHB_15343 + CHB_16908,ethanol(aq) + NAD(aq) = acetaldehyde(aq) + NADH(aq),Burton K.; Biochem. J.; 143 365 (1974).,74BUR_15, , ,283.75,7.691,0.000144, ,spectrophotometry,phosphate (0.005 mol dm-3),mol/L;IS=0.013  ,1.1.1.1, , ,0.013, , 
2173,2270.0,1349.0,alcohol dehydrogenase,kegg:C00469 + kegg:C00003 = kegg:C00084 + kegg:C00004,CHB_15846 + CHB_16236 = CHB_15343 + CHB_16908,ethanol(aq) + NAD(aq) = acetaldehyde(aq) + NADH(aq),Burton K.; Biochem. J.; 143 365 (1974).,74BUR_15, , ,290.5,7.646,0.000174, ,spectrophotometry,phosphate (0.005 mol dm-3),mol/L;IS=0.013  ,1.1.1.1, , ,0.013, , 
2174,2269.0,1348.0,alcohol dehydrogenase,kegg:C00469 + kegg:C00003 = kegg:C00084 + kegg:C00004,CHB_15846 + CHB_16236 = CHB_15343 + CHB_16908,ethanol(aq) + NAD(aq) = acetaldehyde(aq) + NADH(aq),Burton K.; Biochem. J.; 143 365 (1974).,74BUR_15, , ,290.5,7.658,0.000187, ,spectrophotometry,phosphate (0.005 mol dm-3),mol/L;IS=0.013  ,1.1.1.1, , ,0.013, , 
2175,2271.0,1350.0,alcohol dehydrogenase,kegg:C00469 + kegg:C00003 = kegg:C00084 + kegg:C00004,CHB_15846 + CHB_16236 = CHB_15343 + CHB_16908,ethanol(aq) + NAD(aq) = acetaldehyde(aq) + NADH(aq),Burton K.; Biochem. J.; 143 365 (1974).,74BUR_15, , ,293.4,7.635,0.000213, ,spectrophotometry,phosphate (0.005 mol dm-3),mol/L;IS=0.013  ,1.1.1.1, , ,0.013, , 
2176,,1355.0,alcohol dehydrogenase,kegg:C00469 + kegg:C00003 = kegg:C00084 + kegg:C00004, ,ethanol(aq) + NAD(aq) = acetaldehyde(aq) + NADH(aq),Burton K.; Biochem. J.; 143 365 (1974).,74BUR_15, , ,307.75,7.571,0.000438, ,spectrophotometry,phosphate (0.005 mol dm-3), ,1.1.1.1, , , , , 
2177,2273.0,1356.0,alcohol dehydrogenase,kegg:C00469 + kegg:C00003 = kegg:C00084 + kegg:C00004,CHB_15846 + CHB_16236 = CHB_15343 + CHB_16908,ethanol(aq) + NAD(aq) = acetaldehyde(aq) + NADH(aq),Burton K.; Biochem. J.; 143 365 (1974).,74BUR_15, , ,307.75,7.584,0.000487, ,spectrophotometry,phosphate (0.005 mol dm-3),mol/L;IS=0.013  ,1.1.1.1, , ,0.013, , 
2178,2272.0,1351.0,alcohol dehydrogenase,kegg:C00469 + kegg:C00003 = kegg:C00084 + kegg:C00004,CHB_15846 + CHB_16236 = CHB_15343 + CHB_16908,ethanol(aq) + NAD(aq) = acetaldehyde(aq) + NADH(aq),Burton K.; Biochem. J.; 143 365 (1974).,74BUR_15, , ,307.75,7.605,0.000542, ,spectrophotometry,phosphate (0.005 mol dm-3),mol/L;IS=0.013  ,1.1.1.1, , ,0.013, , 
2179,2277.0,1357.0,alcohol dehydrogenase,kegg:C00469 + kegg:C00003 = kegg:C00084 + kegg:C00004,CHB_15846 + CHB_16236 = CHB_15343 + CHB_16908,ethanol(aq) + NAD(aq) = acetaldehyde(aq) + NADH(aq),Burton K.; Biochem. J.; 143 365 (1974).,74BUR_15, , ,315.95,7.528,0.000663, ,spectrophotometry,phosphate (0.005 mol dm-3),mol/L;IS=0.013  ,1.1.1.1, , ,0.013, , 
2180,2276.0,1353.0,alcohol dehydrogenase,kegg:C00469 + kegg:C00003 = kegg:C00084 + kegg:C00004,CHB_15846 + CHB_16236 = CHB_15343 + CHB_16908,ethanol(aq) + NAD(aq) = acetaldehyde(aq) + NADH(aq),Burton K.; Biochem. J.; 143 365 (1974).,74BUR_15, , ,315.95,7.545,0.00068, ,spectrophotometry,phosphate (0.005 mol dm-3),mol/L;IS=0.013  ,1.1.1.1, , ,0.013, , 
2181,2275,1352.0,alcohol dehydrogenase,kegg:C00469 + kegg:C00003 = kegg:C00084 + kegg:C00004,CHB_15846 + CHB_16236 = CHB_15343 + CHB_16908,ethanol(aq) + NAD(aq) = acetaldehyde(aq) + NADH(aq),Burton K.; Biochem. J.; 143 365 (1974).,74BUR_15, , ,315.95,7.568,0.000734, ,spectrophotometry,phosphate (0.005 mol dm-3),mol/L;IS=0.013 _ nan _ ,1.1.1.1, , ,0.013, , 
2182,2252.0,4295.0,alcohol dehydrogenase,kegg:C01845 + kegg:C00003 = kegg:C00207 + kegg:C00004,CHB_15846 + CHB_17824 = CHB_15347 + CHB_16908,2-propanol(aq) + NAD(aq) = acetone(aq) + NADH(aq),Burton K.; Biochem. J.; 143 365 (1974).,74BUR_31,4156827.0,10.1042/bj1430365,282.45,7.65,0.131, ,spectrophotometry,phosphate (0.005 mol dm-3),mol/L;IS=0.013  ,1.1.1.1, , ,0.013, , 
2183,2253.0,4296.0,alcohol dehydrogenase,kegg:C01845 + kegg:C00003 = kegg:C00207 + kegg:C00004,CHB_15846 + CHB_17824 = CHB_15347 + CHB_16908,2-propanol(aq) + NAD(aq) = acetone(aq) + NADH(aq),Burton K.; Biochem. J.; 143 365 (1974).,74BUR_31,4156827.0,10.1042/bj1430365,282.55,7.621,0.128, ,spectrophotometry,phosphate (0.005 mol dm-3),mol/L;IS=0.013  ,1.1.1.1, , ,0.013, , 
2184,2254.0,4297.0,alcohol dehydrogenase,kegg:C01845 + kegg:C00003 = kegg:C00207 + kegg:C00004,CHB_15846 + CHB_17824 = CHB_15347 + CHB_16908,2-propanol(aq) + NAD(aq) = acetone(aq) + NADH(aq),Burton K.; Biochem. J.; 143 365 (1974).,74BUR_31,4156827.0,10.1042/bj1430365,282.65,7.621,0.131, ,spectrophotometry,phosphate (0.005 mol dm-3),mol/L;IS=0.013  ,1.1.1.1, , ,0.013, , 
2185,2255.0,4298.0,alcohol dehydrogenase,kegg:C01845 + kegg:C00003 = kegg:C00207 + kegg:C00004,CHB_15846 + CHB_17824 = CHB_15347 + CHB_16908,2-propanol(aq) + NAD(aq) = acetone(aq) + NADH(aq),Burton K.; Biochem. J.; 143 365 (1974).,74BUR_31,4156827.0,10.1042/bj1430365,285.55,7.653,0.157, ,spectrophotometry,phosphate (0.005 mol dm-3),mol/L;IS=0.013  ,1.1.1.1, , ,0.013, , 
2186,2256.0,4299.0,alcohol dehydrogenase,kegg:C01845 + kegg:C00003 = kegg:C00207 + kegg:C00004,CHB_15846 + CHB_17824 = CHB_15347 + CHB_16908,2-propanol(aq) + NAD(aq) = acetone(aq) + NADH(aq),Burton K.; Biochem. J.; 143 365 (1974).,74BUR_31,4156827.0,10.1042/bj1430365,285.65,7.653,0.162, ,spectrophotometry,phosphate (0.005 mol dm-3),mol/L;IS=0.013  ,1.1.1.1, , ,0.013, , 
2187,2257.0,4308.0,alcohol dehydrogenase,kegg:C01845 + kegg:C00003 = kegg:C00207 + kegg:C00004,CHB_15846 + CHB_17824 = CHB_15347 + CHB_16908,2-propanol(aq) + NAD(aq) = acetone(aq) + NADH(aq),Burton K.; Biochem. J.; 143 365 (1974).,74BUR_31,4156827.0,10.1042/bj1430365,285.85,7.653,0.158, ,spectrophotometry,phosphate (0.005 mol dm-3),mol/L;IS=0.013  ,1.1.1.1, , ,0.013, , 
2188,2258.0,4300.0,alcohol dehydrogenase,kegg:C01845 + kegg:C00003 = kegg:C00207 + kegg:C00004,CHB_15846 + CHB_17824 = CHB_15347 + CHB_16908,2-propanol(aq) + NAD(aq) = acetone(aq) + NADH(aq),Burton K.; Biochem. J.; 143 365 (1974).,74BUR_31,4156827.0,10.1042/bj1430365,286.1,7.663,0.171, ,spectrophotometry,phosphate (0.005 mol dm-3),mol/L;IS=0.013  ,1.1.1.1, , ,0.013, , 
2189,2259.0,4305.0,alcohol dehydrogenase,kegg:C01845 + kegg:C00003 = kegg:C00207 + kegg:C00004,CHB_15846 + CHB_17824 = CHB_15347 + CHB_16908,2-propanol(aq) + NAD(aq) = acetone(aq) + NADH(aq),Burton K.; Biochem. J.; 143 365 (1974).,74BUR_31,4156827.0,10.1042/bj1430365,298.75,7.581,0.318, ,spectrophotometry,phosphate (0.005 mol dm-3),mol/L;IS=0.013  ,1.1.1.1, , ,0.013, , 
2190,2260.0,4301.0,alcohol dehydrogenase,kegg:C01845 + kegg:C00003 = kegg:C00207 + kegg:C00004,CHB_15846 + CHB_17824 = CHB_15347 + CHB_16908,2-propanol(aq) + NAD(aq) = acetone(aq) + NADH(aq),Burton K.; Biochem. J.; 143 365 (1974).,74BUR_31,4156827.0,10.1042/bj1430365,309.95,7.548,0.498, ,spectrophotometry,phosphate (0.005 mol dm-3),mol/L;IS=0.013  ,1.1.1.1, , ,0.013, , 
2191,2261,4307.0,alcohol dehydrogenase,kegg:C01845 + kegg:C00003 = kegg:C00207 + kegg:C00004,CHB_15846 + CHB_17824 = CHB_15347 + CHB_16908,2-propanol(aq) + NAD(aq) = acetone(aq) + NADH(aq),Burton K.; Biochem. J.; 143 365 (1974).,74BUR_31,4156827.0,10.1042/bj1430365,310.15,7.552,0.549, ,spectrophotometry,phosphate (0.005 mol dm-3),mol/L;IS=0.013 _ nan _ ,1.1.1.1, , ,0.013, , 
2192,2262.0,4302.0,alcohol dehydrogenase,kegg:C01845 + kegg:C00003 = kegg:C00207 + kegg:C00004,CHB_15846 + CHB_17824 = CHB_15347 + CHB_16908,2-propanol(aq) + NAD(aq) = acetone(aq) + NADH(aq),Burton K.; Biochem. J.; 143 365 (1974).,74BUR_31,4156827.0,10.1042/bj1430365,310.35,7.547,0.516, ,spectrophotometry,phosphate (0.005 mol dm-3),mol/L;IS=0.013  ,1.1.1.1, , ,0.013, , 
2193,2263,4306.0,alcohol dehydrogenase,kegg:C01845 + kegg:C00003 = kegg:C00207 + kegg:C00004,CHB_15846 + CHB_17824 = CHB_15347 + CHB_16908,2-propanol(aq) + NAD(aq) = acetone(aq) + NADH(aq),Burton K.; Biochem. J.; 143 365 (1974).,74BUR_31,4156827.0,10.1042/bj1430365,311.35,7.546,0.556, ,spectrophotometry,phosphate (0.005 mol dm-3),mol/L;IS=0.013 _ nan _ ,1.1.1.1, , ,0.013, , 
2194,2264.0,4303.0,alcohol dehydrogenase,kegg:C01845 + kegg:C00003 = kegg:C00207 + kegg:C00004,CHB_15846 + CHB_17824 = CHB_15347 + CHB_16908,2-propanol(aq) + NAD(aq) = acetone(aq) + NADH(aq),Burton K.; Biochem. J.; 143 365 (1974).,74BUR_31,4156827.0,10.1042/bj1430365,313.75,7.516,0.591, ,spectrophotometry,phosphate (0.005 mol dm-3),mol/L;IS=0.013  ,1.1.1.1, , ,0.013, , 
2195,2265.0,4304.0,alcohol dehydrogenase,kegg:C01845 + kegg:C00003 = kegg:C00207 + kegg:C00004,CHB_15846 + CHB_17824 = CHB_15347 + CHB_16908,2-propanol(aq) + NAD(aq) = acetone(aq) + NADH(aq),Burton K.; Biochem. J.; 143 365 (1974).,74BUR_31,4156827.0,10.1042/bj1430365,314.85,7.565,0.713, ,spectrophotometry,phosphate (0.005 mol dm-3),mol/L;IS=0.013  ,1.1.1.1, , ,0.013, , 
2196,,4073.0,"3',5'-cyclic-nucleotide phosphodiesterase",kegg:C00575 + kegg:C00001 = kegg:C00020, ,adenosine 3':5'-(cyclic)phosphate(aq) + H2O(l) = AMP(aq),Cheung W.Y.; Patrick S.M.; Pennington S.N.; Int. J. Biochem.; 5 311 (1974).,74CHE/PAT_837, , ,298.15,7.8, , ,calorimetry,phosphate (0.040 mol dm-3), ,3.1.4.17, , , , ,-61.1
2197,2301.0,135.0,nucleoside deoxyribosyltransferase,kegg:C05512 + kegg:C00147 = kegg:C00559 + kegg:C00262,CHB_16708 + CHB_28997 = CHB_17256 + CHB_17368,2'-deoxyinosine(aq) + adenine(aq) = 2'-deoxyadenosine(aq) + hypoxanthine(aq),Danzin C.; Cardinaud R.C.; Eur. J. Biochem.; 48 255 (1974).,74DAN/CAR_473,4548670.0,10.1111/j.1432-1033.1974.tb03763.x,313.15,6.0,1.4, ,spectrophotometry,phosphate (0.1 mol dm-3),mol/L;phosphate buffer=0.1  ,2.4.2.6, , , , , 
2198,2303.0,53.0,D-arabino-3-hexulose phosphate formaldehyde lyase,kegg:C06019 = kegg:C00199 + kegg:C00067,CHB_27973 = CHB_16842 + CHB_17363,D-arabino-3-hexulose 6-phosphate(aq) = D-ribulose 5-phosphate(aq) + formaldehyde(aq),Ferenci T.; Strfm T.; Quayle J.R.; Biochem. J.; 144 477 (1974).,74FER/STR_1112, , ,303.15,7.0,4.00E-05, ,enzymatic assay and spectrophotometry,phosphate (0.05 mol dm-3),mol/L;phosphate buffer=0.05;(Mg)1(Cl)2=0.005  ,4.1.2.-, , , , , 
2199,2302.0,3205.0,phospho-3-hexuloisomerase,kegg:C06019 = kegg:C00085,CHB_27973 = CHB_61553,D-arabino-3-hexulose 6-phosphate(aq) = D-fructose 6-phosphate(aq),Ferenci T.; Strfm T.; Quayle J.R.; Biochem. J.; 144 477 (1974).,74FER/STR_1380,4219834.0,10.1042/bj1440477,303.15,7.0,188, ,enzymatic assay and spectrophotometry,phosphate (0.050 mol dm-3),mol/L;phosphate buffer=0.05;(Mg)1(Cl)2=0.005  ,5.3.1.-, , , , , 
2200,2332.0,3480.0,xylose isomerase,kegg:C00031 = kegg:C00095,CHB_4167 = CHB_37721,D-glucose(aq) = D-fructose(aq),Fratzke A.R.; Lee Y.Y.; Tsao G.T.; Ges Verfahrenstechnik und Chem./AICLE Jt. Meeting; Vol. 4; Munich Germany (1974).,74FRA/LEE_1306, , ,323.15,7.0,1.03, , ,_-glycerophosphate (0.05 mol dm-3),mol/L;glycerophosphate=0.05  ,5.3.1.5, , , , , 
2201,2333.0,3801.0,UDPglucuronate 4-epimerase,kegg:C00167 = kegg:C00617,CHB_17200 = CHB_16085,UDP-D-glucuronate(aq) = UDP-D-galacturonate(aq),Gaunt M.A.; Maitra E.S.; Ankel H.; J. Biol. Chem.; 249 2366 (1974).,74GAU/MAI_1271,4150793.0, ,298.15,7.5,2.6, ,radioactivity,Tris (0.1 mol dm-3) + HCl,mol/L;Tris-HCl=0.1  ,5.1.3.6, , , , , 
2202,2334.0,4234.0,phosphoglucomutase,kegg:C00103 = kegg:C00092,CHB_16077 = CHB_4170,Î±-D-glucose 1-phosphate(aq) = Î±-D-glucose 6-phosphate(aq),Guynn R.W.; Veloso D.; Lawson J.W.R.; Veech R.L.; Biochem. J.; 140 369 (1974).,74GUY/VEL_1404, , ,311.15,7.04,17.4, ,enzymatic assay and spectrophotometry,Tris + HCl,3.1 = -log[Mg+2] _ mol/L;IS=0.25;(Mg)1=0.0008 _ Mg2+ (0.0008 mol/L) _ ,5.4.2.2, ,0.0008 Mg2+,0.25, , 
2203,2335.0,3557.0,UTP-glucose-1-phosphate uridylyltransferase,kegg:C00075 + kegg:C00103 = kegg:C00013 + kegg:C00029,CHB_15713 + CHB_16077 = CHB_18066 + CHB_18361,UTP(aq) + Î±-D-glucose 1-phosphate(aq) = pyrophosphate(aq) + UDPglucose(aq),Guynn R.W.; Veloso D.; Lawson J.W.R.; Veech R.L.; Biochem. J.; 140 369 (1974).,74GUY/VEL_692,4374936.0,10.1042/bj1400369,311.15,7.07,0.22, ,enzymatic assay and spectrophotometry,Tris + HCl,3.0 = -log[Mg+2] _ mol/L;IS=0.25;(Mg)1=0.001 _ Mg2+ (0.001 mol/L) _ ,2.7.7.9, ,0.001 Mg2+,0.25, , 
2204,2356.0,947.0,acetate-CoA ligase,kegg:C00002 + kegg:C00033 + kegg:C00010 = kegg:C00020 + kegg:C00013 + kegg:C00024,CHB_15346 + CHB_15422 + CHB_30089 = CHB_15351 + CHB_16027 + CHB_18361,ATP(aq) + acetate(aq) + CoA(aq) = AMP(aq) + diphosphate(aq) + acetyl-CoA(aq),Guynn R.W.; Webster L.T. Jr.; Veech R.L.; J. Biol. Chem.; 249 3248 (1974).,74GUY/WEB_1434,4275341.0, ,298.15,6.99,13.7, ,spectrophotometry and enzymatic assay, ,3.11 = -log[Mg+2] _ mol/L;IS=0.25;(Mg)1=0.00077 _ Mg2+ (0.00077 mol/L) _ ,6.2.1.1, ,0.00077 Mg2+,0.25, , 
2205,2353.0,969.0,acetate-CoA ligase,kegg:C00002 + kegg:C00033 + kegg:C00010 = kegg:C00020 + kegg:C00013 + kegg:C00024,CHB_15346 + CHB_15422 + CHB_30089 = CHB_15351 + CHB_16027 + CHB_18361,ATP(aq) + acetate(aq) + CoA(aq) = AMP(aq) + diphosphate(aq) + acetyl-CoA(aq),Guynn R.W.; Webster L.T. Jr.; Veech R.L.; J. Biol. Chem.; 249 3248 (1974).,74GUY/WEB_1434,4275341.0, ,298.15,7.0,10.7, ,spectrophotometry and enzymatic assay, ,3.11 = -log[Mg+2] _ mol/L;IS=0.25;(Mg)1=0.00077 _ Mg2+ (0.00077 mol/L) _ ,6.2.1.1, ,0.00077 Mg2+,0.25, , 
2206,2354.0,975.0,acetate-CoA ligase,kegg:C00002 + kegg:C00033 + kegg:C00010 = kegg:C00020 + kegg:C00013 + kegg:C00024,CHB_15346 + CHB_15422 + CHB_30089 = CHB_15351 + CHB_16027 + CHB_18361,ATP(aq) + acetate(aq) + CoA(aq) = AMP(aq) + diphosphate(aq) + acetyl-CoA(aq),Guynn R.W.; Webster L.T. Jr.; Veech R.L.; J. Biol. Chem.; 249 3248 (1974).,74GUY/WEB_1434,4275341.0, ,298.15,7.0,11.1, ,spectrophotometry and enzymatic assay, ,3.11 = -log[Mg+2] _ mol/L;IS=0.25;(Mg)1=0.00077 _ Mg2+ (0.00077 mol/L) _ ,6.2.1.1, ,0.00077 Mg2+,0.25, , 
2207,2355.0,946.0,acetate-CoA ligase,kegg:C00002 + kegg:C00033 + kegg:C00010 = kegg:C00020 + kegg:C00013 + kegg:C00024,CHB_15346 + CHB_15422 + CHB_30089 = CHB_15351 + CHB_16027 + CHB_18361,ATP(aq) + acetate(aq) + CoA(aq) = AMP(aq) + diphosphate(aq) + acetyl-CoA(aq),Guynn R.W.; Webster L.T. Jr.; Veech R.L.; J. Biol. Chem.; 249 3248 (1974).,74GUY/WEB_1434,4275341.0, ,298.15,7.0,11.4, ,spectrophotometry and enzymatic assay, ,3.11 = -log[Mg+2] _ mol/L;IS=0.25;(Mg)1=0.00077 _ Mg2+ (0.00077 mol/L) _ ,6.2.1.1, ,0.00077 Mg2+,0.25, , 
2208,2360.0,945.0,acetate-CoA ligase,kegg:C00002 + kegg:C00033 + kegg:C00010 = kegg:C00020 + kegg:C00013 + kegg:C00024,CHB_15346 + CHB_15422 + CHB_30089 = CHB_15351 + CHB_16027 + CHB_18361,ATP(aq) + acetate(aq) + CoA(aq) = AMP(aq) + diphosphate(aq) + acetyl-CoA(aq),Guynn R.W.; Webster L.T. Jr.; Veech R.L.; J. Biol. Chem.; 249 3248 (1974).,74GUY/WEB_1434,4275341.0, ,298.15,7.0,11.6, ,spectrophotometry and enzymatic assay, ,3.02 = -log[Mg+2] _ mol/L;IS=0.25;(Mg)1=0.00095 _ Mg2+ (0.00095 mol/L) _ ,6.2.1.1, ,0.00095 Mg2+,0.25, , 
2209,2346.0,948.0,acetate-CoA ligase,kegg:C00002 + kegg:C00033 + kegg:C00010 = kegg:C00020 + kegg:C00013 + kegg:C00024,CHB_15346 + CHB_15422 + CHB_30089 = CHB_15351 + CHB_16027 + CHB_18361,ATP(aq) + acetate(aq) + CoA(aq) = AMP(aq) + diphosphate(aq) + acetyl-CoA(aq),Guynn R.W.; Webster L.T. Jr.; Veech R.L.; J. Biol. Chem.; 249 3248 (1974).,74GUY/WEB_1434,4275341.0, ,298.15,7.07,9.81, ,spectrophotometry and enzymatic assay, ,3.14 = -log[Mg+2] _ mol/L;IS=0.25;(Mg)1=0.00073 _ Mg2+ (0.00073 mol/L) _ ,6.2.1.1, ,0.00073 Mg2+,0.25, , 
2210,2369.0,961.0,acetate-CoA ligase,kegg:C00002 + kegg:C00033 + kegg:C00010 = kegg:C00020 + kegg:C00013 + kegg:C00024,CHB_15346 + CHB_15422 + CHB_30089 = CHB_15351 + CHB_16027 + CHB_18361,ATP(aq) + acetate(aq) + CoA(aq) = AMP(aq) + diphosphate(aq) + acetyl-CoA(aq),Guynn R.W.; Webster L.T. Jr.; Veech R.L.; J. Biol. Chem.; 249 3248 (1974).,74GUY/WEB_1434,4275341.0, ,311.15,6.89,15.2, ,spectrophotometry and enzymatic assay, ,2.2 = -log[Mg+2] _ mol/L;IS=0.25;(Mg)1=0.00063 _ Mg2+ (0.0063 mol/L) _ ,6.2.1.1, ,0.0063 Mg2+,0.25, , 
2211,2370.0,960.0,acetate-CoA ligase,kegg:C00002 + kegg:C00033 + kegg:C00010 = kegg:C00020 + kegg:C00013 + kegg:C00024,CHB_15346 + CHB_15422 + CHB_30089 = CHB_15351 + CHB_16027 + CHB_18361,ATP(aq) + acetate(aq) + CoA(aq) = AMP(aq) + diphosphate(aq) + acetyl-CoA(aq),Guynn R.W.; Webster L.T. Jr.; Veech R.L.; J. Biol. Chem.; 249 3248 (1974).,74GUY/WEB_1434,4275341.0, ,311.15,6.89,15.5, ,spectrophotometry and enzymatic assay, ,2.2 = -log[Mg+2] _ mol/L;IS=0.25;(Mg)1=0.00063 _ Mg2+ (0.0063 mol/L) _ ,6.2.1.1, ,0.0063 Mg2+,0.25, , 
2212,2361.0,974.0,acetate-CoA ligase,kegg:C00002 + kegg:C00033 + kegg:C00010 = kegg:C00020 + kegg:C00013 + kegg:C00024,CHB_15346 + CHB_15422 + CHB_30089 = CHB_15351 + CHB_16027 + CHB_18361,ATP(aq) + acetate(aq) + CoA(aq) = AMP(aq) + diphosphate(aq) + acetyl-CoA(aq),Guynn R.W.; Webster L.T. Jr.; Veech R.L.; J. Biol. Chem.; 249 3248 (1974).,74GUY/WEB_1434,4275341.0, ,311.15,6.97,11.5, ,spectrophotometry and enzymatic assay, ,2.6 = -log[Mg+2] _ mol/L;IS=0.25;(Mg)1=0.0025 _ Mg2+ (0.0025 mol/L) _ ,6.2.1.1, ,0.0025 Mg2+,0.25, , 
2213,2347.0,944.0,acetate-CoA ligase,kegg:C00002 + kegg:C00033 + kegg:C00010 = kegg:C00020 + kegg:C00013 + kegg:C00024,CHB_15346 + CHB_15422 + CHB_30089 = CHB_15351 + CHB_16027 + CHB_18361,ATP(aq) + acetate(aq) + CoA(aq) = AMP(aq) + diphosphate(aq) + acetyl-CoA(aq),Guynn R.W.; Webster L.T. Jr.; Veech R.L.; J. Biol. Chem.; 249 3248 (1974).,74GUY/WEB_1434,4275341.0, ,311.15,7.0,8.29, ,spectrophotometry and enzymatic assay, ,3.1 = -log[Mg+2] _ mol/L;IS=0.25;(Mg)1=0.00074 _ Mg2+ (0.00074 mol/L) _ ,6.2.1.1, ,0.0008 Mg2+,0.25, , 
2214,2358.0,978.0,acetate-CoA ligase,kegg:C00002 + kegg:C00033 + kegg:C00010 = kegg:C00020 + kegg:C00013 + kegg:C00024,CHB_15346 + CHB_15422 + CHB_30089 = CHB_15351 + CHB_16027 + CHB_18361,ATP(aq) + acetate(aq) + CoA(aq) = AMP(aq) + diphosphate(aq) + acetyl-CoA(aq),Guynn R.W.; Webster L.T. Jr.; Veech R.L.; J. Biol. Chem.; 249 3248 (1974).,74GUY/WEB_1434,4275341.0, ,311.15,7.0,8.46, ,spectrophotometry and enzymatic assay, ,3.09 = -log[Mg+2] _ mol/L;IS=0.25;(Mg)1=0.00082 _ Mg2+ (0.00082 mol/L) _ ,6.2.1.1, ,0.00082 Mg2+,0.25, , 
2215,2359.0,968.0,acetate-CoA ligase,kegg:C00002 + kegg:C00033 + kegg:C00010 = kegg:C00020 + kegg:C00013 + kegg:C00024,CHB_15346 + CHB_15422 + CHB_30089 = CHB_15351 + CHB_16027 + CHB_18361,ATP(aq) + acetate(aq) + CoA(aq) = AMP(aq) + diphosphate(aq) + acetyl-CoA(aq),Guynn R.W.; Webster L.T. Jr.; Veech R.L.; J. Biol. Chem.; 249 3248 (1974).,74GUY/WEB_1434,4275341.0, ,311.15,7.0,8.45, ,spectrophotometry and enzymatic assay, ,3.08 = -log[Mg+2] _ mol/L;IS=0.25;(Mg)1=0.00083 _ Mg2+ (0.00083 mol/L) _ ,6.2.1.1, ,0.00083 Mg2+,0.25, , 
2216,2341.0,950.0,acetate-CoA ligase,kegg:C00002 + kegg:C00033 + kegg:C00010 = kegg:C00020 + kegg:C00013 + kegg:C00024,CHB_15346 + CHB_15422 + CHB_30089 = CHB_15351 + CHB_16027 + CHB_18361,ATP(aq) + acetate(aq) + CoA(aq) = AMP(aq) + diphosphate(aq) + acetyl-CoA(aq),Guynn R.W.; Webster L.T. Jr.; Veech R.L.; J. Biol. Chem.; 249 3248 (1974).,74GUY/WEB_1434,4275341.0, ,311.15,7.03,8.15, ,spectrophotometry and enzymatic assay, ,3.19 = -log[Mg+2] _ mol/L;IS=0.25;(Mg)1=0.00064 _ Mg2+ (0.00064 mol/L) _ ,6.2.1.1, ,0.00064 Mg2+,0.25, , 
2217,2342.0,949.0,acetate-CoA ligase,kegg:C00002 + kegg:C00033 + kegg:C00010 = kegg:C00020 + kegg:C00013 + kegg:C00024,CHB_15346 + CHB_15422 + CHB_30089 = CHB_15351 + CHB_16027 + CHB_18361,ATP(aq) + acetate(aq) + CoA(aq) = AMP(aq) + diphosphate(aq) + acetyl-CoA(aq),Guynn R.W.; Webster L.T. Jr.; Veech R.L.; J. Biol. Chem.; 249 3248 (1974).,74GUY/WEB_1434,4275341.0, ,311.15,7.03,8.66, ,spectrophotometry and enzymatic assay, ,3.19 = -log[Mg+2] _ mol/L;IS=0.25;(Mg)1=0.00064 _ Mg2+ (0.00064 mol/L) _ ,6.2.1.1, ,0.00064 Mg2+,0.25, , 
2218,2343.0,970.0,acetate-CoA ligase,kegg:C00002 + kegg:C00033 + kegg:C00010 = kegg:C00020 + kegg:C00013 + kegg:C00024,CHB_15346 + CHB_15422 + CHB_30089 = CHB_15351 + CHB_16027 + CHB_18361,ATP(aq) + acetate(aq) + CoA(aq) = AMP(aq) + diphosphate(aq) + acetyl-CoA(aq),Guynn R.W.; Webster L.T. Jr.; Veech R.L.; J. Biol. Chem.; 249 3248 (1974).,74GUY/WEB_1434,4275341.0, ,311.15,7.03,9.54, ,spectrophotometry and enzymatic assay, ,3.19 = -log[Mg+2] _ mol/L;IS=0.25;(Mg)1=0.00064 _ Mg2+ (0.00064 mol/L) _ ,6.2.1.1, ,0.00064 Mg2+,0.25, , 
2219,2344.0,952.0,acetate-CoA ligase,kegg:C00002 + kegg:C00033 + kegg:C00010 = kegg:C00020 + kegg:C00013 + kegg:C00024,CHB_15346 + CHB_15422 + CHB_30089 = CHB_15351 + CHB_16027 + CHB_18361,ATP(aq) + acetate(aq) + CoA(aq) = AMP(aq) + diphosphate(aq) + acetyl-CoA(aq),Guynn R.W.; Webster L.T. Jr.; Veech R.L.; J. Biol. Chem.; 249 3248 (1974).,74GUY/WEB_1434,4275341.0, ,311.15,7.03,9.82, ,spectrophotometry and enzymatic assay, ,3.19 = -log[Mg+2] _ mol/L;IS=0.25;(Mg)1=0.00064 _ Mg2+ (0.00064 mol/L) _ ,6.2.1.1, ,0.00064 Mg2+,0.25, , 
2220,2345.0,951.0,acetate-CoA ligase,kegg:C00002 + kegg:C00033 + kegg:C00010 = kegg:C00020 + kegg:C00013 + kegg:C00024,CHB_15346 + CHB_15422 + CHB_30089 = CHB_15351 + CHB_16027 + CHB_18361,ATP(aq) + acetate(aq) + CoA(aq) = AMP(aq) + diphosphate(aq) + acetyl-CoA(aq),Guynn R.W.; Webster L.T. Jr.; Veech R.L.; J. Biol. Chem.; 249 3248 (1974).,74GUY/WEB_1434,4275341.0, ,311.15,7.03,9.85, ,spectrophotometry and enzymatic assay, ,3.19 = -log[Mg+2] _ mol/L;IS=0.25;(Mg)1=0.00064 _ Mg2+ (0.00064 mol/L) _ ,6.2.1.1, ,0.00064 Mg2+,0.25, , 
2221,2357.0,973.0,acetate-CoA ligase,kegg:C00002 + kegg:C00033 + kegg:C00010 = kegg:C00020 + kegg:C00013 + kegg:C00024,CHB_15346 + CHB_15422 + CHB_30089 = CHB_15351 + CHB_16027 + CHB_18361,ATP(aq) + acetate(aq) + CoA(aq) = AMP(aq) + diphosphate(aq) + acetyl-CoA(aq),Guynn R.W.; Webster L.T. Jr.; Veech R.L.; J. Biol. Chem.; 249 3248 (1974).,74GUY/WEB_1434,4275341.0, ,311.15,7.03,8.34, ,spectrophotometry and enzymatic assay, ,3.13 = -log[Mg+2] _ mol/L;IS=0.25;(Mg)1=0.0008 _ Mg2+ (0.0008 mol/L) _ ,6.2.1.1, ,0.00074 Mg2+,0.25, , 
2222,2348.0,954.0,acetate-CoA ligase,kegg:C00002 + kegg:C00033 + kegg:C00010 = kegg:C00020 + kegg:C00013 + kegg:C00024,CHB_15346 + CHB_15422 + CHB_30089 = CHB_15351 + CHB_16027 + CHB_18361,ATP(aq) + acetate(aq) + CoA(aq) = AMP(aq) + diphosphate(aq) + acetyl-CoA(aq),Guynn R.W.; Webster L.T. Jr.; Veech R.L.; J. Biol. Chem.; 249 3248 (1974).,74GUY/WEB_1434,4275341.0, ,311.15,7.03,8.68, ,spectrophotometry and enzymatic assay, ,3.13 = -log[Mg+2] _ mol/L;IS=0.25;(Mg)1=0.00074 _ Mg2+ (0.00074 mol/L) _ ,6.2.1.1, ,0.00074 Mg2+,0.25, , 
2223,2349.0,953.0,acetate-CoA ligase,kegg:C00002 + kegg:C00033 + kegg:C00010 = kegg:C00020 + kegg:C00013 + kegg:C00024,CHB_15346 + CHB_15422 + CHB_30089 = CHB_15351 + CHB_16027 + CHB_18361,ATP(aq) + acetate(aq) + CoA(aq) = AMP(aq) + diphosphate(aq) + acetyl-CoA(aq),Guynn R.W.; Webster L.T. Jr.; Veech R.L.; J. Biol. Chem.; 249 3248 (1974).,74GUY/WEB_1434,4275341.0, ,311.15,7.03,8.7, ,spectrophotometry and enzymatic assay, ,3.13 = -log[Mg+2] _ mol/L;IS=0.25;(Mg)1=0.00074 _ Mg2+ (0.00074 mol/L) _ ,6.2.1.1, ,0.00074 Mg2+,0.25, , 
2224,2340.0,976.0,acetate-CoA ligase,kegg:C00002 + kegg:C00033 + kegg:C00010 = kegg:C00020 + kegg:C00013 + kegg:C00024,CHB_15346 + CHB_15422 + CHB_30089 = CHB_15351 + CHB_16027 + CHB_18361,ATP(aq) + acetate(aq) + CoA(aq) = AMP(aq) + diphosphate(aq) + acetyl-CoA(aq),Guynn R.W.; Webster L.T. Jr.; Veech R.L.; J. Biol. Chem.; 249 3248 (1974).,74GUY/WEB_1434,4275341.0, ,311.15,7.03,9.68, ,spectrophotometry and enzymatic assay, ,3.13 = -log[Mg+2] _ mol/L;IS=0.25;(Mg)1=0.00026 _ Mg2+ (0.00026 mol/L) _ ,6.2.1.1, ,0.00074 Mg2+,0.25, , 
2225,2350.0,966.0,acetate-CoA ligase,kegg:C00002 + kegg:C00033 + kegg:C00010 = kegg:C00020 + kegg:C00013 + kegg:C00024,CHB_15346 + CHB_15422 + CHB_30089 = CHB_15351 + CHB_16027 + CHB_18361,ATP(aq) + acetate(aq) + CoA(aq) = AMP(aq) + diphosphate(aq) + acetyl-CoA(aq),Guynn R.W.; Webster L.T. Jr.; Veech R.L.; J. Biol. Chem.; 249 3248 (1974).,74GUY/WEB_1434,4275341.0, ,311.15,7.03,9.74, ,spectrophotometry and enzymatic assay, ,3.13 = -log[Mg+2] _ mol/L;IS=0.25;(Mg)1=0.00074 _ Mg2+ (0.00074 mol/L) _ ,6.2.1.1, ,0.00074 Mg2+,0.25, , 
2226,2352.0,955.0,acetate-CoA ligase,kegg:C00002 + kegg:C00033 + kegg:C00010 = kegg:C00020 + kegg:C00013 + kegg:C00024,CHB_15346 + CHB_15422 + CHB_30089 = CHB_15351 + CHB_16027 + CHB_18361,ATP(aq) + acetate(aq) + CoA(aq) = AMP(aq) + diphosphate(aq) + acetyl-CoA(aq),Guynn R.W.; Webster L.T. Jr.; Veech R.L.; J. Biol. Chem.; 249 3248 (1974).,74GUY/WEB_1434,4275341.0, ,311.15,7.03,9.88, ,spectrophotometry and enzymatic assay, ,3.12 = -log[Mg+2] _ mol/L;IS=0.25;(Mg)1=0.00075 _ Mg2+ (0.00075 mol/L) _ ,6.2.1.1, ,0.00075 Mg2+,0.25, , 
2227,2351.0,971.0,acetate-CoA ligase,kegg:C00002 + kegg:C00033 + kegg:C00010 = kegg:C00020 + kegg:C00013 + kegg:C00024,CHB_15346 + CHB_15422 + CHB_30089 = CHB_15351 + CHB_16027 + CHB_18361,ATP(aq) + acetate(aq) + CoA(aq) = AMP(aq) + diphosphate(aq) + acetyl-CoA(aq),Guynn R.W.; Webster L.T. Jr.; Veech R.L.; J. Biol. Chem.; 249 3248 (1974).,74GUY/WEB_1434,4275341.0, ,311.15,7.04,9.66, ,spectrophotometry and enzymatic assay, ,3.59 = -log[Mg+2] _ mol/L;IS=0.25;(Mg)1=0.00074 _ Mg2+ (0.00074 mol/L) _ ,6.2.1.1, ,0.00026 Mg2+,0.25, , 
2228,2338.0,958.0,acetate-CoA ligase,kegg:C00002 + kegg:C00033 + kegg:C00010 = kegg:C00020 + kegg:C00013 + kegg:C00024,CHB_15346 + CHB_15422 + CHB_30089 = CHB_15351 + CHB_16027 + CHB_18361,ATP(aq) + acetate(aq) + CoA(aq) = AMP(aq) + diphosphate(aq) + acetyl-CoA(aq),Guynn R.W.; Webster L.T. Jr.; Veech R.L.; J. Biol. Chem.; 249 3248 (1974).,74GUY/WEB_1434,4275341.0, ,311.15,7.05,8.99, ,spectrophotometry and enzymatic assay, ,4.44 = -log[Mg+2] _ mol/L;IS=0.25;(Mg)1=0.000036 _ Mg2+ (0.000036 mol/L) _ ,6.2.1.1, ,3.6e-05 Mg2+,0.25, , 
2229,2336.0,956.0,acetate-CoA ligase,kegg:C00002 + kegg:C00033 + kegg:C00010 = kegg:C00020 + kegg:C00013 + kegg:C00024,CHB_15346 + CHB_15422 + CHB_30089 = CHB_15351 + CHB_16027 + CHB_18361,ATP(aq) + acetate(aq) + CoA(aq) = AMP(aq) + diphosphate(aq) + acetyl-CoA(aq),Guynn R.W.; Webster L.T. Jr.; Veech R.L.; J. Biol. Chem.; 249 3248 (1974).,74GUY/WEB_1434,4275341.0, ,311.15,7.06,10.4, ,spectrophotometry and enzymatic assay, ,4.6 = -log[Mg+2] _ mol/L;IS=0.25;(Mg)1=0.000025 _ Mg2+ (0.000025 mol/L) _ ,6.2.1.1, ,2.5e-05 Mg2+,0.25, , 
2230,2362.0,967.0,acetate-CoA ligase,kegg:C00002 + kegg:C00033 + kegg:C00010 = kegg:C00020 + kegg:C00013 + kegg:C00024,CHB_15346 + CHB_15422 + CHB_30089 = CHB_15351 + CHB_16027 + CHB_18361,ATP(aq) + acetate(aq) + CoA(aq) = AMP(aq) + diphosphate(aq) + acetyl-CoA(aq),Guynn R.W.; Webster L.T. Jr.; Veech R.L.; J. Biol. Chem.; 249 3248 (1974).,74GUY/WEB_1434,4275341.0, ,311.15,7.06,9.82, ,spectrophotometry and enzymatic assay, ,2.55 = -log[Mg+2] _ mol/L;IS=0.25;(Mg)1=0.0028 _ Mg2+ (0.0028 mol/L) _ ,6.2.1.1, ,0.0028 Mg2+,0.25, , 
2231,2339.0,957.0,acetate-CoA ligase,kegg:C00002 + kegg:C00033 + kegg:C00010 = kegg:C00020 + kegg:C00013 + kegg:C00024,CHB_15346 + CHB_15422 + CHB_30089 = CHB_15351 + CHB_16027 + CHB_18361,ATP(aq) + acetate(aq) + CoA(aq) = AMP(aq) + diphosphate(aq) + acetyl-CoA(aq),Guynn R.W.; Webster L.T. Jr.; Veech R.L.; J. Biol. Chem.; 249 3248 (1974).,74GUY/WEB_1434,4275341.0, ,311.15,7.07,9.7, ,spectrophotometry and enzymatic assay, ,4.44 = -log[Mg+2] _ mol/L;IS=0.25;(Mg)1=0.000036 _ Mg2+ (0.000036 mol/L) _ ,6.2.1.1, ,3.6e-05 Mg2+,0.25, , 
2232,2337.0,959.0,acetate-CoA ligase,kegg:C00002 + kegg:C00033 + kegg:C00010 = kegg:C00020 + kegg:C00013 + kegg:C00024,CHB_15346 + CHB_15422 + CHB_30089 = CHB_15351 + CHB_16027 + CHB_18361,ATP(aq) + acetate(aq) + CoA(aq) = AMP(aq) + diphosphate(aq) + acetyl-CoA(aq),Guynn R.W.; Webster L.T. Jr.; Veech R.L.; J. Biol. Chem.; 249 3248 (1974).,74GUY/WEB_1434,4275341.0, ,311.15,7.1,8.9, ,spectrophotometry and enzymatic assay, ,4.44 = -log[Mg+2] _ mol/L;IS=0.25;(Mg)1=0.000036 _ Mg2+ (0.000036 mol/L) _ ,6.2.1.1, ,3.6e-05 Mg2+,0.25, , 
2233,2368.0,977.0,acetate-CoA ligase,kegg:C00002 + kegg:C00033 + kegg:C00010 = kegg:C00020 + kegg:C00013 + kegg:C00024,CHB_15346 + CHB_15422 + CHB_30089 = CHB_15351 + CHB_16027 + CHB_18361,ATP(aq) + acetate(aq) + CoA(aq) = AMP(aq) + diphosphate(aq) + acetyl-CoA(aq),Guynn R.W.; Webster L.T. Jr.; Veech R.L.; J. Biol. Chem.; 249 3248 (1974).,74GUY/WEB_1434,4275341.0, ,311.15,7.39,15.7, ,spectrophotometry and enzymatic assay, ,2.28 = -log[Mg+2] _ mol/L;IS=0.25;(Mg)1=0.005 _ Mg2+ (0.0052 mol/L) _ ,6.2.1.1, ,0.0052 Mg2+,0.25, , 
2234,2366.0,962.0,acetate-CoA ligase,kegg:C00002 + kegg:C00033 + kegg:C00010 = kegg:C00020 + kegg:C00013 + kegg:C00024,CHB_15346 + CHB_15422 + CHB_30089 = CHB_15351 + CHB_16027 + CHB_18361,ATP(aq) + acetate(aq) + CoA(aq) = AMP(aq) + diphosphate(aq) + acetyl-CoA(aq),Guynn R.W.; Webster L.T. Jr.; Veech R.L.; J. Biol. Chem.; 249 3248 (1974).,74GUY/WEB_1434,4275341.0, ,311.15,7.4,14.4, ,spectrophotometry and enzymatic assay, ,2.28 = -log[Mg+2] _ mol/L;IS=0.25;(Mg)1=0.005 _ Mg2+ (0.0052 mol/L) _ ,6.2.1.1, ,0.0052 Mg2+,0.25, , 
2235,2367.0,963.0,acetate-CoA ligase,kegg:C00002 + kegg:C00033 + kegg:C00010 = kegg:C00020 + kegg:C00013 + kegg:C00024,CHB_15346 + CHB_15422 + CHB_30089 = CHB_15351 + CHB_16027 + CHB_18361,ATP(aq) + acetate(aq) + CoA(aq) = AMP(aq) + diphosphate(aq) + acetyl-CoA(aq),Guynn R.W.; Webster L.T. Jr.; Veech R.L.; J. Biol. Chem.; 249 3248 (1974).,74GUY/WEB_1434,4275341.0, ,311.15,7.41,14.9, ,spectrophotometry and enzymatic assay, ,2.28 = -log[Mg+2] _ mol/L;IS=0.25;(Mg)1=0.005 _ Mg2+ (0.0052 mol/L) _ ,6.2.1.1, ,0.0052 Mg2+,0.25, , 
2236,2363.0,972.0,acetate-CoA ligase,kegg:C00002 + kegg:C00033 + kegg:C00010 = kegg:C00020 + kegg:C00013 + kegg:C00024,CHB_15346 + CHB_15422 + CHB_30089 = CHB_15351 + CHB_16027 + CHB_18361,ATP(aq) + acetate(aq) + CoA(aq) = AMP(aq) + diphosphate(aq) + acetyl-CoA(aq),Guynn R.W.; Webster L.T. Jr.; Veech R.L.; J. Biol. Chem.; 249 3248 (1974).,74GUY/WEB_1434,4275341.0, ,311.15,7.53,18.8, ,spectrophotometry and enzymatic assay, ,2.3 = -log[Mg+2] _ mol/L;IS=0.25;(Mg)1=0.005 _ Mg2+ (0.005 mol/L) _ ,6.2.1.1, ,0.005 Mg2+,0.25, , 
2237,2364.0,964.0,acetate-CoA ligase,kegg:C00002 + kegg:C00033 + kegg:C00010 = kegg:C00020 + kegg:C00013 + kegg:C00024,CHB_15346 + CHB_15422 + CHB_30089 = CHB_15351 + CHB_16027 + CHB_18361,ATP(aq) + acetate(aq) + CoA(aq) = AMP(aq) + diphosphate(aq) + acetyl-CoA(aq),Guynn R.W.; Webster L.T. Jr.; Veech R.L.; J. Biol. Chem.; 249 3248 (1974).,74GUY/WEB_1434,4275341.0, ,311.15,7.53,19.4, ,spectrophotometry and enzymatic assay, ,2.3 = -log[Mg+2] _ mol/L;IS=0.25;(Mg)1=0.005 _ Mg2+ (0.005 mol/L) _ ,6.2.1.1, ,0.005 Mg2+,0.25, , 
2238,2371.0,2907.0,adenylate kinase,2 kegg:C00008 = kegg:C00020 + kegg:C00002,2 CHB_16761 = CHB_15422 + CHB_16027,2 ADP(aq) = AMP(aq) + ATP(aq),Jebeleanu G.; Ty N.G.; Mantsch H.H.; Barzu O.; Niac G.; Abrudan I.; Proc. Natl. Acad. Sci. U.S.A.; 71 4630 (1974).,74JEB/TY_647, , ,298.15,7.4,0.55, ,enzymatic assay and spectrophotometry,Tris (0.050 mol dm-3) + HCl,2.3 = -log[Mg+2] _ mol/L;Tris-HCl=0.05;(Mg)1(Cl)2=0.005;(K)1(Cl)1=0.05 _ MgCl2 (0.005 mol/L) _ ,2.7.4.3, ,0.005 MgCl2, , , 
2239,2372.0, ,adenylate kinase, ,CHB_16761 + MAN_10055 = CHB_16027 + MAN_10054,ADP(aq) + ADP-N1-oxide(aq) = ATP-N1-oxide(aq) + AMP(aq),Jebeleanu G.; Ty N.G.; Mantsch H.H.; Barzu O.; Niac G.; Abrudan I.; Proc. Natl. Acad. Sci. U.S.A.; 71 4630 (1974).,74JEB/TY_659,4373722.0,10.1073/pnas.71.11.4630,298.15,7.4,0.908, ,enzymatic assay and spectrophotometry,Tris (0.050 mol dm-3) + HCl,mol/L;Tris-HCl=0.05;(Mg)1(Cl)2=0.005;(K)1(Cl)1=0.05 _ MgCl2 (0.005 mol/L) _ ,2.7.4.3, ,0.005 MgCl2, , , 
2240,2373.0,811.0,dihydroorotase,kegg:C00337 + kegg:C00001 = kegg:C00438,CHB_15377 + CHB_30864 = CHB_15859,(S)-dihydroorotate(aq) + H2O(l) = N-carbamoyl-L-aspartate(aq),Kennedy J.; Arch. Biochem. Biophys.; 160 358 (1974).,74KEN_1037,4831620.0, ,310.15,6.5,5.9, ,spectrophotometry,sodium phosphate (0.10 mol dm-3) or {Tris ((0.10 mol dm-3) + HCl},mol/L;Tris-HCl=0.1  ,3.5.2.3, , , , , 
2241,2374.0,4121.0,formate C-acetyltransferase,kegg:C00024 + kegg:C00058 = kegg:C00010 + kegg:C00022,CHB_15351 + CHB_15740 = CHB_15346 + CHB_15361,acetyl-CoA(aq) + formate(aq) = CoA(aq) + pyruvate(aq),Knappe J.; Blaschowski H.P.; Grvbner P.; Schmitt T.; Eur. J. Biochem.; 50 253 (1974).,74KNA/BLA_414,4615902.0,10.1111/j.1432-1033.1974.tb03894.x,303.15,8.1,0.00133, ,spectrophotometry,Tris (0.1 mol dm-3) + HCl,mol/L;Tris-HCl=0.1  ,2.3.1.54, , , , , 
2242,2375.0,1042.0,adenylate cyclase,kegg:C00002 = kegg:C00575 + kegg:C00013,CHB_15422 = CHB_17489 + CHB_18361,ATP(aq) = adenosine 3':5'-(cyclic)phosphate(aq) + diphosphate(aq),Kurashina Y.; Takai K.; Suzuki-Hori C.; Okamoto H.; Hayaishi O.; J. Biol. Chem.; 249 4824 (1974).,74KUR/TAK_1231,4846750.0, ,298.15,6.2,0.029, ,"radioactivity and fluorimetry, spectrophotometry, and radioactivity and fluorimetry, spectrophotometry,",Hepes (0.060 mol dm-3) + KOH,mol/L;HEPES-KOH=0.06;(Mg)1(SO4)1=0.005  ,4.6.1.1, , , , , 
2243,2376.0,1040.0,adenylate cyclase,kegg:C00002 = kegg:C00575 + kegg:C00013,CHB_15422 = CHB_17489 + CHB_18361,ATP(aq) = adenosine 3':5'-(cyclic)phosphate(aq) + diphosphate(aq),Kurashina Y.; Takai K.; Suzuki-Hori C.; Okamoto H.; Hayaishi O.; J. Biol. Chem.; 249 4824 (1974).,74KUR/TAK_1231,4846750.0, ,298.15,6.5,0.036, ,"radioactivity and fluorimetry, spectrophotometry, and radioactivity and fluorimetry, spectrophotometry,",Hepes (0.060 mol dm-3) + KOH,mol/L;HEPES-KOH=0.06;(Mg)1(SO4)1=0.005  ,4.6.1.1, , , , , 
2244,2377.0,1041.0,adenylate cyclase,kegg:C00002 = kegg:C00575 + kegg:C00013,CHB_15422 = CHB_17489 + CHB_18361,ATP(aq) = adenosine 3':5'-(cyclic)phosphate(aq) + diphosphate(aq),Kurashina Y.; Takai K.; Suzuki-Hori C.; Okamoto H.; Hayaishi O.; J. Biol. Chem.; 249 4824 (1974).,74KUR/TAK_1231,4846750.0, ,298.15,6.8,0.049, ,"radioactivity and fluorimetry, spectrophotometry, and radioactivity and fluorimetry, spectrophotometry,",Hepes (0.060 mol dm-3) + KOH,mol/L;HEPES-KOH=0.06;(Mg)1(SO4)1=0.005  ,4.6.1.1, , , , , 
2245,2378.0,1043.0,adenylate cyclase,kegg:C00002 = kegg:C00575 + kegg:C00013,CHB_15422 = CHB_17489 + CHB_18361,ATP(aq) = adenosine 3':5'-(cyclic)phosphate(aq) + diphosphate(aq),Kurashina Y.; Takai K.; Suzuki-Hori C.; Okamoto H.; Hayaishi O.; J. Biol. Chem.; 249 4824 (1974).,74KUR/TAK_1231,4846750.0, ,298.15,7.0,0.065, ,"radioactivity and fluorimetry, spectrophotometry, and radioactivity and fluorimetry, spectrophotometry,",Hepes (0.060 mol dm-3) + KOH,mol/L;HEPES-KOH=0.06;(Mg)1(SO4)1=0.005  ,4.6.1.1, , , , , 
2246,2379.0,1044.0,adenylate cyclase,kegg:C00002 = kegg:C00575 + kegg:C00013,CHB_15422 = CHB_17489 + CHB_18361,ATP(aq) = adenosine 3':5'-(cyclic)phosphate(aq) + diphosphate(aq),Kurashina Y.; Takai K.; Suzuki-Hori C.; Okamoto H.; Hayaishi O.; J. Biol. Chem.; 249 4824 (1974).,74KUR/TAK_1231,4846750.0, ,298.15,7.3,0.116, ,"radioactivity and fluorimetry, spectrophotometry, and radioactivity and fluorimetry, spectrophotometry,",Hepes (0.060 mol dm-3) + KOH,mol/L;HEPES-KOH=0.06;(Mg)1(SO4)1=0.005  ,4.6.1.1, , , , , 
2247,2380.0,1045.0,adenylate cyclase,kegg:C00002 = kegg:C00575 + kegg:C00013,CHB_15422 = CHB_17489 + CHB_18361,ATP(aq) = adenosine 3':5'-(cyclic)phosphate(aq) + diphosphate(aq),Kurashina Y.; Takai K.; Suzuki-Hori C.; Okamoto H.; Hayaishi O.; J. Biol. Chem.; 249 4824 (1974).,74KUR/TAK_1231,4846750.0, ,298.15,7.7,0.27, ,"radioactivity and fluorimetry, spectrophotometry, and radioactivity and fluorimetry, spectrophotometry,",Hepes (0.060 mol dm-3) + KOH,mol/L;HEPES-KOH=0.06;(Mg)1(SO4)1=0.005  ,4.6.1.1, , , , , 
2248,2490.0,3017.0,acetate kinase,kegg:C00002 + kegg:C00033 = kegg:C00008 + kegg:C00227,CHB_15422 + CHB_30089 = CHB_15350 + CHB_16761,ATP(aq) + acetate(aq) = ADP(aq) + acetyl phosphate(aq),"Langer R.S.; ""Enzymatic Regeneration of ATP""; Thesis Massachusetts Institute of Technology (1974).",74LAN_575, , ,298.15,7.4,0.0207, ,enzymatic assay and spectrophotometry,Tris (0.2 mol dm-3),"2.69 = -log[Mg+2] _ mol/L;Tris=0.2;(Mg)1=0.0000248 _ MgCl2 (0.002 mol/L), Mg2+ (0.0000248 mol/L) _ ",2.7.2.1, ,0.002 MgCl2 & 2.4e-05 Mg2+, , , 
2249,2491.0,3002.0,acetate kinase,kegg:C00002 + kegg:C00033 = kegg:C00008 + kegg:C00227,CHB_15422 + CHB_30089 = CHB_15350 + CHB_16761,ATP(aq) + acetate(aq) = ADP(aq) + acetyl phosphate(aq),"Langer R.S.; ""Enzymatic Regeneration of ATP""; Thesis Massachusetts Institute of Technology (1974).",74LAN_575, , ,298.15,7.4,0.021, ,enzymatic assay and spectrophotometry,Tris (0.2 mol dm-3),"2.69 = -log[Mg+2] _ mol/L;Tris=0.2;(Mg)1=0.000024 _ MgCl2 (0.002 mol/L), Mg2+ (0.000024 mol/L) _ ",2.7.2.1, ,0.002 MgCl2 & 2.48e-05 Mg2+, , , 
2250,2489.0,3014.0,acetate kinase,kegg:C00002 + kegg:C00033 = kegg:C00008 + kegg:C00227,CHB_15422 + CHB_30089 = CHB_15350 + CHB_16761,ATP(aq) + acetate(aq) = ADP(aq) + acetyl phosphate(aq),"Langer R.S.; ""Enzymatic Regeneration of ATP""; Thesis Massachusetts Institute of Technology (1974).",74LAN_575, , ,298.15,7.4,0.00787, ,enzymatic assay and spectrophotometry,Tris (0.2 mol dm-3),"2.29 = -log[Mg+2] _ mol/L;Tris=0.2;(Mg)1=0.0000702 _ MgCl2 (0.005 mol/L), Mg2+ (0.0000702 mol/L) _ ",2.7.2.1, ,0.005 MgCl2 & 7.02e-05 Mg2+, , , 
2251,2488.0,3018.0,acetate kinase,kegg:C00002 + kegg:C00033 = kegg:C00008 + kegg:C00227,CHB_15422 + CHB_30089 = CHB_15350 + CHB_16761,ATP(aq) + acetate(aq) = ADP(aq) + acetyl phosphate(aq),"Langer R.S.; ""Enzymatic Regeneration of ATP""; Thesis Massachusetts Institute of Technology (1974).",74LAN_575, , ,298.15,7.4,0.00855, ,enzymatic assay and spectrophotometry,Tris (0.2 mol dm-3),"2.29 = -log[Mg+2] _ mol/L;Tris=0.2;(Mg)1=0.0000722 _ MgCl2 (0.005 mol/L), Mg2+ (0.0000722 mol/L) _ ",2.7.2.1, ,0.005 MgCl2 & 7.22e-05 Mg2+, , , 
2252,2487.0,3003.0,acetate kinase,kegg:C00002 + kegg:C00033 = kegg:C00008 + kegg:C00227,CHB_15422 + CHB_30089 = CHB_15350 + CHB_16761,ATP(aq) + acetate(aq) = ADP(aq) + acetyl phosphate(aq),"Langer R.S.; ""Enzymatic Regeneration of ATP""; Thesis Massachusetts Institute of Technology (1974).",74LAN_575, , ,298.15,7.4,0.00625, ,enzymatic assay and spectrophotometry,Tris (0.2 mol dm-3),"1.99 = -log[Mg+2] _ mol/L;Tris=0.2;(Mg)1=0.000333 _ MgCl2 (0.01 mol/L), Mg2+ (0.000333 mol/L) _ ",2.7.2.1, ,0.000333 Mg2+ & 0.01 MgCl2, , , 
2253,2486.0,3019.0,acetate kinase,kegg:C00002 + kegg:C00033 = kegg:C00008 + kegg:C00227,CHB_15422 + CHB_30089 = CHB_15350 + CHB_16761,ATP(aq) + acetate(aq) = ADP(aq) + acetyl phosphate(aq),"Langer R.S.; ""Enzymatic Regeneration of ATP""; Thesis Massachusetts Institute of Technology (1974).",74LAN_575, , ,298.15,7.4,0.00565, ,enzymatic assay and spectrophotometry,Tris (0.2 mol dm-3),"1.98 = -log[Mg+2] _ mol/L;Tris=0.2;(Mg)1=0.000391 _ MgCl2 (0.01 mol/L), Mg2+ (0.000391 mol/L) _ ",2.7.2.1, ,0.000391 Mg2+ & 0.01 MgCl2, , , 
2254,2485.0,3005.0,acetate kinase,kegg:C00002 + kegg:C00033 = kegg:C00008 + kegg:C00227,CHB_15422 + CHB_30089 = CHB_15350 + CHB_16761,ATP(aq) + acetate(aq) = ADP(aq) + acetyl phosphate(aq),"Langer R.S.; ""Enzymatic Regeneration of ATP""; Thesis Massachusetts Institute of Technology (1974).",74LAN_575, , ,298.15,7.4,0.00549, ,enzymatic assay and spectrophotometry,Tris (0.2 mol dm-3),"1.78 = -log[Mg+2] _ mol/L;Tris=0.2;(Mg)1=0.00146 _ MgCl2 (0.015 mol/L), Mg2+ (0.00146 mol/L) _ ",2.7.2.1, ,0.00146 Mg2+ & 0.015 MgCl2, , , 
2255,2484.0,3004.0,acetate kinase,kegg:C00002 + kegg:C00033 = kegg:C00008 + kegg:C00227,CHB_15422 + CHB_30089 = CHB_15350 + CHB_16761,ATP(aq) + acetate(aq) = ADP(aq) + acetyl phosphate(aq),"Langer R.S.; ""Enzymatic Regeneration of ATP""; Thesis Massachusetts Institute of Technology (1974).",74LAN_575, , ,298.15,7.4,0.00465, ,enzymatic assay and spectrophotometry,Tris (0.2 mol dm-3),"1.78 = -log[Mg+2] _ mol/L;Tris=0.2;(Mg)1=0.00149 _ MgCl2 (0.015 mol/L), Mg2+ (0.00149 mol/L) _ ",2.7.2.1, ,0.00149 Mg2+ & 0.015 MgCl2, , , 
2256,2483.0,3015.0,acetate kinase,kegg:C00002 + kegg:C00033 = kegg:C00008 + kegg:C00227,CHB_15422 + CHB_30089 = CHB_15350 + CHB_16761,ATP(aq) + acetate(aq) = ADP(aq) + acetyl phosphate(aq),"Langer R.S.; ""Enzymatic Regeneration of ATP""; Thesis Massachusetts Institute of Technology (1974).",74LAN_575, , ,298.15,7.4,0.0036, ,enzymatic assay and spectrophotometry,Tris (0.2 mol dm-3),"1.75 = -log[Mg+2] _ mol/L;Tris=0.2;(Mg)1=0.00176 _ MgCl2 (0.016 mol/L), Mg2+ (0.00176 mol/L) _ ",2.7.2.1, ,0.00176 Mg2+ & 0.016 MgCl2, , , 
2257,2482.0,3006.0,acetate kinase,kegg:C00002 + kegg:C00033 = kegg:C00008 + kegg:C00227,CHB_15422 + CHB_30089 = CHB_15350 + CHB_16761,ATP(aq) + acetate(aq) = ADP(aq) + acetyl phosphate(aq),"Langer R.S.; ""Enzymatic Regeneration of ATP""; Thesis Massachusetts Institute of Technology (1974).",74LAN_575, , ,298.15,7.4,0.00408, ,enzymatic assay and spectrophotometry,Tris (0.2 mol dm-3),"1.75 = -log[Mg+2] _ mol/L;Tris=0.2;(Mg)1=0.00197 _ MgCl2 (0.016 mol/L), Mg2+ (0.00197 mol/L) _ ",2.7.2.1, ,0.00197 Mg2+ & 0.016 MgCl2, , , 
2258,2480.0,3008.0,acetate kinase,kegg:C00002 + kegg:C00033 = kegg:C00008 + kegg:C00227,CHB_15422 + CHB_30089 = CHB_15350 + CHB_16761,ATP(aq) + acetate(aq) = ADP(aq) + acetyl phosphate(aq),"Langer R.S.; ""Enzymatic Regeneration of ATP""; Thesis Massachusetts Institute of Technology (1974).",74LAN_575, , ,298.15,7.4,0.00268, ,enzymatic assay and spectrophotometry,Tris (0.2 mol dm-3),"1.62 = -log[Mg+2] _ mol/L;Tris=0.2;(Mg)1=0.00492 _ MgCl2 (0.02 mol/L), Mg2+ (0.00492 mol/L) _ ",2.7.2.1, ,0.00424 Mg2+ & 0.02 MgCl2, , , 
2259,2481.0,3007.0,acetate kinase,kegg:C00002 + kegg:C00033 = kegg:C00008 + kegg:C00227,CHB_15422 + CHB_30089 = CHB_15350 + CHB_16761,ATP(aq) + acetate(aq) = ADP(aq) + acetyl phosphate(aq),"Langer R.S.; ""Enzymatic Regeneration of ATP""; Thesis Massachusetts Institute of Technology (1974).",74LAN_575, , ,298.15,7.4,0.0027, ,enzymatic assay and spectrophotometry,Tris (0.2 mol dm-3),"1.6 = -log[Mg+2] _ mol/L;Tris=0.2;(Mg)1=0.00424 _ MgCl2 (0.02 mol/L), Mg2+ (0.00424 mol/L) _ ",2.7.2.1, ,0.00492 Mg2+ & 0.02 MgCl2, , , 
2260,2479.0,3020.0,acetate kinase,kegg:C00002 + kegg:C00033 = kegg:C00008 + kegg:C00227,CHB_15422 + CHB_30089 = CHB_15350 + CHB_16761,ATP(aq) + acetate(aq) = ADP(aq) + acetyl phosphate(aq),"Langer R.S.; ""Enzymatic Regeneration of ATP""; Thesis Massachusetts Institute of Technology (1974).",74LAN_575, , ,298.15,7.4,0.00255, ,enzymatic assay and spectrophotometry,Tris (0.2 mol dm-3),"1.37 = -log[Mg+2] _ mol/L;Tris=0.2;(Mg)1=0.0123 _ MgCl2 (0.03 mol/L), Mg2+ (0.0123 mol/L) _ ",2.7.2.1, ,0.0123 Mg2+ & 0.03 MgCl2, , , 
2261,2475.0,3009.0,acetate kinase,kegg:C00002 + kegg:C00033 = kegg:C00008 + kegg:C00227,CHB_15422 + CHB_30089 = CHB_15350 + CHB_16761,ATP(aq) + acetate(aq) = ADP(aq) + acetyl phosphate(aq),"Langer R.S.; ""Enzymatic Regeneration of ATP""; Thesis Massachusetts Institute of Technology (1974).",74LAN_575, , ,298.15,7.4,0.00282, ,enzymatic assay and spectrophotometry,Tris (0.2 mol dm-3),"1.22 = -log[Mg+2] _ mol/L;Tris=0.2;(Mg)1=0.0572 _ MgCl2 (0.08 mol/L), Mg2+ (0.0572 mol/L) _ ",2.7.2.1, ,0.0205 Mg2+ & 0.04 MgCl2, , , 
2262,2477.0,3010.0,acetate kinase,kegg:C00002 + kegg:C00033 = kegg:C00008 + kegg:C00227,CHB_15422 + CHB_30089 = CHB_15350 + CHB_16761,ATP(aq) + acetate(aq) = ADP(aq) + acetyl phosphate(aq),"Langer R.S.; ""Enzymatic Regeneration of ATP""; Thesis Massachusetts Institute of Technology (1974).",74LAN_575, , ,298.15,7.4,0.00279, ,enzymatic assay and spectrophotometry,Tris (0.2 mol dm-3),"1.21 = -log[Mg+2] _ mol/L;Tris=0.2;(Mg)1=0.021 _ MgCl2 (0.04 mol/L), Mg2+ (0.021 mol/L) _ ",2.7.2.1, ,0.021 Mg2+ & 0.04 MgCl2, , , 
2263,2473.0,3011.0,acetate kinase,kegg:C00002 + kegg:C00033 = kegg:C00008 + kegg:C00227,CHB_15422 + CHB_30089 = CHB_15350 + CHB_16761,ATP(aq) + acetate(aq) = ADP(aq) + acetyl phosphate(aq),"Langer R.S.; ""Enzymatic Regeneration of ATP""; Thesis Massachusetts Institute of Technology (1974).",74LAN_575, , ,298.15,7.4,0.00288, ,enzymatic assay and spectrophotometry,Tris (0.2 mol dm-3),"0.86 = -log[Mg+2] _ mol/L;Tris=0.2;(Mg)1=0.175 _ MgCl2 (0.2 mol/L), Mg2+ (0.175 mol/L) _ ",2.7.2.1, ,0.0567 Mg2+ & 0.08 MgCl2, , , 
2264,2478.0,3016.0,acetate kinase,kegg:C00002 + kegg:C00033 = kegg:C00008 + kegg:C00227,CHB_15422 + CHB_30089 = CHB_15350 + CHB_16761,ATP(aq) + acetate(aq) = ADP(aq) + acetyl phosphate(aq),"Langer R.S.; ""Enzymatic Regeneration of ATP""; Thesis Massachusetts Institute of Technology (1974).",74LAN_575, , ,298.15,7.4,0.00276, ,enzymatic assay and spectrophotometry,Tris (0.2 mol dm-3),"0.86 = -log[Mg+2] _ mol/L;Tris=0.2;(Mg)1=0.0205 _ MgCl2 (0.04 mol/L), Mg2+ (0.0205 mol/L) _ ",2.7.2.1, ,0.0572 Mg2+ & 0.08 MgCl2, , , 
2265,2474.0,3012.0,acetate kinase,kegg:C00002 + kegg:C00033 = kegg:C00008 + kegg:C00227,CHB_15422 + CHB_30089 = CHB_15350 + CHB_16761,ATP(aq) + acetate(aq) = ADP(aq) + acetyl phosphate(aq),"Langer R.S.; ""Enzymatic Regeneration of ATP""; Thesis Massachusetts Institute of Technology (1974).",74LAN_575, , ,298.15,7.4,0.00251, ,enzymatic assay and spectrophotometry,Tris (0.2 mol dm-3),"0.43 = -log[Mg+2] _ mol/L;Tris=0.2;(Mg)1=0.174 _ MgCl2 (0.2 mol/L), Mg2+ (0.174 mol/L) _ ",2.7.2.1, ,0.174 Mg2+ & 0.2 MgCl2, , , 
2266,2476.0,3013.0,acetate kinase,kegg:C00002 + kegg:C00033 = kegg:C00008 + kegg:C00227,CHB_15422 + CHB_30089 = CHB_15350 + CHB_16761,ATP(aq) + acetate(aq) = ADP(aq) + acetyl phosphate(aq),"Langer R.S.; ""Enzymatic Regeneration of ATP""; Thesis Massachusetts Institute of Technology (1974).",74LAN_575, , ,298.15,7.4,0.00292, ,enzymatic assay and spectrophotometry,Tris (0.2 mol dm-3),"0.43 = -log[Mg+2] _ mol/L;Tris=0.2;(Mg)1=0.0567 _ MgCl2 (0.08 mol/L), Mg2+ (0.0567 mol/L) _ ",2.7.2.1, ,0.175 Mg2+ & 0.2 MgCl2, , , 
2267,2492.0,1222.0,xylose isomerase,kegg:C00031 = kegg:C00095,CHB_4167 = CHB_37721,D-glucose(aq) = D-fructose(aq),"McKay G.A.; ""Kinetics of the Isomerization of D-Glucose to D-Fructose""; Thesis Illinois Institute of Technology (1974).",74MCK_1307, , ,323.15,7.0,0.83, ,polarimetry and chemical analysis, ,   ,5.3.1.5, , , , , 
2268,2496.0,1223.0,xylose isomerase,kegg:C00031 = kegg:C00095,CHB_4167 = CHB_37721,D-glucose(aq) = D-fructose(aq),"McKay G.A.; ""Kinetics of the Isomerization of D-Glucose to D-Fructose""; Thesis Illinois Institute of Technology (1974).",74MCK_1307, , ,333.15,7.0,1.32, ,polarimetry and chemical analysis, ,   ,5.3.1.5, , , , , 
2269,2495.0,1227.0,xylose isomerase,kegg:C00031 = kegg:C00095,CHB_4167 = CHB_37721,D-glucose(aq) = D-fructose(aq),"McKay G.A.; ""Kinetics of the Isomerization of D-Glucose to D-Fructose""; Thesis Illinois Institute of Technology (1974).",74MCK_1307, , ,333.15,7.2,1.13, ,polarimetry and chemical analysis, ,   ,5.3.1.5, , , , , 
2270,2493.0,1224.0,xylose isomerase,kegg:C00031 = kegg:C00095,CHB_4167 = CHB_37721,D-glucose(aq) = D-fructose(aq),"McKay G.A.; ""Kinetics of the Isomerization of D-Glucose to D-Fructose""; Thesis Illinois Institute of Technology (1974).",74MCK_1307, , ,343.15,7.0,1.05, ,polarimetry and chemical analysis, ,   ,5.3.1.5, , , , , 
2271,2497.0,1225.0,xylose isomerase,kegg:C00031 = kegg:C00095,CHB_4167 = CHB_37721,D-glucose(aq) = D-fructose(aq),"McKay G.A.; ""Kinetics of the Isomerization of D-Glucose to D-Fructose""; Thesis Illinois Institute of Technology (1974).",74MCK_1307, , ,343.15,7.2,1.33, ,polarimetry and chemical analysis, ,   ,5.3.1.5, , , , , 
2272,2494.0,1226.0,xylose isomerase,kegg:C00031 = kegg:C00095,CHB_4167 = CHB_37721,D-glucose(aq) = D-fructose(aq),"McKay G.A.; ""Kinetics of the Isomerization of D-Glucose to D-Fructose""; Thesis Illinois Institute of Technology (1974).",74MCK_1307, , ,353.15,7.0,1.1, ,polarimetry and chemical analysis, ,   ,5.3.1.5, , , , , 
2273,2498.0,2991.0,xylose isomerase,kegg:C00031 = kegg:C00095,CHB_4167 = CHB_37721,D-glucose(aq) = D-fructose(aq),Scallet B.L.; Shieh K.; Ehrenthal I.; Slapshak L.; Die Stdrke; 26 405 (1974).,74SCA/SHI_1308, , ,340.15,7.1,1.04, , ,phosphate (0.03 mol dm-3),mol/L;phosphate buffer=0.03  ,5.3.1.5, , , , , 
2274,2499.0,2993.0,xylose isomerase,kegg:C00031 = kegg:C00095,CHB_4167 = CHB_37721,D-glucose(aq) = D-fructose(aq),Scallet B.L.; Shieh K.; Ehrenthal I.; Slapshak L.; Die Stdrke; 26 405 (1974).,74SCA/SHI_1308, , ,350.15,7.1,1.09, , ,phosphate (0.03 mol dm-3),mol/L;phosphate buffer=0.03  ,5.3.1.5, , , , , 
2275,2500.0,2992.0,xylose isomerase,kegg:C00031 = kegg:C00095,CHB_4167 = CHB_37721,D-glucose(aq) = D-fructose(aq),Scallet B.L.; Shieh K.; Ehrenthal I.; Slapshak L.; Die Stdrke; 26 405 (1974).,74SCA/SHI_1308, , ,360.15,7.1,1.16, , ,phosphate (0.03 mol dm-3),mol/L;phosphate buffer=0.03  ,5.3.1.5, , , , , 
2276,,2615.0,NAD(P)+ transhydrogenase,kegg:C00003 + kegg:C00005 = kegg:C00004 + kegg:C00006, ,NAD(aq) + NADPH(aq) = NADH(aq) + NADP(aq),Schott M.; Sturtevant J.M.; unpublished data; cited in 74BUR.,74SCH/STU_310, , ,298.15,7.0, , ,calorimetry, , ,1.6.1.1, , , , ,-4.1
2277,2501.0,502.0,UTP-glucose-1-phosphate uridylyltransferase,kegg:C00075 + kegg:C00103 = kegg:C00013 + kegg:C00029,CHB_15713 + CHB_16077 = CHB_18066 + CHB_18361,UTP(aq) + Î±-D-glucose 1-phosphate(aq) = pyrophosphate(aq) + UDPglucose(aq),Turnquist R.L.; Gillett T.A.; Hansen R.G.; J. Biol. Chem.; 249 7695 (1974).,74TUR/GIL_693,4436332.0, ,305.15,7.8,0.16, ,spectrophotometry,Tris acetate (0.09 mol dm-3),mol/L;Tris-acetate=0.09;(Mg)1=0.002  ,2.7.7.9, , , , , 
2278,,1218.0,galactose dehydrogenase,kegg:C00124 + kegg:C00003 = kegg:C03383 + kegg:C00004, ,"D-galactose(aq) + NAD(aq) = D-galactono-1,4-lactone(aq) + NADH(aq)",Ueberschdr K.-H.; Blachnitzky E.-O.; Kurz G.; Eur. J. Biochem.; 48 389 (1974).,74UEB/BLA_161,4217278.0,10.1111/j.1432-1033.1974.tb03780.x,203.15,8.6,25000, ,gas-liquid chromatography,potassium phosphate and sodium phosphate (0.1 mol dm-3), ,1.1.1.48, , , , , 
2279,2502.0,1219.0,galactose dehydrogenase,kegg:C00124 + kegg:C00003 = kegg:C03383 + kegg:C00004,CHB_15846 + CHB_4139 = CHB_15895 + CHB_16908,"D-galactose(aq) + NAD(aq) = D-galactono-1,4-lactone(aq) + NADH(aq)",Ueberschdr K.-H.; Blachnitzky E.-O.; Kurz G.; Eur. J. Biochem.; 48 389 (1974).,74UEB/BLA_161,4217278.0,10.1111/j.1432-1033.1974.tb03780.x,298.15,6.8,390, ,gas-liquid chromatography,potassium phosphate and sodium phosphate (0.1 mol dm-3),mol/L;sodium phosphate=0.1  ,1.1.1.48, , , , , 
2280,2503.0,1217.0,galactose dehydrogenase,kegg:C00124 + kegg:C00003 = kegg:C03383 + kegg:C00004,CHB_15846 + CHB_4139 = CHB_15895 + CHB_16908,"D-galactose(aq) + NAD(aq) = D-galactono-1,4-lactone(aq) + NADH(aq)",Ueberschdr K.-H.; Blachnitzky E.-O.; Kurz G.; Eur. J. Biochem.; 48 389 (1974).,74UEB/BLA_161,4217278.0,10.1111/j.1432-1033.1974.tb03780.x,303.15,6.8,400, ,gas-liquid chromatography,potassium phosphate and sodium phosphate (0.1 mol dm-3),mol/L;sodium phosphate=0.1  ,1.1.1.48, , , , , 
2281,2505.0,729.0,UDPglucose-hexose-1-phosphate uridylyltransferase,kegg:C00029 + kegg:C03384 = kegg:C00103 + kegg:C00052,CHB_18066 + CHB_37480 = CHB_16077 + CHB_18307,UDPglucose(aq) + Î±-D-galactose 1-phosphate(aq) = Î±-D-glucose 1-phosphate(aq) + UDPgalactose(aq),Wong L.-J.; Frey P.A.; Biochemistry; 13 3889 (1974).,74WON/FRE_697,4606575.0,10.1021/bi00716a011,300.15,8.5,2.1, ,enzymatic assay,sodium bicinate (0.1 mol dm-3),mol/L;sodium bicinate=0.1  ,2.7.7.12, , , , , 
2282,2506.0,3993.0,6-phosphofructokinase,kegg:C00002 + kegg:C00085 = kegg:C00008 + kegg:C00354,CHB_15422 + CHB_61553 = CHB_16761 + CHB_40595,"ATP(aq) + D-fructose 6-phosphate(aq) = ADP(aq) + D-fructose 1,6-bisphosphate(aq)",Bvhme H.-J.; Schellenberger W.; Hofmann E.; Acta Biol. Med. Germ.; 34 15 (1975).,75BOH/SCH_551, , ,298.15,7.0,800, ,calorimetry,Tris (0.1 mol dm-3) + HCl,mol/L;Tris-HCl=0.1  ,2.7.1.11, , , , , 
2283,2509.0,3997.0,6-phosphofructokinase,kegg:C00002 + kegg:C00085 = kegg:C00008 + kegg:C00354,CHB_15422 + CHB_61553 = CHB_16761 + CHB_40595,"ATP(aq) + D-fructose 6-phosphate(aq) = ADP(aq) + D-fructose 1,6-bisphosphate(aq)",Bvhme H.-J.; Schellenberger W.; Hofmann E.; Acta Biol. Med. Germ.; 34 15 (1975).,75BOH/SCH_551, , ,298.15,8.0,2800, ,calorimetry,Tris (0.1 mol dm-3) + HCl,mol/L;Tris-HCl=0.1  ,2.7.1.11, , , , , 
2284,2507.0,3994.0,6-phosphofructokinase,kegg:C00002 + kegg:C00085 = kegg:C00008 + kegg:C00354,CHB_15422 + CHB_61553 = CHB_16761 + CHB_40595,"ATP(aq) + D-fructose 6-phosphate(aq) = ADP(aq) + D-fructose 1,6-bisphosphate(aq)",Bvhme H.-J.; Schellenberger W.; Hofmann E.; Acta Biol. Med. Germ.; 34 15 (1975).,75BOH/SCH_551, , ,303.15,7.0,1000, ,calorimetry,Tris (0.1 mol dm-3) + HCl,mol/L;Tris-HCl=0.1  ,2.7.1.11, , , , , 
2285,2510.0,3992.0,6-phosphofructokinase,kegg:C00002 + kegg:C00085 = kegg:C00008 + kegg:C00354,CHB_15422 + CHB_61553 = CHB_16761 + CHB_40595,"ATP(aq) + D-fructose 6-phosphate(aq) = ADP(aq) + D-fructose 1,6-bisphosphate(aq)",Bvhme H.-J.; Schellenberger W.; Hofmann E.; Acta Biol. Med. Germ.; 34 15 (1975).,75BOH/SCH_551, , ,303.15,8.0,2900, ,calorimetry,Tris (0.1 mol dm-3) + HCl,mol/L;Tris-HCl=0.1  ,2.7.1.11, , , , , 
2286,2508.0,3995.0,6-phosphofructokinase,kegg:C00002 + kegg:C00085 = kegg:C00008 + kegg:C00354,CHB_15422 + CHB_61553 = CHB_16761 + CHB_40595,"ATP(aq) + D-fructose 6-phosphate(aq) = ADP(aq) + D-fructose 1,6-bisphosphate(aq)",Bvhme H.-J.; Schellenberger W.; Hofmann E.; Acta Biol. Med. Germ.; 34 15 (1975).,75BOH/SCH_551, , ,310.15,7.0,2700, ,calorimetry,Tris (0.1 mol dm-3) + HCl,mol/L;Tris-HCl=0.1  ,2.7.1.11, , , , , 
2287,2511.0,3996.0,6-phosphofructokinase,kegg:C00002 + kegg:C00085 = kegg:C00008 + kegg:C00354,CHB_15422 + CHB_61553 = CHB_16761 + CHB_40595,"ATP(aq) + D-fructose 6-phosphate(aq) = ADP(aq) + D-fructose 1,6-bisphosphate(aq)",Bvhme H.-J.; Schellenberger W.; Hofmann E.; Acta Biol. Med. Germ.; 34 15 (1975).,75BOH/SCH_551, , ,310.15,8.0,4800, ,calorimetry,Tris (0.1 mol dm-3) + HCl,mol/L;Tris-HCl=0.1  ,2.7.1.11, , , , , 
2288,,3998.0,6-phosphofructokinase,kegg:C00002 + kegg:C00085 = kegg:C00008 + kegg:C00354, ,"ATP(aq) + D-fructose 6-phosphate(aq) = ADP(aq) + D-fructose 1,6-bisphosphate(aq)",Bvhme H.-J.; Schellenberger W.; Hofmann E.; Acta Biol. Med. Germ.; 34 15 (1975).,75BOH/SCH_552,241184.0, ,298.15,7.0, , ,calorimetry,Tris (0.1 mol dm-3) + HCl, ,2.7.1.11, , , , ,-84.2
2289,,4003.0,6-phosphofructokinase,kegg:C00002 + kegg:C00085 = kegg:C00008 + kegg:C00354, ,"ATP(aq) + D-fructose 6-phosphate(aq) = ADP(aq) + D-fructose 1,6-bisphosphate(aq)",Bvhme H.-J.; Schellenberger W.; Hofmann E.; Acta Biol. Med. Germ.; 34 15 (1975).,75BOH/SCH_552,241184.0, ,298.15,8.0, , ,calorimetry,Tris (0.1 mol dm-3) + HCl, ,2.7.1.11, , , , ,-70.4
2290,,4001.0,6-phosphofructokinase,kegg:C00002 + kegg:C00085 = kegg:C00008 + kegg:C00354, ,"ATP(aq) + D-fructose 6-phosphate(aq) = ADP(aq) + D-fructose 1,6-bisphosphate(aq)",Bvhme H.-J.; Schellenberger W.; Hofmann E.; Acta Biol. Med. Germ.; 34 15 (1975).,75BOH/SCH_552,241184.0, ,303.15,7.0, , ,calorimetry,Tris (0.1 mol dm-3) + HCl, ,2.7.1.11, , , , ,-77.4
2291,,4000.0,6-phosphofructokinase,kegg:C00002 + kegg:C00085 = kegg:C00008 + kegg:C00354, ,"ATP(aq) + D-fructose 6-phosphate(aq) = ADP(aq) + D-fructose 1,6-bisphosphate(aq)",Bvhme H.-J.; Schellenberger W.; Hofmann E.; Acta Biol. Med. Germ.; 34 15 (1975).,75BOH/SCH_552,241184.0, ,303.15,8.0, , ,calorimetry,Tris (0.1 mol dm-3) + HCl, ,2.7.1.11, , , , ,-67.3
2292,,3999.0,6-phosphofructokinase,kegg:C00002 + kegg:C00085 = kegg:C00008 + kegg:C00354, ,"ATP(aq) + D-fructose 6-phosphate(aq) = ADP(aq) + D-fructose 1,6-bisphosphate(aq)",Bvhme H.-J.; Schellenberger W.; Hofmann E.; Acta Biol. Med. Germ.; 34 15 (1975).,75BOH/SCH_552,241184.0, ,310.15,7.0, , ,calorimetry,Tris (0.1 mol dm-3) + HCl, ,2.7.1.11, , , , ,-72.9
2293,,4002.0,6-phosphofructokinase,kegg:C00002 + kegg:C00085 = kegg:C00008 + kegg:C00354, ,"ATP(aq) + D-fructose 6-phosphate(aq) = ADP(aq) + D-fructose 1,6-bisphosphate(aq)",Bvhme H.-J.; Schellenberger W.; Hofmann E.; Acta Biol. Med. Germ.; 34 15 (1975).,75BOH/SCH_552,241184.0, ,310.15,8.0, , ,calorimetry,Tris (0.1 mol dm-3) + HCl, ,2.7.1.11, , , , ,-60.4
2294,2512.0,3655.0,15-hydroxyprostaglandin dehydrogenase (NAD+),kegg:C04741 + kegg:C00003 = kegg:C04654 + kegg:C00004,CHB_15544 + CHB_15846 = CHB_15548 + CHB_16908,prostaglandin E1(aq) + NAD(aq) = 15-oxo-prostaglandin E1(aq) + NADH(aq),Braithwaite S.S.; Jarabak J.; J. Biol. Chem.; 250 2315 (1975),75BRA/JAR_217,1117007.0, ,298.15,6.0,0.065, ,spectrophotometry,potassium phosphate (0.093 mol dm-3),mol/L;potassium phosphate buffer=0.093  ,1.1.1.141, , , , , 
2295,2513.0,3656.0,15-hydroxyprostaglandin dehydrogenase (NAD+),kegg:C04741 + kegg:C00003 = kegg:C04654 + kegg:C00004,CHB_15544 + CHB_15846 = CHB_15548 + CHB_16908,prostaglandin E1(aq) + NAD(aq) = 15-oxo-prostaglandin E1(aq) + NADH(aq),Braithwaite S.S.; Jarabak J.; J. Biol. Chem.; 250 2315 (1975),75BRA/JAR_217,1117007.0, ,298.15,7.0,0.65, ,spectrophotometry,potassium phosphate (0.093 mol dm-3),mol/L;potassium phosphate buffer=0.093  ,1.1.1.141, , , , , 
2296,2514.0,3657.0,15-hydroxyprostaglandin dehydrogenase (NAD+),kegg:C04741 + kegg:C00003 = kegg:C04654 + kegg:C00004,CHB_15544 + CHB_15846 = CHB_15548 + CHB_16908,prostaglandin E1(aq) + NAD(aq) = 15-oxo-prostaglandin E1(aq) + NADH(aq),Braithwaite S.S.; Jarabak J.; J. Biol. Chem.; 250 2315 (1975),75BRA/JAR_217,1117007.0, ,298.15,8.0,6.5, ,spectrophotometry,potassium phosphate (0.093 mol dm-3),mol/L;potassium phosphate buffer=0.093  ,1.1.1.141, , , , , 
2297,2515.0,3207.0,urocanate hydratase,kegg:C00785 + kegg:C00001 = kegg:C03680,CHB_15377 + CHB_27247 = CHB_27384,"urocanate(aq) + H2O(l) = 4,5-dihydro-4-oxo-5-imidazolepropanoate(aq)",Cohn M.S.; Lynch M.C.; Phillips A.T.; Biochim. Biophys. Acta; 337 444 (1975).,75COH/LYN_1198, , ,277.15,7.5,35.5, ,spectrophotometry,potassium phosphate (0.025 mol dm-3),mol/L;potassium phosphate buffer=0.025  ,4.2.1.49, , , , , 
2298,2516.0,3208.0,urocanate hydratase,kegg:C00785 + kegg:C00001 = kegg:C03680,CHB_15377 + CHB_27247 = CHB_27384,"urocanate(aq) + H2O(l) = 4,5-dihydro-4-oxo-5-imidazolepropanoate(aq)",Cohn M.S.; Lynch M.C.; Phillips A.T.; Biochim. Biophys. Acta; 337 444 (1975).,75COH/LYN_1198, , ,288.15,7.5,49.1, ,spectrophotometry,potassium phosphate (0.025 mol dm-3),mol/L;potassium phosphate buffer=0.025  ,4.2.1.49, , , , , 
2299,2517.0,3209.0,urocanate hydratase,kegg:C00785 + kegg:C00001 = kegg:C03680,CHB_15377 + CHB_27247 = CHB_27384,"urocanate(aq) + H2O(l) = 4,5-dihydro-4-oxo-5-imidazolepropanoate(aq)",Cohn M.S.; Lynch M.C.; Phillips A.T.; Biochim. Biophys. Acta; 337 444 (1975).,75COH/LYN_1198, , ,293.15,7.5,58.2, ,spectrophotometry,potassium phosphate (0.025 mol dm-3),mol/L;potassium phosphate buffer=0.025  ,4.2.1.49, , , , , 
2300,2518.0,3210.0,urocanate hydratase,kegg:C00785 + kegg:C00001 = kegg:C03680,CHB_15377 + CHB_27247 = CHB_27384,"urocanate(aq) + H2O(l) = 4,5-dihydro-4-oxo-5-imidazolepropanoate(aq)",Cohn M.S.; Lynch M.C.; Phillips A.T.; Biochim. Biophys. Acta; 337 444 (1975).,75COH/LYN_1198, , ,298.15,7.5,69.8, ,spectrophotometry,potassium phosphate (0.025 mol dm-3),mol/L;potassium phosphate buffer=0.025  ,4.2.1.49, , , , , 
2301,2520.0,3211.0,urocanate hydratase,kegg:C00785 + kegg:C00001 = kegg:C03680,CHB_15377 + CHB_27247 = CHB_27384,"urocanate(aq) + H2O(l) = 4,5-dihydro-4-oxo-5-imidazolepropanoate(aq)",Cohn M.S.; Lynch M.C.; Phillips A.T.; Biochim. Biophys. Acta; 337 444 (1975).,75COH/LYN_1198, , ,310.15,7.5,91.2, ,spectrophotometry,potassium phosphate (0.025 mol dm-3),mol/L;potassium phosphate buffer=0.025  ,4.2.1.49, , , , , 
2302,,698.0,L-lactate dehydrogenase,kegg:C00186 + kegg:C00003 = kegg:C00022 + kegg:C00004, ,(S)-lactate(aq) + NAD(aq) = pyruvate(aq) + NADH(aq),Donnovan L.; Barclay K.; Otto K.; Jespersen N.; Thermochim. Acta; 11 151 (1975).,75DON/BAR_106, , ,298.15,7.5, , ,calorimetry,phosphate (0.5 mol dm-3), ,1.1.1.27, , , , ,61.9
2303,, ,alkaline phosphatase, , ,"3-hydroxypropyl phosphate(aq) + H2O(l) = 1,3-propanediol(aq) + orthophosphate(aq)",Gerlt J.A.; Westheimer F.H.; Sturtevant J.M.; J. Biol. Chem.; 250 5059 (1975).,75GER/WES_783, , ,298.15,7.3, , ,calorimetry,Pipes (0.05 mol dm-3), ,3.1.3.1, , , , ,1.5
2304,, ,alkaline phosphatase, , ,methyl Î±-D-glucopyranoside 6-phosphate(aq) + H2O(l) = methyl Î±-D-glucopyranose(aq) + orthophosphate(aq),Gerlt J.A.; Westheimer F.H.; Sturtevant J.M.; J. Biol. Chem.; 250 5059 (1975).,75GER/WES_788, , ,298.15,7.3, , ,calorimetry,Pipes (0.05 mol dm-3), ,3.1.3.1, , , , ,0
2305,, ,alkaline phosphatase, , ,methyl Î²-D-ribofuranoside 5-phosphate(aq) + H2O(l) = methyl Î²-D-ribofuranose + orthophosphate(aq),Gerlt J.A.; Westheimer F.H.; Sturtevant J.M.; J. Biol. Chem.; 250 5059 (1975).,75GER/WES_789, , ,298.15,7.3, , ,calorimetry,Pipes (0.05 mol dm-3), ,3.1.3.1, , , , ,-1.3
2306,, ,alkaline phosphatase, , ,monoethyl phosphate(aq) + H2O(l) = ethanol(aq) + orthophosphate(aq),Gerlt J.A.; Westheimer F.H.; Sturtevant J.M.; J. Biol. Chem.; 250 5059 (1975).,75GER/WES_790, , ,298.15,7.3, , ,calorimetry,Pipes (0.05 mol dm-3), ,3.1.3.1, , , , ,-0.4
2307,,806.0,"3',5'-cyclic-nucleotide phosphodiesterase",kegg:C00575 + kegg:C00001 = kegg:C00020, ,adenosine 3':5'-(cyclic)phosphate(aq) + H2O(l) = AMP(aq),Gerlt J.A.; Westheimer F.H.; Sturtevant J.M.; J. Biol. Chem.; 250 5059 (1975).,75GER/WES_838, , ,298.15,7.2, , ,calorimetry,potassium phosphate (0.036 mol dm-3), ,3.1.4.17, , , , ,-50.6
2308,,807.0,"3',5'-cyclic-nucleotide phosphodiesterase",kegg:C00575 + kegg:C00001 = kegg:C00020, ,adenosine 3':5'-(cyclic)phosphate(aq) + H2O(l) = AMP(aq),Gerlt J.A.; Westheimer F.H.; Sturtevant J.M.; J. Biol. Chem.; 250 5059 (1975).,75GER/WES_838, , ,310.15,7.3, , ,calorimetry,potassium phosphate (0.036 mol dm-3), ,3.1.4.17, , , , ,-55.4
2309,,805.0,phosphohydrolase (unclassified),kegg:C00575 + kegg:C00001 = kegg:C01367, ,adenosine 3':5'-(cyclic)phosphate(aq) + H2O(l) = adenosine 3'-monophosphate(aq),Gerlt J.A.; Westheimer F.H.; Sturtevant J.M.; J. Biol. Chem.; 250 5059 (1975).,75GER/WES_839, , ,298.15,7.3, , ,calorimetry,Pipes (0.05 mol dm-3),3.0 = -log[Mg+2],3.1.4.-, ,0.001 MgCl2, , ,-48.1
2310,,804.0,phosphohydrolase (unclassified),kegg:C00575 + kegg:C00001 = kegg:C01367, ,adenosine 3':5'-(cyclic)phosphate(aq) + H2O(l) = adenosine 3'-monophosphate(aq),Gerlt J.A.; Westheimer F.H.; Sturtevant J.M.; J. Biol. Chem.; 250 5059 (1975).,75GER/WES_839, , ,310.15,7.2, , ,calorimetry,Pipes (0.05 mol dm-3),3.0 = -log[Mg+2],3.1.4.-, ,0.001 MgCl2, , ,-46.4
2311,, ,phosphohydrolase (unclassified), , ,diethyl phosphate(aq) + H2O(l) = monoethyl phosphate(aq) + ethanol(aq),Gerlt J.A.; Westheimer F.H.; Sturtevant J.M.; J. Biol. Chem.; 250 5059 (1975).,75GER/WES_842, , ,298.15,7.3, , ,calorimetry,Pipes (0.05 mol dm-3), ,3.1.4.-, , , , ,-10.5
2312,, ,phosphohydrolase (unclassified), , ,ethylene phosphate(aq) + H2O(l) = 2-hydroxyethyl phosphate(aq),Gerlt J.A.; Westheimer F.H.; Sturtevant J.M.; J. Biol. Chem.; 250 5059 (1975).,75GER/WES_844, , ,298.15,7.3, , ,calorimetry,Pipes (0.05 mol dm-3), ,3.1.4.-, , , , ,-28.9
2313,, ,phosphohydrolase (unclassified), , ,ethylene phosphate(aq) + H2O(l) = 2-hydroxyethyl phosphate(aq),Gerlt J.A.; Westheimer F.H.; Sturtevant J.M.; J. Biol. Chem.; 250 5059 (1975).,75GER/WES_844, , ,310.15,7.2, , ,calorimetry,Pipes (0.05 mol dm-3), ,3.1.4.-, , , , ,-32.3
2314,, ,phosphohydrolase (unclassified), , ,"methyl Î±-D-glucopyranoside 4,6-(cyclic)phosphate(aq) + H2O(l) = methyl Î±-D-glucopyranoside 6-phosphate(aq)",Gerlt J.A.; Westheimer F.H.; Sturtevant J.M.; J. Biol. Chem.; 250 5059 (1975).,75GER/WES_845, , ,298.15,7.3, , ,calorimetry,Pipes (0.05 mol dm-3), ,3.1.4.-, , , , ,-28.7
2315,, ,phosphohydrolase (unclassified), , ,"methyl Î²-D-ribofuranoside 3,5-(cyclic)phosphate(aq) + H2O(l) = methyl Î²-D-ribofuranoside 5-phosphate(aq)",Gerlt J.A.; Westheimer F.H.; Sturtevant J.M.; J. Biol. Chem.; 250 5059 (1975).,75GER/WES_846, , ,298.15,7.3, , ,calorimetry,Pipes (0.05 mol dm-3), ,3.1.4.-, , , , ,-49.1
2316,, ,phosphohydrolase (unclassified), , ,"methyl Î²-D-ribofuranoside 3,5-(cyclic)phosphate(aq) + H2O(l) = methyl Î²-D-ribofuranoside 5-phosphate(aq)",Gerlt J.A.; Westheimer F.H.; Sturtevant J.M.; J. Biol. Chem.; 250 5059 (1975).,75GER/WES_846, , ,310.15,7.2, , ,calorimetry,Pipes (0.05 mol dm-3), ,3.1.4.-, , , , ,-50.3
2317,, ,phosphohydrolase (unclassified), , ,tetramethylene phosphate(aq) + H2O(l) = 4-hydroxybutyl phosphate(aq),Gerlt J.A.; Westheimer F.H.; Sturtevant J.M.; J. Biol. Chem.; 250 5059 (1975).,75GER/WES_848, , ,298.15,7.3, , ,calorimetry,Pipes (0.05 mol dm-3), ,3.1.4.-, , , , ,-11
2318,, ,phosphohydrolase (unclassified), , ,trimethylene phosphate(aq) + H2O(l) = 3-hydroxypropyl phosphate(aq),Gerlt J.A.; Westheimer F.H.; Sturtevant J.M.; J. Biol. Chem.; 250 5059 (1975).,75GER/WES_850,168198.0, ,298.15,7.3, , ,calorimetry,Pipes (0.05 mol dm-3), ,3.1.4.-, , , , ,-16
2319,,499.0,hexokinase,kegg:C00002 + kegg:C00095 = kegg:C00008 + kegg:C00085, ,ATP(aq) + D-fructose(aq) = ADP(aq) + D-fructose 6-phosphate(aq),Goldberg R.N.; Biophys. Chem.; 3 192 (1975).,75GOL_543, , ,298.19,8.61, , ,calorimetry,Tris (0.18 mol kg-1) + HCl, ,2.7.1.1, , , ,0.1,-63
2320,,500.0,hexokinase,kegg:C00002 + kegg:C00095 = kegg:C00008 + kegg:C00085, ,ATP(aq) + D-fructose(aq) = ADP(aq) + D-fructose 6-phosphate(aq),Goldberg R.N.; Biophys. Chem.; 3 192 (1975).,75GOL_543, , ,298.19,8.63, , ,calorimetry,Tris (0.18 mol kg-1) + HCl, ,2.7.1.1, , , ,0.098,-61.9
2321,,498.0,hexokinase,kegg:C00002 + kegg:C00095 = kegg:C00008 + kegg:C00085, ,ATP(aq) + D-fructose(aq) = ADP(aq) + D-fructose 6-phosphate(aq),Goldberg R.N.; Biophys. Chem.; 3 192 (1975).,75GOL_543, , ,301.66,8.63, , ,calorimetry,Tris (0.18 mol kg-1) + HCl, ,2.7.1.1, , , ,0.12,-63
2322,,501.0,hexokinase,kegg:C00002 + kegg:C00095 = kegg:C00008 + kegg:C00085, ,ATP(aq) + D-fructose(aq) = ADP(aq) + D-fructose 6-phosphate(aq),Goldberg R.N.; Biophys. Chem.; 3 192 (1975).,75GOL_543, , ,305.11,8.61, , ,calorimetry,Tris (0.18 mol kg-1) + HCl, ,2.7.1.1, , , ,0.12,-63.1
2323,,1644.0,hexokinase,kegg:C00002 + kegg:C00031 = kegg:C00008 + kegg:C00092, ,ATP(aq) + D-glucose(aq) = ADP(aq) + D-glucose 6-phosphate(aq),Goldberg R.N.; Biophys. Chem.; 3 192 (1975).,75GOL_546, , ,298.19,6.69, , ,calorimetry,Tris + HCl, ,2.7.1.1, , , ,0.22,-52
2324,,1613.0,hexokinase,kegg:C00002 + kegg:C00031 = kegg:C00008 + kegg:C00092, ,ATP(aq) + D-glucose(aq) = ADP(aq) + D-glucose 6-phosphate(aq),Goldberg R.N.; Biophys. Chem.; 3 192 (1975).,75GOL_546, , ,298.19,6.71, , ,calorimetry,Tris + HCl, ,2.7.1.1, , , ,0.23,-44
2325,,1614.0,hexokinase,kegg:C00002 + kegg:C00031 = kegg:C00008 + kegg:C00092, ,ATP(aq) + D-glucose(aq) = ADP(aq) + D-glucose 6-phosphate(aq),Goldberg R.N.; Biophys. Chem.; 3 192 (1975).,75GOL_546, , ,298.19,6.75, , ,calorimetry,Tris + HCl, ,2.7.1.1, , , ,0.48,-41.8
2326,,1615.0,hexokinase,kegg:C00002 + kegg:C00031 = kegg:C00008 + kegg:C00092, ,ATP(aq) + D-glucose(aq) = ADP(aq) + D-glucose 6-phosphate(aq),Goldberg R.N.; Biophys. Chem.; 3 192 (1975).,75GOL_546, , ,298.19,7.06, , ,calorimetry,Tris + HCl, ,2.7.1.1, , , ,0.23,-57.7
2327,,1616.0,hexokinase,kegg:C00002 + kegg:C00031 = kegg:C00008 + kegg:C00092, ,ATP(aq) + D-glucose(aq) = ADP(aq) + D-glucose 6-phosphate(aq),Goldberg R.N.; Biophys. Chem.; 3 192 (1975).,75GOL_546, , ,298.19,7.25, , ,calorimetry,Tris + HCl, ,2.7.1.1, , , ,0.22,-62.9
2328,,1617.0,hexokinase,kegg:C00002 + kegg:C00031 = kegg:C00008 + kegg:C00092, ,ATP(aq) + D-glucose(aq) = ADP(aq) + D-glucose 6-phosphate(aq),Goldberg R.N.; Biophys. Chem.; 3 192 (1975).,75GOL_546, , ,298.19,7.45, , ,calorimetry,Tris + HCl, ,2.7.1.1, , , ,0.2,-67.8
2329,,1618.0,hexokinase,kegg:C00002 + kegg:C00031 = kegg:C00008 + kegg:C00092, ,ATP(aq) + D-glucose(aq) = ADP(aq) + D-glucose 6-phosphate(aq),Goldberg R.N.; Biophys. Chem.; 3 192 (1975).,75GOL_546, , ,298.19,7.46, , ,calorimetry,Tris + HCl, ,2.7.1.1, , , ,0.21,-67.7
2330,,1631.0,hexokinase,kegg:C00002 + kegg:C00031 = kegg:C00008 + kegg:C00092, ,ATP(aq) + D-glucose(aq) = ADP(aq) + D-glucose 6-phosphate(aq),Goldberg R.N.; Biophys. Chem.; 3 192 (1975).,75GOL_546, , ,298.19,7.64, , ,calorimetry,Tris + HCl, ,2.7.1.1, , , ,0.21,-69.8
2331,,1632.0,hexokinase,kegg:C00002 + kegg:C00031 = kegg:C00008 + kegg:C00092, ,ATP(aq) + D-glucose(aq) = ADP(aq) + D-glucose 6-phosphate(aq),Goldberg R.N.; Biophys. Chem.; 3 192 (1975).,75GOL_546, , ,298.19,7.67, , ,calorimetry,Tris + HCl, ,2.7.1.1, , , ,0.19,-69.2
2332,,1625.0,hexokinase,kegg:C00002 + kegg:C00031 = kegg:C00008 + kegg:C00092, ,ATP(aq) + D-glucose(aq) = ADP(aq) + D-glucose 6-phosphate(aq),Goldberg R.N.; Biophys. Chem.; 3 192 (1975).,75GOL_546, , ,298.19,7.84, , ,calorimetry,Tris + HCl, ,2.7.1.1, , , ,0.18,-69.6
2333,,1619.0,hexokinase,kegg:C00002 + kegg:C00031 = kegg:C00008 + kegg:C00092, ,ATP(aq) + D-glucose(aq) = ADP(aq) + D-glucose 6-phosphate(aq),Goldberg R.N.; Biophys. Chem.; 3 192 (1975).,75GOL_546, , ,298.19,7.99, , ,calorimetry,Tris + HCl, ,2.7.1.1, , , ,0.17,-70.4
2334,,1637.0,hexokinase,kegg:C00002 + kegg:C00031 = kegg:C00008 + kegg:C00092, ,ATP(aq) + D-glucose(aq) = ADP(aq) + D-glucose 6-phosphate(aq),Goldberg R.N.; Biophys. Chem.; 3 192 (1975).,75GOL_546, , ,298.19,8.0, , ,calorimetry,Tris + HCl, ,2.7.1.1, , , ,0.16,-68.9
2335,,1620.0,hexokinase,kegg:C00002 + kegg:C00031 = kegg:C00008 + kegg:C00092, ,ATP(aq) + D-glucose(aq) = ADP(aq) + D-glucose 6-phosphate(aq),Goldberg R.N.; Biophys. Chem.; 3 192 (1975).,75GOL_546, , ,298.19,8.09, , ,calorimetry,Tris + HCl, ,2.7.1.1, , , ,0.16,-71.6
2336,,1621.0,hexokinase,kegg:C00002 + kegg:C00031 = kegg:C00008 + kegg:C00092, ,ATP(aq) + D-glucose(aq) = ADP(aq) + D-glucose 6-phosphate(aq),Goldberg R.N.; Biophys. Chem.; 3 192 (1975).,75GOL_546, , ,298.19,8.2, , ,calorimetry,Tris + HCl, ,2.7.1.1, , , ,0.13,-71.3
2337,,1636.0,hexokinase,kegg:C00002 + kegg:C00031 = kegg:C00008 + kegg:C00092, ,ATP(aq) + D-glucose(aq) = ADP(aq) + D-glucose 6-phosphate(aq),Goldberg R.N.; Biophys. Chem.; 3 192 (1975).,75GOL_546, , ,298.19,8.41, , ,calorimetry,Tris + HCl, ,2.7.1.1, , , ,0.1,-69.2
2338,,1640.0,hexokinase,kegg:C00002 + kegg:C00031 = kegg:C00008 + kegg:C00092, ,ATP(aq) + D-glucose(aq) = ADP(aq) + D-glucose 6-phosphate(aq),Goldberg R.N.; Biophys. Chem.; 3 192 (1975).,75GOL_546, , ,298.19,8.41, , ,calorimetry,Tris + HCl, ,2.7.1.1, , , ,0.15,-70.2
2339,,1622.0,hexokinase,kegg:C00002 + kegg:C00031 = kegg:C00008 + kegg:C00092, ,ATP(aq) + D-glucose(aq) = ADP(aq) + D-glucose 6-phosphate(aq),Goldberg R.N.; Biophys. Chem.; 3 192 (1975).,75GOL_546, , ,298.19,8.42, , ,calorimetry,Tris + HCl, ,2.7.1.1, , , ,0.1,-70.4
2340,,1623.0,hexokinase,kegg:C00002 + kegg:C00031 = kegg:C00008 + kegg:C00092, ,ATP(aq) + D-glucose(aq) = ADP(aq) + D-glucose 6-phosphate(aq),Goldberg R.N.; Biophys. Chem.; 3 192 (1975).,75GOL_546, , ,298.19,8.44, , ,calorimetry,Tris + HCl, ,2.7.1.1, , , ,0.11,-71.4
2341,,1639.0,hexokinase,kegg:C00002 + kegg:C00031 = kegg:C00008 + kegg:C00092, ,ATP(aq) + D-glucose(aq) = ADP(aq) + D-glucose 6-phosphate(aq),Goldberg R.N.; Biophys. Chem.; 3 192 (1975).,75GOL_546, , ,298.19,8.54, , ,calorimetry,Tris + HCl, ,2.7.1.1, , , ,0.1,-71.1
2342,,1624.0,hexokinase,kegg:C00002 + kegg:C00031 = kegg:C00008 + kegg:C00092, ,ATP(aq) + D-glucose(aq) = ADP(aq) + D-glucose 6-phosphate(aq),Goldberg R.N.; Biophys. Chem.; 3 192 (1975).,75GOL_546, , ,298.19,8.56, , ,calorimetry,Tris + HCl, ,2.7.1.1, , , ,0.17,-72.7
2343,,1629.0,hexokinase,kegg:C00002 + kegg:C00031 = kegg:C00008 + kegg:C00092, ,ATP(aq) + D-glucose(aq) = ADP(aq) + D-glucose 6-phosphate(aq),Goldberg R.N.; Biophys. Chem.; 3 192 (1975).,75GOL_546, , ,298.19,8.64, , ,calorimetry,Tris + HCl, ,2.7.1.1, , , ,0.12,-73.7
2344,,1611.0,hexokinase,kegg:C00002 + kegg:C00031 = kegg:C00008 + kegg:C00092, ,ATP(aq) + D-glucose(aq) = ADP(aq) + D-glucose 6-phosphate(aq),Goldberg R.N.; Biophys. Chem.; 3 192 (1975).,75GOL_546, , ,298.19,8.65, , ,calorimetry,Tris + HCl, ,2.7.1.1, , , ,0.019,-68.4
2345,,1606.0,hexokinase,kegg:C00002 + kegg:C00031 = kegg:C00008 + kegg:C00092, ,ATP(aq) + D-glucose(aq) = ADP(aq) + D-glucose 6-phosphate(aq),Goldberg R.N.; Biophys. Chem.; 3 192 (1975).,75GOL_546, , ,298.19,8.66, , ,calorimetry,Tris + HCl, ,2.7.1.1, , , ,0.018,-73.1
2346,,1610.0,hexokinase,kegg:C00002 + kegg:C00031 = kegg:C00008 + kegg:C00092, ,ATP(aq) + D-glucose(aq) = ADP(aq) + D-glucose 6-phosphate(aq),Goldberg R.N.; Biophys. Chem.; 3 192 (1975).,75GOL_546, , ,298.19,8.66, , ,calorimetry,Tris + HCl, ,2.7.1.1, , , ,0.093,-70.8
2347,,1626.0,hexokinase,kegg:C00002 + kegg:C00031 = kegg:C00008 + kegg:C00092, ,ATP(aq) + D-glucose(aq) = ADP(aq) + D-glucose 6-phosphate(aq),Goldberg R.N.; Biophys. Chem.; 3 192 (1975).,75GOL_546, , ,298.19,8.66, , ,calorimetry,Tris + HCl, ,2.7.1.1, , , ,0.099,-72.7
2348,,1627.0,hexokinase,kegg:C00002 + kegg:C00031 = kegg:C00008 + kegg:C00092, ,ATP(aq) + D-glucose(aq) = ADP(aq) + D-glucose 6-phosphate(aq),Goldberg R.N.; Biophys. Chem.; 3 192 (1975).,75GOL_546, , ,298.19,8.66, , ,calorimetry,Tris + HCl, ,2.7.1.1, , , ,0.12,-71.2
2349,,1612.0,hexokinase,kegg:C00002 + kegg:C00031 = kegg:C00008 + kegg:C00092, ,ATP(aq) + D-glucose(aq) = ADP(aq) + D-glucose 6-phosphate(aq),Goldberg R.N.; Biophys. Chem.; 3 192 (1975).,75GOL_546, , ,298.19,8.67, , ,calorimetry,Tris + HCl, ,2.7.1.1, , , ,0.049,-71.5
2350,,1638.0,hexokinase,kegg:C00002 + kegg:C00031 = kegg:C00008 + kegg:C00092, ,ATP(aq) + D-glucose(aq) = ADP(aq) + D-glucose 6-phosphate(aq),Goldberg R.N.; Biophys. Chem.; 3 192 (1975).,75GOL_546, , ,298.19,8.67, , ,calorimetry,Tris + HCl, ,2.7.1.1, , , ,0.12,-72.5
2351,,1634.0,hexokinase,kegg:C00002 + kegg:C00031 = kegg:C00008 + kegg:C00092, ,ATP(aq) + D-glucose(aq) = ADP(aq) + D-glucose 6-phosphate(aq),Goldberg R.N.; Biophys. Chem.; 3 192 (1975).,75GOL_546, , ,298.19,8.68, , ,calorimetry,Tris + HCl, ,2.7.1.1, , , ,0.078,-71.3
2352,,1635.0,hexokinase,kegg:C00002 + kegg:C00031 = kegg:C00008 + kegg:C00092, ,ATP(aq) + D-glucose(aq) = ADP(aq) + D-glucose 6-phosphate(aq),Goldberg R.N.; Biophys. Chem.; 3 192 (1975).,75GOL_546, , ,298.19,8.68, , ,calorimetry,Tris + HCl, ,2.7.1.1, , , ,0.094,-70.9
2353,,1607.0,hexokinase,kegg:C00002 + kegg:C00031 = kegg:C00008 + kegg:C00092, ,ATP(aq) + D-glucose(aq) = ADP(aq) + D-glucose 6-phosphate(aq),Goldberg R.N.; Biophys. Chem.; 3 192 (1975).,75GOL_546, , ,298.19,8.69, , ,calorimetry,Tris + HCl, ,2.7.1.1, , , ,0.092,-71.4
2354,,1608.0,hexokinase,kegg:C00002 + kegg:C00031 = kegg:C00008 + kegg:C00092, ,ATP(aq) + D-glucose(aq) = ADP(aq) + D-glucose 6-phosphate(aq),Goldberg R.N.; Biophys. Chem.; 3 192 (1975).,75GOL_546, , ,298.19,8.71, , ,calorimetry,Tris + HCl, ,2.7.1.1, , , ,0.045,-69.8
2355,,1643.0,hexokinase,kegg:C00002 + kegg:C00031 = kegg:C00008 + kegg:C00092, ,ATP(aq) + D-glucose(aq) = ADP(aq) + D-glucose 6-phosphate(aq),Goldberg R.N.; Biophys. Chem.; 3 192 (1975).,75GOL_546, , ,298.19,8.71, , ,calorimetry,Tris + HCl, ,2.7.1.1, , , ,0.15,-71.8
2356,,1628.0,hexokinase,kegg:C00002 + kegg:C00031 = kegg:C00008 + kegg:C00092, ,ATP(aq) + D-glucose(aq) = ADP(aq) + D-glucose 6-phosphate(aq),Goldberg R.N.; Biophys. Chem.; 3 192 (1975).,75GOL_546, , ,298.19,8.72, , ,calorimetry,Tris + HCl, ,2.7.1.1, , , ,0.25,-71.6
2357,,1609.0,hexokinase,kegg:C00002 + kegg:C00031 = kegg:C00008 + kegg:C00092, ,ATP(aq) + D-glucose(aq) = ADP(aq) + D-glucose 6-phosphate(aq),Goldberg R.N.; Biophys. Chem.; 3 192 (1975).,75GOL_546, , ,298.19,9.01, , ,calorimetry,Tris + HCl, ,2.7.1.1, , , ,0.095,-72.4
2358,,1641.0,hexokinase,kegg:C00002 + kegg:C00031 = kegg:C00008 + kegg:C00092, ,ATP(aq) + D-glucose(aq) = ADP(aq) + D-glucose 6-phosphate(aq),Goldberg R.N.; Biophys. Chem.; 3 192 (1975).,75GOL_546, , ,298.19,9.01, , ,calorimetry,Tris + HCl, ,2.7.1.1, , , ,0.099,-70.4
2359,,1642.0,hexokinase,kegg:C00002 + kegg:C00031 = kegg:C00008 + kegg:C00092, ,ATP(aq) + D-glucose(aq) = ADP(aq) + D-glucose 6-phosphate(aq),Goldberg R.N.; Biophys. Chem.; 3 192 (1975).,75GOL_546, , ,301.66,8.63, , ,calorimetry,Tris + HCl, ,2.7.1.1, , , ,0.12,-72.1
2360,,1630.0,hexokinase,kegg:C00002 + kegg:C00031 = kegg:C00008 + kegg:C00092, ,ATP(aq) + D-glucose(aq) = ADP(aq) + D-glucose 6-phosphate(aq),Goldberg R.N.; Biophys. Chem.; 3 192 (1975).,75GOL_546, , ,305.11,8.65, , ,calorimetry,Tris + HCl, ,2.7.1.1, , , ,0.12,-71.6
2361,,1709.0,hexokinase,kegg:C00002 + kegg:C00159 = kegg:C00008 + kegg:C00275, ,ATP(aq) + D-mannose(aq) = ADP(aq) + D-mannose 6-phosphate(aq),Goldberg R.N.; Biophys. Chem.; 3 192 (1975).,75GOL_549,240453.0,10.1016/0301-4622(75)80011-1,298.19,8.57, , ,calorimetry,Tris (0.18 mol kg-1) + HCl, ,2.7.1.1, , , ,0.12,-68.9
2362,,1712.0,hexokinase,kegg:C00002 + kegg:C00159 = kegg:C00008 + kegg:C00275, ,ATP(aq) + D-mannose(aq) = ADP(aq) + D-mannose 6-phosphate(aq),Goldberg R.N.; Biophys. Chem.; 3 192 (1975).,75GOL_549,240453.0,10.1016/0301-4622(75)80011-1,298.19,8.62, , ,calorimetry,Tris (0.18 mol kg-1) + HCl, ,2.7.1.1, , , ,0.1,-69.7
2363,,1710.0,hexokinase,kegg:C00002 + kegg:C00159 = kegg:C00008 + kegg:C00275, ,ATP(aq) + D-mannose(aq) = ADP(aq) + D-mannose 6-phosphate(aq),Goldberg R.N.; Biophys. Chem.; 3 192 (1975).,75GOL_549,240453.0,10.1016/0301-4622(75)80011-1,301.66,8.6, , ,calorimetry,Tris (0.18 mol kg-1) + HCl, ,2.7.1.1, , , ,0.12,-68.8
2364,,1711.0,hexokinase,kegg:C00002 + kegg:C00159 = kegg:C00008 + kegg:C00275, ,ATP(aq) + D-mannose(aq) = ADP(aq) + D-mannose 6-phosphate(aq),Goldberg R.N.; Biophys. Chem.; 3 192 (1975).,75GOL_549,240453.0,10.1016/0301-4622(75)80011-1,305.11,8.63, , ,calorimetry,Tris (0.18 mol kg-1) + HCl, ,2.7.1.1, , , ,0.12,-69.1
2365,2521.0,2276.0,glutathione reductase (NAD(P)H),2 kegg:C00051 + kegg:C00006 = kegg:C00127 + kegg:C00005,2 CHB_16856 + CHB_18009 = CHB_16474 + CHB_17858,2 reduced glutathione(aq) + NADP(aq) =  oxidized glutathione(aq) + NADPH(aq),Gorin G.; Esfandi A.; Guthrie G.B. Jr.; Arch. Biochem. Biophys.; 168 450 (1975).,75GOR/ESF_316,237482.0,10.1016/0003-9861(75)90274-x,298.15,7.0,0.0054, ,spectrophotometry,phosphate (0.1 mol dm-3) and Tris (0.1 mol dm-3),mol/L;sodium phosphate buffer=0.1;Tris buffer=0.1  ,1.6.4.2, , , , , 
2366,2522.0,2275.0,glutathione reductase (NAD(P)H),2 kegg:C00051 + kegg:C00006 = kegg:C00127 + kegg:C00005,2 CHB_16856 + CHB_18009 = CHB_16474 + CHB_17858,2 reduced glutathione(aq) + NADP(aq) =  oxidized glutathione(aq) + NADPH(aq),Gorin G.; Esfandi A.; Guthrie G.B. Jr.; Arch. Biochem. Biophys.; 168 450 (1975).,75GOR/ESF_316,237482.0,10.1016/0003-9861(75)90274-x,298.15,7.82,0.0373, ,spectrophotometry,phosphate (0.1 mol dm-3) and Tris (0.1 mol dm-3),mol/L;sodium phosphate buffer=0.1;Tris buffer=0.1  ,1.6.4.2, , , , , 
2367,2523.0,2277.0,glutathione reductase (NAD(P)H),2 kegg:C00051 + kegg:C00006 = kegg:C00127 + kegg:C00005,2 CHB_16856 + CHB_18009 = CHB_16474 + CHB_17858,2 reduced glutathione(aq) + NADP(aq) =  oxidized glutathione(aq) + NADPH(aq),Gorin G.; Esfandi A.; Guthrie G.B. Jr.; Arch. Biochem. Biophys.; 168 450 (1975).,75GOR/ESF_316,237482.0,10.1016/0003-9861(75)90274-x,298.15,8.0,0.049, ,spectrophotometry,phosphate (0.1 mol dm-3) and Tris (0.1 mol dm-3),mol/L;sodium phosphate buffer=0.1;Tris buffer=0.1  ,1.6.4.2, , , , , 
2368,2524.0,2278.0,glutathione reductase (NAD(P)H),2 kegg:C00051 + kegg:C00006 = kegg:C00127 + kegg:C00005,2 CHB_16856 + CHB_18009 = CHB_16474 + CHB_17858,2 reduced glutathione(aq) + NADP(aq) =  oxidized glutathione(aq) + NADPH(aq),Gorin G.; Esfandi A.; Guthrie G.B. Jr.; Arch. Biochem. Biophys.; 168 450 (1975).,75GOR/ESF_316,237482.0,10.1016/0003-9861(75)90274-x,298.15,8.47,0.138, ,spectrophotometry,phosphate (0.1 mol dm-3) and Tris (0.1 mol dm-3),mol/L;sodium phosphate buffer=0.1;Tris buffer=0.1  ,1.6.4.2, , , , , 
2369,2526.0,1302.0,phosphoglycerate mutase,kegg:C00631 = kegg:C00197,CHB_17835 = CHB_17794,2-phospho-D-glycerate(aq) = 3-phospho-D-glycerate(aq),Grisolia S.; Carreras J.; Methods Enzymol.; 42 435 (1975).,75GRI/CAR_1396, , ,298.15,6.0,5.1, ,polarimetry and spectrophotometry,Tris (0.033 mol dm-3) + HCl,   ,5.4.2.1, , , , , 
2370,2527.0,1300.0,phosphoglycerate mutase,kegg:C00631 = kegg:C00197,CHB_17835 = CHB_17794,2-phospho-D-glycerate(aq) = 3-phospho-D-glycerate(aq),Grisolia S.; Carreras J.; Methods Enzymol.; 42 435 (1975).,75GRI/CAR_1396, , ,303.15,5.6,6.3, ,polarimetry and spectrophotometry,Tris (0.033 mol dm-3) + HCl,   ,5.4.2.1, , , , , 
2371,2525.0,1301.0,phosphoglycerate mutase,kegg:C00631 = kegg:C00197,CHB_17835 = CHB_17794,2-phospho-D-glycerate(aq) = 3-phospho-D-glycerate(aq),Grisolia S.; Carreras J.; Methods Enzymol.; 42 435 (1975).,75GRI/CAR_1396, , ,310.15,6.8,5, ,polarimetry and spectrophotometry,Tris (0.033 mol dm-3) + HCl,   ,5.4.2.1, , , , , 
2372,2528.0,3310.0,ribose isomerase,kegg:C00121 = kegg:C00309,CHB_45506 = CHB_28552,D-ribose(aq) = D-ribulose(aq),Izumori K.; Rees A.W.; Elbein A.D.; J. Biol. Chem.; 250 8085 (1975).,75IZU/REE_1376,240851.0, ,310.15,7.5,0.39, , ,Tris (0.025 mol dm-3),mol/L;Tris-HCl=0.025;(Mn)1(Cl)2=0.0025  ,5.3.1.20, , , , , 
2373,2529.0,2582.0,purine-nucleoside phosphorylase,kegg:C00294 + kegg:C00009 = kegg:C00262 + kegg:C00620,CHB_17596 + CHB_26078 = CHB_17368 + CHB_35425,inosine(aq) + orthophosphate(aq) = hypoxanthine(aq) + Î±-D-ribose 1-phosphate(aq),Jensen K.F.; Nygaard P.; Eur. J. Biochem.; 51 253 (1975).,75JEN/NYG_460,235429.0,10.1111/j.1432-1033.1975.tb03925.x,310.15,7.1,0.0175, ,chromatography and radioactivity,Tris (0.025 mol dm-3) + succinate,mol/L;Tris-succinate buffer=0.025  ,2.4.2.1, , , , , 
2374,,554.0,urease,kegg:C00086 + 2 kegg:C00001 = 2 kegg:C00014 + kegg:C00288, ,urea(aq) + 2 H2O(l) = 2 ammonia(aq) + carbon dioxide(aq),Jespersen N.D.; J. Am. Chem. Soc.; 97 1662 (1975).,75JES_999,1133398.0,10.1021/ja00840a006,298.15,6.7, , ,calorimetry,phosphate maleate citrate and Tris, ,3.5.1.5, , , , ,-21.9
2375,,555.0,urease,kegg:C00086 + 2 kegg:C00001 = 2 kegg:C00014 + kegg:C00288, ,urea(aq) + 2 H2O(l) = 2 ammonia(aq) + carbon dioxide(aq),Jespersen N.D.; J. Am. Chem. Soc.; 97 1662 (1975).,75JES_999,1133398.0,10.1021/ja00840a006,298.15,6.7, , ,calorimetry,phosphate maleate citrate and Tris, ,3.5.1.5, , , , ,-56.7
2376,,556.0,urease,kegg:C00086 + 2 kegg:C00001 = 2 kegg:C00014 + kegg:C00288, ,urea(aq) + 2 H2O(l) = 2 ammonia(aq) + carbon dioxide(aq),Jespersen N.D.; J. Am. Chem. Soc.; 97 1662 (1975).,75JES_999,1133398.0,10.1021/ja00840a006,298.15,6.7, , ,calorimetry,phosphate maleate citrate and Tris, ,3.5.1.5, , , , ,-48.2
2377,,557.0,urease,kegg:C00086 + 2 kegg:C00001 = 2 kegg:C00014 + kegg:C00288, ,urea(aq) + 2 H2O(l) = 2 ammonia(aq) + carbon dioxide(aq),Jespersen N.D.; J. Am. Chem. Soc.; 97 1662 (1975).,75JES_999,1133398.0,10.1021/ja00840a006,298.15,7.5, , ,calorimetry,phosphate maleate citrate and Tris, ,3.5.1.5, , , , ,-61.3
2378,,558.0,urease,kegg:C00086 + 2 kegg:C00001 = 2 kegg:C00014 + kegg:C00288, ,urea(aq) + 2 H2O(l) = 2 ammonia(aq) + carbon dioxide(aq),Jespersen N.D.; J. Am. Chem. Soc.; 97 1662 (1975).,75JES_999,1133398.0,10.1021/ja00840a006,298.15,7.5, , ,calorimetry,phosphate maleate citrate and Tris, ,3.5.1.5, , , , ,-18.7
2379,2532.0, ,pepsin A, ,CHB_15377 + MAN_10150 = CHB_16259 + MAN_10092,N-acetyl-L-phenylalanine-L-dibromidetyrosine ethyl ester(aq) + H2O(l) = N-acetyl-L-phenylalanine(aq) + L-dibromotyrosine ethyl ester(aq),"Kapitannikov Yu. V.; Barshevskaya T.N.; Ginodman L.M.; Ref. Dokl. Socbshch. - Mendeleevsk. S'ezd Obshch. Prikl. Khim. 11th Vol. 6 p.59. Edited by V.N. Rozinskaya. ""Nauka"": Moscow (1975).",75KAP/BAR_980, , ,293.15,4.1,2.3, ,radioactivity,acetate (0.2 mol dm-3),mol/L;acetate buffer=0.2  ,3.4.23.1, , , , , 
2380,2531.0, ,pepsin A, , ,N-acetyl-L-phenylalanyl-L-phenylalanylglycine(aq) + H2O(l) = N-acetyl-L-phenylalanine(aq) + L-phenylalanylglycine(aq),"Kapitannikov Yu. V.; Barshevskaya T.N.; Ginodman L.M.; Ref. Dokl. Socbshch. - Mendeleevsk. S'ezd Obshch. Prikl. Khim. 11th Vol. 6 p.59. Edited by V.N. Rozinskaya. ""Nauka"": Moscow (1975).",75KAP/BAR_981, , ,293.15,4.6,4.7, ,radioactivity,acetate (0.2 mol dm-3),   ,3.4.23.1, , , , , 
2381,2530.0, ,pepsin A, , ,N-acetyl-L-phenylalanyl-L-phenylalanylglycine methyl ester(aq) + H2O(l) = N-acetyl-L-phenylalanine(aq) + L-phenylalanylglycine methyl ester(aq),"Kapitannikov Yu. V.; Barshevskaya T.N.; Ginodman L.M.; Ref. Dokl. Socbshch. - Mendeleevsk. S'ezd Obshch. Prikl. Khim. 11th Vol. 6 p.59. Edited by V.N. Rozinskaya. ""Nauka"": Moscow (1975).",75KAP/BAR_982, , ,293.15,4.6,1.3, ,radioactivity,acetate (0.2 mol dm-3),   ,3.4.23.1, , , , , 
2382,2533.0,2408.0,triose-phosphate isomerase,kegg:C00118 = kegg:C00111,CHB_29052 = CHB_16108,D-glyceraldehyde 3-phosphate(aq) = glycerone phosphate(aq),Krietsch W.K.G.; Methods Enzymol.; 41 434 (1975).,75KRI_1285, , ,298.15,7.5,19, ,spectrophotometry,triethanolamine (0.093 mol dm-3) + HCl,mol/L;triethanolamine-HCl=0.09  ,5.3.1.1, , , , , 
2383,2534.0,1083.0,fructose-biphosphate aldolase,kegg:C00354 = kegg:C00111 + kegg:C00118,CHB_40595 = CHB_16108 + CHB_29052,"D-fructose 1,6-bisphosphate(aq) = glycerone phosphate(aq) + D-glyceraldehyde 3-phosphate(aq)",Kurski M.D.; Kondratyook T.P.; Litvinenko L.T.; Kosterin S.O.; Dopov. Akad. Nauk. Ukr. RSR Ser. B: Geol. Geofiz. Khim. Biol.;3 256 (1975).,75KUR/KON_1095, , ,282.15,8.8,6.40E-05, , ,Tris + acetate,   ,4.1.2.13, , , , , 
2384,2535.0,1084.0,fructose-biphosphate aldolase,kegg:C00354 = kegg:C00111 + kegg:C00118,CHB_40595 = CHB_16108 + CHB_29052,"D-fructose 1,6-bisphosphate(aq) = glycerone phosphate(aq) + D-glyceraldehyde 3-phosphate(aq)",Kurski M.D.; Kondratyook T.P.; Litvinenko L.T.; Kosterin S.O.; Dopov. Akad. Nauk. Ukr. RSR Ser. B: Geol. Geofiz. Khim. Biol.;3 256 (1975).,75KUR/KON_1095, , ,296.15,8.8,0.00039, , ,Tris + acetate,   ,4.1.2.13, , , , , 
2385,2537.0,1086.0,fructose-biphosphate aldolase,kegg:C00354 = kegg:C00111 + kegg:C00118,CHB_40595 = CHB_16108 + CHB_29052,"D-fructose 1,6-bisphosphate(aq) = glycerone phosphate(aq) + D-glyceraldehyde 3-phosphate(aq)",Kurski M.D.; Kondratyook T.P.; Litvinenko L.T.; Kosterin S.O.; Dopov. Akad. Nauk. Ukr. RSR Ser. B: Geol. Geofiz. Khim. Biol.;3 256 (1975).,75KUR/KON_1095, , ,303.15,8.8,0.00061, , ,Tris + acetate,   ,4.1.2.13, , , , , 
2386,2536.0,1085.0,fructose-biphosphate aldolase,kegg:C00354 = kegg:C00111 + kegg:C00118,CHB_40595 = CHB_16108 + CHB_29052,"D-fructose 1,6-bisphosphate(aq) = glycerone phosphate(aq) + D-glyceraldehyde 3-phosphate(aq)",Kurski M.D.; Kondratyook T.P.; Litvinenko L.T.; Kosterin S.O.; Dopov. Akad. Nauk. Ukr. RSR Ser. B: Geol. Geofiz. Khim. Biol.;3 256 (1975).,75KUR/KON_1095, , ,313.15,8.8,0.00052, , ,Tris + acetate,   ,4.1.2.13, , , , , 
2387,2538.0,1077.0,fructose-biphosphate aldolase,kegg:C01094 = kegg:C00577 + kegg:C00111,CHB_37515 = CHB_16108 + CHB_17378,D-fructose 1-phosphate(aq) = D-glyceraldehyde(aq) + glycerone phosphate(aq),Kurski M.D.; Kondratyook T.P.; Litvinenko L.T.; Kosterin S.O.; Dopov. Akad. Nauk. Ukr. RSR Ser. B: Geol. Geofiz. Khim. Biol.;3 256 (1975).,75KUR/KON_1098, , ,282.15,8.8,2.10E-06, , ,Tris + acetate,   ,4.1.2.13, , , , , 
2388,2540.0,1079.0,fructose-biphosphate aldolase,kegg:C01094 = kegg:C00577 + kegg:C00111,CHB_37515 = CHB_16108 + CHB_17378,D-fructose 1-phosphate(aq) = D-glyceraldehyde(aq) + glycerone phosphate(aq),Kurski M.D.; Kondratyook T.P.; Litvinenko L.T.; Kosterin S.O.; Dopov. Akad. Nauk. Ukr. RSR Ser. B: Geol. Geofiz. Khim. Biol.;3 256 (1975).,75KUR/KON_1098, , ,296.15,8.8,4.10E-06, , ,Tris + acetate,   ,4.1.2.13, , , , , 
2389,2541.0,1080.0,fructose-biphosphate aldolase,kegg:C01094 = kegg:C00577 + kegg:C00111,CHB_37515 = CHB_16108 + CHB_17378,D-fructose 1-phosphate(aq) = D-glyceraldehyde(aq) + glycerone phosphate(aq),Kurski M.D.; Kondratyook T.P.; Litvinenko L.T.; Kosterin S.O.; Dopov. Akad. Nauk. Ukr. RSR Ser. B: Geol. Geofiz. Khim. Biol.;3 256 (1975).,75KUR/KON_1098, , ,303.15,8.8,6.20E-06, , ,Tris + acetate,   ,4.1.2.13, , , , , 
2390,2539.0,1078.0,fructose-biphosphate aldolase,kegg:C01094 = kegg:C00577 + kegg:C00111,CHB_37515 = CHB_16108 + CHB_17378,D-fructose 1-phosphate(aq) = D-glyceraldehyde(aq) + glycerone phosphate(aq),Kurski M.D.; Kondratyook T.P.; Litvinenko L.T.; Kosterin S.O.; Dopov. Akad. Nauk. Ukr. RSR Ser. B: Geol. Geofiz. Khim. Biol.;3 256 (1975).,75KUR/KON_1098, , ,313.15,8.8,2.80E-06, , ,Tris + acetate,   ,4.1.2.13, , , , , 
2391,,3737.0,alkanal monooxygenase (FMN-linked),kegg:C02278 + kegg:C01847 + kegg:C00007 = kegg:C02679 + kegg:C00061 + kegg:C00001, ,dodecanal(aq) + FMN(reduced) + O2(aq) = dodecanoic acid(aq) + FMN(oxidized) + H2O(l),Mangold A.; Langerman N.; Arch. Biochem. Biophys.; 169 126 (1975).,75MAN/LAN_336,808172.0,10.1016/0003-9861(75)90324-0,280.15,7.0, , ,calorimetry,potassium phosphate (0.15 mol dm-3), ,1.14.14.3, , , , ,-350
2392,,3738.0,alkanal monooxygenase (FMN-linked),kegg:C02278 + kegg:C01847 + kegg:C00007 = kegg:C02679 + kegg:C00061 + kegg:C00001, ,dodecanal(aq) + FMN(reduced) + O2(aq) = dodecanoic acid(aq) + FMN(oxidized) + H2O(l),Mangold A.; Langerman N.; Arch. Biochem. Biophys.; 169 126 (1975).,75MAN/LAN_336,808172.0,10.1016/0003-9861(75)90324-0,298.15,7.0, , ,calorimetry,potassium phosphate (0.15 mol dm-3), ,1.14.14.3, , , , ,-308
2393,,2209.0,hexokinase,kegg:C00002 + kegg:C00031 = kegg:C00008 + kegg:C00092, ,ATP(aq) + D-glucose(aq) = ADP(aq) + D-glucose 6-phosphate(aq),McGlothlin C.D.; Jordan J.; Anal. Chem.; 47 786 (1975).,75MCG/JOR_547, , ,298.15,8.0, , ,calorimetry,Tris glycylglycine glycylglycylglycine and NN-bis(2-hydroxyethyl)-glycine, ,2.7.1.1, , , , ,-71.5-27.2
2394,,2210.0,hexokinase,kegg:C00002 + kegg:C00031 = kegg:C00008 + kegg:C00092, ,ATP(aq) + D-glucose(aq) = ADP(aq) + D-glucose 6-phosphate(aq),McGlothlin C.D.; Jordan J.; Anal. Chem.; 47 786 (1975).,75MCG/JOR_547, , ,298.15,8.0, , ,calorimetry,Tris glycylglycine glycylglycylglycine and NN-bis(2-hydroxyethyl)-glycine, ,2.7.1.1, , , , ,-66.1-28.5
2395,,2211.0,hexokinase,kegg:C00002 + kegg:C00031 = kegg:C00008 + kegg:C00092, ,ATP(aq) + D-glucose(aq) = ADP(aq) + D-glucose 6-phosphate(aq),McGlothlin C.D.; Jordan J.; Anal. Chem.; 47 786 (1975).,75MCG/JOR_547, , ,298.15,8.0, , ,calorimetry,Tris glycylglycine glycylglycylglycine and NN-bis(2-hydroxyethyl)-glycine, ,2.7.1.1, , , , ,-54-27.6
2396,,2212.0,hexokinase,kegg:C00002 + kegg:C00031 = kegg:C00008 + kegg:C00092, ,ATP(aq) + D-glucose(aq) = ADP(aq) + D-glucose 6-phosphate(aq),McGlothlin C.D.; Jordan J.; Anal. Chem.; 47 786 (1975).,75MCG/JOR_547, , ,298.15,8.0, , ,calorimetry,Tris glycylglycine glycylglycylglycine and NN-bis(2-hydroxyethyl)-glycine, ,2.7.1.1, , , , ,-74.9-27.6
2397,2542.0,2339.0,purine-nucleoside phosphorylase,kegg:C00294 + kegg:C00009 = kegg:C00262 + kegg:C00620,CHB_17596 + CHB_26078 = CHB_17368 + CHB_35425,inosine(aq) + orthophosphate(aq) = hypoxanthine(aq) + Î±-D-ribose 1-phosphate(aq),Murakami K.; Tsushima K.; Biochim. Biophys. Acta; 384 390 (1975).,75MUR/TSU_461, , ,310.15,7.5,0.048, ,spectrophotometry,Tris (0.10 mol dm-3) + HCl,mol/L;Tris-HCl=0.1  ,2.4.2.1, , , , , 
2398,2543.0,3315.0,choline O-acetyltransferase,kegg:C00024 + kegg:C00114 = kegg:C00010 + kegg:C01996,CHB_15351 + CHB_15354 = CHB_15346 + CHB_15355,acetyl-CoA(aq) + choline(aq) = CoA(aq) + O-acetylcholine(aq),Pieklik J.R.; Guynn R.W.; J. Biol. Chem.; 250 4445 (1975).,75PIE/GUY_388, , ,298.15,7.03,11.7, ,spectrophotometry,phosphate (0.050 mol dm-3),mol/L;IS=0.25  ,2.3.1.6, , ,0.25, , 
2399,2544.0,3314.0,choline O-acetyltransferase,kegg:C00024 + kegg:C00114 = kegg:C00010 + kegg:C01996,CHB_15351 + CHB_15354 = CHB_15346 + CHB_15355,acetyl-CoA(aq) + choline(aq) = CoA(aq) + O-acetylcholine(aq),Pieklik J.R.; Guynn R.W.; J. Biol. Chem.; 250 4445 (1975).,75PIE/GUY_388, , ,311.15,7.03,12.3, ,spectrophotometry,phosphate (0.050 mol dm-3),mol/L;IS=0.25  ,2.3.1.6, , ,0.25, , 
2400,2545.0,2909.0,carnitine O-acetyltransferase,kegg:C00024 + kegg:C00318 = kegg:C00010 + kegg:C02571,CHB_15351 + CHB_16347 = CHB_15346 + CHB_57589,acetyl-CoA(aq) + L-carnitine(aq) = CoA(aq) + L-acetylcarnitine(aq),Pieklik J.R.; Guynn R.W.; J. Biol. Chem.; 250 4445 (1975).,75PIE/GUY_391,237900.0, ,298.15,7.0,1.6, ,spectrophotometry,phosphate (0.050 mol dm-3),mol/L;IS=0.25  ,2.3.1.7, , ,0.25, , 
2401,2546.0,2908.0,carnitine O-acetyltransferase,kegg:C00024 + kegg:C00318 = kegg:C00010 + kegg:C02571,CHB_15351 + CHB_16347 = CHB_15346 + CHB_57589,acetyl-CoA(aq) + L-carnitine(aq) = CoA(aq) + L-acetylcarnitine(aq),Pieklik J.R.; Guynn R.W.; J. Biol. Chem.; 250 4445 (1975).,75PIE/GUY_391,237900.0, ,311.15,7.0,1.73, ,spectrophotometry,phosphate (0.050 mol dm-3),mol/L;IS=0.25  ,2.3.1.7, , ,0.25, , 
2402,,3640.0,15-hydroxyprostaglandin dehydrogenase (NAD+),kegg:C00584 + kegg:C00003 = kegg:C04707 + kegg:C00004, ,prostaglandin E2(aq) + NAD(aq) = 15-oxo-prostaglandin E2(aq) + NADH(aq),Schlegel W.; Greep R.O.; Eur. J. Biochem.; 56 245 (1975),75SCH/GRE_218,170102.0,10.1111/j.1432-1033.1975.tb02227.x,298.15,7.0,1.77?102, ,spectrophotometry,Tris (0.1 mol dm-3), ,1.1.1.141, , , , , 
2403,,3641.0,15-hydroxyprostaglandin dehydrogenase (NAD+),kegg:C00584 + kegg:C00003 = kegg:C04707 + kegg:C00004, ,prostaglandin E2(aq) + NAD(aq) = 15-oxo-prostaglandin E2(aq) + NADH(aq),Schlegel W.; Greep R.O.; Eur. J. Biochem.; 56 245 (1975),75SCH/GRE_218,170102.0,10.1111/j.1432-1033.1975.tb02227.x,298.15,8.0,1.77?103, ,spectrophotometry,Tris (0.1 mol dm-3), ,1.1.1.141, , , , , 
2404,2549.0,1343.0,malate dehydrogenase,kegg:C00149 + kegg:C00003 = kegg:C00036 + kegg:C00004,CHB_15589 + CHB_15846 = CHB_16452 + CHB_16908,(S)-malate(aq) + NAD(aq) = oxaloacetate(aq) + NADH(aq),Schimerlik M.I.; Rife J.E.; Cleland W.W.; Biochemistry; 14 5347 (1975).,75SCH/RIF_138, , ,298.15,9.3,0.00117, ,spectrophotometry, ,mol/L;pyrophosphate buffer=0.05  ,1.1.1.37, , , , , 
2405,2550,3979.0,malate dehydrogenase (oxaloacetate-decarboxylating) (NADP+),kegg:C00149 + kegg:C00006 + kegg:C00001 = kegg:C00022 + kegg:C00005 + kegg:C00288,CHB_15589 + CHB_18009 = CHB_15361 + CHB_16474 + CHB_16526,(S)-malate(aq) + NADP(aq) + H2O(l) = pyruvate(aq) + NADPH(aq) + carbon dioxide(aq),Schimerlik M.I.; Rife J.E.; Cleland W.W.; Biochemistry; 14 5347 (1975).,75SCH/RIF_150,1191642.0,10.1021/bi00695a020,298.15,7.1,0.03, ,spectrophotometry, ,mol/L;potassium glycine=0.025;potassium acetate=0.025;potassium HEPES=0.025;potassium cacodylate=0.025;carbon dioxide=0.0038;(Mg)1(SO4)1=0.02;(HCO3)1=0.0162;(K)1=0.02;NADPH=0.000079;NADP=0.000102;pyruvate=0.00383;(S)-malate=0.000419 _ nan _ ,1.1.1.40, , ,, , 
2406,, ,protein kinase, , ,ATP(aq) + lysozyme(aq) = ADP(aq) + phospholysozyme(aq),Shizuta Y.; Beavo J.A.; Bechtel P.J.; Hofmann F.; Krebs E.G.; J. Biol. Chem.; 250 6891 (1975).,75SHI/BEA_560,169260.0, ,303.15,6.9,24, ,radioactivity,Mes (0.05 mol dm-3), ,2.7.1.37, , , , , 
2407,2551.0,788.0,ethanolamine-phosphate cytidylyltransferase,kegg:C00063 + kegg:C00346 = kegg:C00013 + kegg:C00570,CHB_17553 + CHB_17677 = CHB_16732 + CHB_18361,CTP(aq) + O-phosphorylethanolamine(aq) = pyrophosphate(aq) + CDPethanolamine(aq),Sundler R.; J. Biol. Chem.; 250 8585 (1975).,75SUN_700,241749.0, ,310.15,7.8,0.46, ,radioactivity,Tris (0.020 mol dm-3) + HCl,mol/L;Tris-HCl=0.02;(Mg)1(Cl)2=0.01;DTT=0.005;CTP=0.002;O-phosphorylethanolamine=0.001;pyrophosphate=0;CDPethanolamine=0  ,2.7.7.14, , , , , 
2408,2552.0,3988.0,coniferyl-alcohol dehydrogenase,kegg:C00590 + kegg:C00006 = kegg:C02666 + kegg:C00005,CHB_17745 + CHB_18009 = CHB_16474 + CHB_16547,coniferyl alcohol(aq) + NADP(aq) = coniferyl aldehyde(aq) + NADPH(aq),Wyrambik D.; Griesbach H.; Eur. J. Biochem.; 59 9 (1975).,75WYR/GRI_223,1250.0,10.1111/j.1432-1033.1975.tb02418.x,303.15,7.8,0.18, ,spectrophotometry,phosphate (0.20 mol dm-3),mol/L;phosphate buffer=0.2  ,1.1.1.194, , , , , 
2409,2553.0,3987.0,coniferyl-alcohol dehydrogenase,kegg:C00590 + kegg:C00006 = kegg:C02666 + kegg:C00005,CHB_17745 + CHB_18009 = CHB_16474 + CHB_16547,coniferyl alcohol(aq) + NADP(aq) = coniferyl aldehyde(aq) + NADPH(aq),Wyrambik D.; Griesbach H.; Eur. J. Biochem.; 59 9 (1975).,75WYR/GRI_223,1250.0,10.1111/j.1432-1033.1975.tb02418.x,303.15,8.0,0.28, ,spectrophotometry,phosphate (0.20 mol dm-3),mol/L;phosphate buffer=0.2  ,1.1.1.194, , , , , 
2410,2554.0,3989.0,coniferyl-alcohol dehydrogenase,kegg:C00590 + kegg:C00006 = kegg:C02666 + kegg:C00005,CHB_17745 + CHB_18009 = CHB_16474 + CHB_16547,coniferyl alcohol(aq) + NADP(aq) = coniferyl aldehyde(aq) + NADPH(aq),Wyrambik D.; Griesbach H.; Eur. J. Biochem.; 59 9 (1975).,75WYR/GRI_223,1250.0,10.1111/j.1432-1033.1975.tb02418.x,303.15,8.8,1.8, ,spectrophotometry,phosphate (0.20 mol dm-3),mol/L;phosphate buffer=0.2  ,1.1.1.194, , , , , 
2411,2555.0,1304.0,penicillin amidase,kegg:C05551 + kegg:C00001 = kegg:C02954 + kegg:C07086,CHB_15377 + CHB_18208 = CHB_16705 + CHB_30745,penicillin G(aq) + H2O(l) = 6-aminopenicillanic acid(aq) + phenylacetic acid(aq),Berezin I.V.; Klyesov A.A.; Margolin A.L.; Nys P.C.; Savitskaya E.M.; Shvyadas V.K.; Antibiotiki; 21 519 (1976).,76BER/KLY_1009,7996.0, ,298.15,5.0,0.003, , , ,   ,3.5.1.11, , , , , 
2412,2556.0,1303.0,penicillin amidase,kegg:C05551 + kegg:C00001 = kegg:C02954 + kegg:C07086,CHB_15377 + CHB_18208 = CHB_16705 + CHB_30745,penicillin G(aq) + H2O(l) = 6-aminopenicillanic acid(aq) + phenylacetic acid(aq),Berezin I.V.; Klyesov A.A.; Margolin A.L.; Nys P.C.; Savitskaya E.M.; Shvyadas V.K.; Antibiotiki; 21 519 (1976).,76BER/KLY_1009,7996.0, ,298.15,6.0,0.022, , , ,   ,3.5.1.11, , , , , 
2413,, ,cytochrome-c oxidase, , ,4 reduced cytochrome c(aq) + O2(aq) = 4 cytochrome c(aq) + 2 H2O(l),Greenwood C.; Brittain T.; Wilson M.; Brunori M.; Biochem. J.; 157 591 (1976).,76GRE/BRI_328,186026.0,10.1042/bj1570591,298.15,7.4,0.75, ,spectrophotometry,potassium phosphate (0.1 mol dm-3), ,1.9.3.1, , , , , 
2414,2559.0,2949.0,alkaline phosphatase,kegg:C00588 + kegg:C00001 = kegg:C00114 + kegg:C00009,CHB_15377 + CHB_18132 = CHB_15354 + CHB_26078,phosphorylcholine(aq) + H2O(l) = choline(aq) + orthophosphate(aq),Guynn R.W.; J. Biol. Chem.; 251 7162 (1976).,76GUY_807,186456.0, ,311.15,6.85,40, ,spectrophotometry,Tris + HCl,1.82 = -log[Mg+2] _ mol/L;IS=0.25;(Mg)1(Cl)2=0.015 _ MgCl2 (0.015 mol/L) _ ,3.1.3.1, ,0.015 MgCl2,0.25, , 
2415,2560.0,2986.0,alkaline phosphatase,kegg:C00588 + kegg:C00001 = kegg:C00114 + kegg:C00009,CHB_15377 + CHB_18132 = CHB_15354 + CHB_26078,phosphorylcholine(aq) + H2O(l) = choline(aq) + orthophosphate(aq),Guynn R.W.; J. Biol. Chem.; 251 7162 (1976).,76GUY_807,186456.0, ,311.15,6.86,39.3, ,spectrophotometry,Tris + HCl,1.85 = -log[Mg+2] _ mol/L;IS=0.25;(Mg)1(Cl)2=0.0141 _ MgCl2 (0.0141 mol/L) _ ,3.1.3.1, ,0.0141 MgCl2,0.25, , 
2416,2564.0,2974.0,alkaline phosphatase,kegg:C00588 + kegg:C00001 = kegg:C00114 + kegg:C00009,CHB_15377 + CHB_18132 = CHB_15354 + CHB_26078,phosphorylcholine(aq) + H2O(l) = choline(aq) + orthophosphate(aq),Guynn R.W.; J. Biol. Chem.; 251 7162 (1976).,76GUY_807,186456.0, ,311.15,6.87,35.7, ,spectrophotometry,Tris + HCl,2.06 = -log[Mg+2] _ mol/L;IS=0.25;(Mg)1(Cl)2=0.0087 _ MgCl2 (0.0087 mol/L) _ ,3.1.3.1, ,0.0087 MgCl2,0.25, , 
2417,2577.0,2979.0,alkaline phosphatase,kegg:C00588 + kegg:C00001 = kegg:C00114 + kegg:C00009,CHB_15377 + CHB_18132 = CHB_15354 + CHB_26078,phosphorylcholine(aq) + H2O(l) = choline(aq) + orthophosphate(aq),Guynn R.W.; J. Biol. Chem.; 251 7162 (1976).,76GUY_807,186456.0, ,311.15,6.88,41.3, ,spectrophotometry,Tris + HCl,2.3 = -log[Mg+2] _ mol/L;IS=0.25;(Mg)1(Cl)2=0.005 _ MgCl2 (0.005 mol/L) _ ,3.1.3.1, ,0.005 MgCl2,0.25, , 
2418,2567.0,2963.0,alkaline phosphatase,kegg:C00588 + kegg:C00001 = kegg:C00114 + kegg:C00009,CHB_15377 + CHB_18132 = CHB_15354 + CHB_26078,phosphorylcholine(aq) + H2O(l) = choline(aq) + orthophosphate(aq),Guynn R.W.; J. Biol. Chem.; 251 7162 (1976).,76GUY_807,186456.0, ,311.15,6.88,43.1, ,spectrophotometry,Tris + HCl,2.3 = -log[Mg+2] _ mol/L;IS=0.25;(Mg)1(Cl)2=0.0056 _ MgCl2 (0.0056 mol/L) _ ,3.1.3.1, ,0.005 MgCl2,0.25, , 
2419,2579.0,2973.0,alkaline phosphatase,kegg:C00588 + kegg:C00001 = kegg:C00114 + kegg:C00009,CHB_15377 + CHB_18132 = CHB_15354 + CHB_26078,phosphorylcholine(aq) + H2O(l) = choline(aq) + orthophosphate(aq),Guynn R.W.; J. Biol. Chem.; 251 7162 (1976).,76GUY_807,186456.0, ,311.15,6.88,44.5, ,spectrophotometry,Tris + HCl,2.3 = -log[Mg+2] _ mol/L;IS=0.25;(Mg)1(Cl)2=0.005 _ MgCl2 (0.005 mol/L) _ ,3.1.3.1, ,0.005 MgCl2,0.25, , 
2420,2580.0,2952.0,alkaline phosphatase,kegg:C00588 + kegg:C00001 = kegg:C00114 + kegg:C00009,CHB_15377 + CHB_18132 = CHB_15354 + CHB_26078,phosphorylcholine(aq) + H2O(l) = choline(aq) + orthophosphate(aq),Guynn R.W.; J. Biol. Chem.; 251 7162 (1976).,76GUY_807,186456.0, ,311.15,6.88,44.7, ,spectrophotometry,Tris + HCl,2.3 = -log[Mg+2] _ mol/L;IS=0.25;(Mg)1(Cl)2=0.005 _ MgCl2 (0.005 mol/L) _ ,3.1.3.1, ,0.005 MgCl2,0.25, , 
2421,2563.0,2976.0,alkaline phosphatase,kegg:C00588 + kegg:C00001 = kegg:C00114 + kegg:C00009,CHB_15377 + CHB_18132 = CHB_15354 + CHB_26078,phosphorylcholine(aq) + H2O(l) = choline(aq) + orthophosphate(aq),Guynn R.W.; J. Biol. Chem.; 251 7162 (1976).,76GUY_807,186456.0, ,311.15,6.88,38.9, ,spectrophotometry,Tris + HCl,1.94 = -log[Mg+2] _ mol/L;IS=0.25;(Mg)1(Cl)2=0.0114 _ MgCl2 (0.0114 mol/L) _ ,3.1.3.1, ,0.0114 MgCl2,0.25, , 
2422,2576.0,2989.0,alkaline phosphatase,kegg:C00588 + kegg:C00001 = kegg:C00114 + kegg:C00009,CHB_15377 + CHB_18132 = CHB_15354 + CHB_26078,phosphorylcholine(aq) + H2O(l) = choline(aq) + orthophosphate(aq),Guynn R.W.; J. Biol. Chem.; 251 7162 (1976).,76GUY_807,186456.0, ,311.15,6.89,39.9, ,spectrophotometry,Tris + HCl,2.3 = -log[Mg+2] _ mol/L;IS=0.25;(Mg)1(Cl)2=0.005 _ MgCl2 (0.005 mol/L) _ ,3.1.3.1, ,0.005 MgCl2,0.25, , 
2423,2608.0,2978.0,alkaline phosphatase,kegg:C00588 + kegg:C00001 = kegg:C00114 + kegg:C00009,CHB_15377 + CHB_18132 = CHB_15354 + CHB_26078,phosphorylcholine(aq) + H2O(l) = choline(aq) + orthophosphate(aq),Guynn R.W.; J. Biol. Chem.; 251 7162 (1976).,76GUY_807,186456.0, ,311.15,6.9,46.9, ,spectrophotometry,Tris + HCl,3.3 = -log[Mg+2] _ mol/L;IS=0.25;(Mg)1(Cl)2=0.0005 _ MgCl2 (0.0005 mol/L) _ ,3.1.3.1, ,0.0005 MgCl2,0.25, , 
2424,2609.0,2956.0,alkaline phosphatase,kegg:C00588 + kegg:C00001 = kegg:C00114 + kegg:C00009,CHB_15377 + CHB_18132 = CHB_15354 + CHB_26078,phosphorylcholine(aq) + H2O(l) = choline(aq) + orthophosphate(aq),Guynn R.W.; J. Biol. Chem.; 251 7162 (1976).,76GUY_807,186456.0, ,311.15,6.9,49, ,spectrophotometry,Tris + HCl,3.3 = -log[Mg+2] _ mol/L;IS=0.25;(Mg)1(Cl)2=0.0005 _ MgCl2 (0.0005 mol/L) _ ,3.1.3.1, ,0.0005 MgCl2,0.25, , 
2425,2583.0,2955.0,alkaline phosphatase,kegg:C00588 + kegg:C00001 = kegg:C00114 + kegg:C00009,CHB_15377 + CHB_18132 = CHB_15354 + CHB_26078,phosphorylcholine(aq) + H2O(l) = choline(aq) + orthophosphate(aq),Guynn R.W.; J. Biol. Chem.; 251 7162 (1976).,76GUY_807,186456.0, ,311.15,6.9,49.6, ,spectrophotometry,Tris + HCl,2.85 = -log[Mg+2] _ mol/L;IS=0.25;(Mg)1(Cl)2=0.0029 _ MgCl2 (0.0029 mol/L) _ ,3.1.3.1, ,0.0014 MgCl2,0.25, , 
2426,2584.0,2947.0,alkaline phosphatase,kegg:C00588 + kegg:C00001 = kegg:C00114 + kegg:C00009,CHB_15377 + CHB_18132 = CHB_15354 + CHB_26078,phosphorylcholine(aq) + H2O(l) = choline(aq) + orthophosphate(aq),Guynn R.W.; J. Biol. Chem.; 251 7162 (1976).,76GUY_807,186456.0, ,311.15,6.9,44.6, ,spectrophotometry,Tris + HCl,2.77 = -log[Mg+2] _ mol/L;IS=0.25;(Mg)1(Cl)2=0.0026 _ MgCl2 (0.0026 mol/L) _ ,3.1.3.1, ,0.0017 MgCl2,0.25, , 
2427,2586.0,2951.0,alkaline phosphatase,kegg:C00588 + kegg:C00001 = kegg:C00114 + kegg:C00009,CHB_15377 + CHB_18132 = CHB_15354 + CHB_26078,phosphorylcholine(aq) + H2O(l) = choline(aq) + orthophosphate(aq),Guynn R.W.; J. Biol. Chem.; 251 7162 (1976).,76GUY_807,186456.0, ,311.15,6.9,45, ,spectrophotometry,Tris + HCl,2.59 = -log[Mg+2] _ mol/L;IS=0.25;(Mg)1(Cl)2=0.0017 _ MgCl2 (0.0017 mol/L) _ ,3.1.3.1, ,0.0026 MgCl2,0.25, , 
2428,2587.0,2962.0,alkaline phosphatase,kegg:C00588 + kegg:C00001 = kegg:C00114 + kegg:C00009,CHB_15377 + CHB_18132 = CHB_15354 + CHB_26078,phosphorylcholine(aq) + H2O(l) = choline(aq) + orthophosphate(aq),Guynn R.W.; J. Biol. Chem.; 251 7162 (1976).,76GUY_807,186456.0, ,311.15,6.9,49.9, ,spectrophotometry,Tris + HCl,2.54 = -log[Mg+2] _ mol/L;IS=0.25;(Mg)1(Cl)2=0.0014 _ MgCl2 (0.0014 mol/L) _ ,3.1.3.1, ,0.0029 MgCl2,0.25, , 
2429,2571.0,2957.0,alkaline phosphatase,kegg:C00588 + kegg:C00001 = kegg:C00114 + kegg:C00009,CHB_15377 + CHB_18132 = CHB_15354 + CHB_26078,phosphorylcholine(aq) + H2O(l) = choline(aq) + orthophosphate(aq),Guynn R.W.; J. Biol. Chem.; 251 7162 (1976).,76GUY_807,186456.0, ,311.15,6.9,34.4, ,spectrophotometry,Tris + HCl,2.3 = -log[Mg+2] _ mol/L;IS=0.25;(Mg)1(Cl)2=0.005 _ MgCl2 (0.005 mol/L) _ ,3.1.3.1, ,0.005 MgCl2,0.25, , 
2430,, ,alkaline phosphatase, , ,phosphorylcholine(aq) + H2O(l) = choline(aq) + orthophosphate(aq),Guynn R.W.; J. Biol. Chem.; 251 7162 (1976).,76GUY_807,186456.0, ,311.15,6.9,34.4, ,spectrophotometry,Tris + HCl, ,3.1.3.1, ,0.005 MgCl2,0.25, , 
2431,2578.0,2950.0,alkaline phosphatase,kegg:C00588 + kegg:C00001 = kegg:C00114 + kegg:C00009,CHB_15377 + CHB_18132 = CHB_15354 + CHB_26078,phosphorylcholine(aq) + H2O(l) = choline(aq) + orthophosphate(aq),Guynn R.W.; J. Biol. Chem.; 251 7162 (1976).,76GUY_807,186456.0, ,311.15,6.9,43.3, ,spectrophotometry,Tris + HCl,2.25 = -log[Mg+2] _ mol/L;IS=0.25;(Mg)1(Cl)2=0.005 _ MgCl2 (0.005 mol/L) _ ,3.1.3.1, ,0.0056 MgCl2,0.25, , 
2432,2566.0,2980.0,alkaline phosphatase,kegg:C00588 + kegg:C00001 = kegg:C00114 + kegg:C00009,CHB_15377 + CHB_18132 = CHB_15354 + CHB_26078,phosphorylcholine(aq) + H2O(l) = choline(aq) + orthophosphate(aq),Guynn R.W.; J. Biol. Chem.; 251 7162 (1976).,76GUY_807,186456.0, ,311.15,6.9,51.4, ,spectrophotometry,Tris + HCl,2.19 = -log[Mg+2] _ mol/L;IS=0.25;(Mg)1(Cl)2=0.0065 _ MgCl2 (0.0065 mol/L) _ ,3.1.3.1, ,0.0065 MgCl2,0.25, , 
2433,2565.0,2970.0,alkaline phosphatase,kegg:C00588 + kegg:C00001 = kegg:C00114 + kegg:C00009,CHB_15377 + CHB_18132 = CHB_15354 + CHB_26078,phosphorylcholine(aq) + H2O(l) = choline(aq) + orthophosphate(aq),Guynn R.W.; J. Biol. Chem.; 251 7162 (1976).,76GUY_807,186456.0, ,311.15,6.9,37.3, ,spectrophotometry,Tris + HCl,2.09 = -log[Mg+2] _ mol/L;IS=0.25;(Mg)1(Cl)2=0.0082 _ MgCl2 (0.0082 mol/L) _ ,3.1.3.1, ,0.0082 MgCl2,0.25, , 
2434,2562.0,2972.0,alkaline phosphatase,kegg:C00588 + kegg:C00001 = kegg:C00114 + kegg:C00009,CHB_15377 + CHB_18132 = CHB_15354 + CHB_26078,phosphorylcholine(aq) + H2O(l) = choline(aq) + orthophosphate(aq),Guynn R.W.; J. Biol. Chem.; 251 7162 (1976).,76GUY_807,186456.0, ,311.15,6.9,38.3, ,spectrophotometry,Tris + HCl,1.92 = -log[Mg+2] _ mol/L;IS=0.25;(Mg)1(Cl)2=0.012 _ MgCl2 (0.012 mol/L) _ ,3.1.3.1, ,0.012 MgCl2,0.25, , 
2435,2594.0,2968.0,alkaline phosphatase,kegg:C00588 + kegg:C00001 = kegg:C00114 + kegg:C00009,CHB_15377 + CHB_18132 = CHB_15354 + CHB_26078,phosphorylcholine(aq) + H2O(l) = choline(aq) + orthophosphate(aq),Guynn R.W.; J. Biol. Chem.; 251 7162 (1976).,76GUY_807,186456.0, ,311.15,6.91,29.9, ,spectrophotometry,Tris + HCl,3.3 = -log[Mg+2] _ mol/L;IS=0.25;(Mg)1(Cl)2=0.0005 _ MgCl2 (0.0005 mol/L) _ ,3.1.3.1, ,0.0005 MgCl2,0.25, , 
2436,2581.0,2960.0,alkaline phosphatase,kegg:C00588 + kegg:C00001 = kegg:C00114 + kegg:C00009,CHB_15377 + CHB_18132 = CHB_15354 + CHB_26078,phosphorylcholine(aq) + H2O(l) = choline(aq) + orthophosphate(aq),Guynn R.W.; J. Biol. Chem.; 251 7162 (1976).,76GUY_807,186456.0, ,311.15,6.92,36.8, ,spectrophotometry,Tris + HCl,2.33 = -log[Mg+2] _ mol/L;IS=0.25;(Mg)1(Cl)2=0.0047 _ MgCl2 (0.0047 mol/L) _ ,3.1.3.1, ,0.0047 MgCl2,0.25, , 
2437,2602.0,2983.0,alkaline phosphatase,kegg:C00588 + kegg:C00001 = kegg:C00114 + kegg:C00009,CHB_15377 + CHB_18132 = CHB_15354 + CHB_26078,phosphorylcholine(aq) + H2O(l) = choline(aq) + orthophosphate(aq),Guynn R.W.; J. Biol. Chem.; 251 7162 (1976).,76GUY_807,186456.0, ,311.15,6.94,36.1, ,spectrophotometry,Tris + HCl,3.3 = -log[Mg+2] _ mol/L;IS=0.25;(Mg)1(Cl)2=0.0005 _ MgCl2 (0.0005 mol/L) _ ,3.1.3.1, ,0.0005 MgCl2,0.25, , 
2438,2582,2954.0,alkaline phosphatase,kegg:C00588 + kegg:C00001 = kegg:C00114 + kegg:C00009,CHB_15377 + CHB_18132 = CHB_15354 + CHB_26078,phosphorylcholine(aq) + H2O(l) = choline(aq) + orthophosphate(aq),Guynn R.W.; J. Biol. Chem.; 251 7162 (1976).,76GUY_807,186456.0, ,311.15,6.94,36.5, ,spectrophotometry,Tris + HCl,3.3 = -log[Mg+2] _ mol/L;IS=0.25;(Mg)1(Cl)2=0.0005 _ MgCl2 (0.0005 mol/L) _  _ mol/L;IS=0.25;(Mg)1(Cl)2=0.0047 _ MgCl2 (0.0047 mol/L) _ ,3.1.3.1, ,0.0005 MgCl2,0.25, , 
2439,2604.0,2975.0,alkaline phosphatase,kegg:C00588 + kegg:C00001 = kegg:C00114 + kegg:C00009,CHB_15377 + CHB_18132 = CHB_15354 + CHB_26078,phosphorylcholine(aq) + H2O(l) = choline(aq) + orthophosphate(aq),Guynn R.W.; J. Biol. Chem.; 251 7162 (1976).,76GUY_807,186456.0, ,311.15,6.94,37.6, ,spectrophotometry,Tris + HCl,3.3 = -log[Mg+2] _ mol/L;IS=0.25;(Mg)1(Cl)2=0.0005 _ MgCl2 (0.0005 mol/L) _ ,3.1.3.1, ,0.0005 MgCl2,0.25, , 
2440,2585.0,2959.0,alkaline phosphatase,kegg:C00588 + kegg:C00001 = kegg:C00114 + kegg:C00009,CHB_15377 + CHB_18132 = CHB_15354 + CHB_26078,phosphorylcholine(aq) + H2O(l) = choline(aq) + orthophosphate(aq),Guynn R.W.; J. Biol. Chem.; 251 7162 (1976).,76GUY_807,186456.0, ,311.15,6.94,39, ,spectrophotometry,Tris + HCl,2.72 = -log[Mg+2] _ mol/L;IS=0.25;(Mg)1(Cl)2=0.0019 _ MgCl2 (0.0019 mol/L) _ ,3.1.3.1, ,0.0019 MgCl2,0.25, , 
2441,2601.0,2958.0,alkaline phosphatase,kegg:C00588 + kegg:C00001 = kegg:C00114 + kegg:C00009,CHB_15377 + CHB_18132 = CHB_15354 + CHB_26078,phosphorylcholine(aq) + H2O(l) = choline(aq) + orthophosphate(aq),Guynn R.W.; J. Biol. Chem.; 251 7162 (1976).,76GUY_807,186456.0, ,311.15,6.95,34.6, ,spectrophotometry,Tris + HCl,3.3 = -log[Mg+2] _ mol/L;IS=0.25;(Mg)1(Cl)2=0.0005 _ MgCl2 (0.0005 mol/L) _ ,3.1.3.1, ,0.0005 MgCl2,0.25, , 
2442,2605.0,2971.0,alkaline phosphatase,kegg:C00588 + kegg:C00001 = kegg:C00114 + kegg:C00009,CHB_15377 + CHB_18132 = CHB_15354 + CHB_26078,phosphorylcholine(aq) + H2O(l) = choline(aq) + orthophosphate(aq),Guynn R.W.; J. Biol. Chem.; 251 7162 (1976).,76GUY_807,186456.0, ,311.15,6.95,39.4, ,spectrophotometry,Tris + HCl,3.3 = -log[Mg+2] _ mol/L;IS=0.25;(Mg)1(Cl)2=0.0005 _ MgCl2 (0.0005 mol/L) _ ,3.1.3.1, ,0.0005 MgCl2,0.25, , 
2443,2606.0,2967.0,alkaline phosphatase,kegg:C00588 + kegg:C00001 = kegg:C00114 + kegg:C00009,CHB_15377 + CHB_18132 = CHB_15354 + CHB_26078,phosphorylcholine(aq) + H2O(l) = choline(aq) + orthophosphate(aq),Guynn R.W.; J. Biol. Chem.; 251 7162 (1976).,76GUY_807,186456.0, ,311.15,6.95,39.9, ,spectrophotometry,Tris + HCl,3.3 = -log[Mg+2] _ mol/L;IS=0.25;(Mg)1(Cl)2=0.0005 _ MgCl2 (0.0005 mol/L) _ ,3.1.3.1, ,0.0005 MgCl2,0.25, , 
2444,2607.0,2940.0,alkaline phosphatase,kegg:C00588 + kegg:C00001 = kegg:C00114 + kegg:C00009,CHB_15377 + CHB_18132 = CHB_15354 + CHB_26078,phosphorylcholine(aq) + H2O(l) = choline(aq) + orthophosphate(aq),Guynn R.W.; J. Biol. Chem.; 251 7162 (1976).,76GUY_807,186456.0, ,311.15,6.95,40.1, ,spectrophotometry,Tris + HCl,3.3 = -log[Mg+2] _ mol/L;IS=0.25;(Mg)1(Cl)2=0.0005 _ MgCl2 (0.0005 mol/L) _ ,3.1.3.1, ,0.0005 MgCl2,0.25, , 
2445,2561.0,2948.0,alkaline phosphatase,kegg:C00588 + kegg:C00001 = kegg:C00114 + kegg:C00009,CHB_15377 + CHB_18132 = CHB_15354 + CHB_26078,phosphorylcholine(aq) + H2O(l) = choline(aq) + orthophosphate(aq),Guynn R.W.; J. Biol. Chem.; 251 7162 (1976).,76GUY_807,186456.0, ,311.15,6.95,37.4, ,spectrophotometry,Tris + HCl,1.92 = -log[Mg+2] _ mol/L;IS=0.25;(Mg)1(Cl)2=0.0121 _ MgCl2 (0.0121 mol/L) _ ,3.1.3.1, ,0.0121 MgCl2,0.25, , 
2446,2598.0,2943.0,alkaline phosphatase,kegg:C00588 + kegg:C00001 = kegg:C00114 + kegg:C00009,CHB_15377 + CHB_18132 = CHB_15354 + CHB_26078,phosphorylcholine(aq) + H2O(l) = choline(aq) + orthophosphate(aq),Guynn R.W.; J. Biol. Chem.; 251 7162 (1976).,76GUY_807,186456.0, ,311.15,7.08,31.6, ,spectrophotometry,Tris + HCl,3.3 = -log[Mg+2] _ mol/L;IS=0.25;(Mg)1(Cl)2=0.0005 _ MgCl2 (0.0005 mol/L) _ ,3.1.3.1, ,0.0005 MgCl2,0.25, , 
2447,2599.0,2942.0,alkaline phosphatase,kegg:C00588 + kegg:C00001 = kegg:C00114 + kegg:C00009,CHB_15377 + CHB_18132 = CHB_15354 + CHB_26078,phosphorylcholine(aq) + H2O(l) = choline(aq) + orthophosphate(aq),Guynn R.W.; J. Biol. Chem.; 251 7162 (1976).,76GUY_807,186456.0, ,311.15,7.08,32.4, ,spectrophotometry,Tris + HCl,3.3 = -log[Mg+2] _ mol/L;IS=0.25;(Mg)1(Cl)2=0.0005 _ MgCl2 (0.0005 mol/L) _ ,3.1.3.1, ,0.0005 MgCl2,0.25, , 
2448,2592.0,2969.0,alkaline phosphatase,kegg:C00588 + kegg:C00001 = kegg:C00114 + kegg:C00009,CHB_15377 + CHB_18132 = CHB_15354 + CHB_26078,phosphorylcholine(aq) + H2O(l) = choline(aq) + orthophosphate(aq),Guynn R.W.; J. Biol. Chem.; 251 7162 (1976).,76GUY_807,186456.0, ,311.15,7.09,28.2, ,spectrophotometry,Tris + HCl,3.3 = -log[Mg+2] _ mol/L;IS=0.25;(Mg)1(Cl)2=0.0005 _ MgCl2 (0.0005 mol/L) _ ,3.1.3.1, ,0.0005 MgCl2,0.25, , 
2449,2595.0,2977.0,alkaline phosphatase,kegg:C00588 + kegg:C00001 = kegg:C00114 + kegg:C00009,CHB_15377 + CHB_18132 = CHB_15354 + CHB_26078,phosphorylcholine(aq) + H2O(l) = choline(aq) + orthophosphate(aq),Guynn R.W.; J. Biol. Chem.; 251 7162 (1976).,76GUY_807,186456.0, ,311.15,7.09,30.4, ,spectrophotometry,Tris + HCl,3.3 = -log[Mg+2] _ mol/L;IS=0.25;(Mg)1(Cl)2=0.0005 _ MgCl2 (0.0005 mol/L) _ ,3.1.3.1, ,0.0005 MgCl2,0.25, , 
2450,2573.0,2987.0,alkaline phosphatase,kegg:C00588 + kegg:C00001 = kegg:C00114 + kegg:C00009,CHB_15377 + CHB_18132 = CHB_15354 + CHB_26078,phosphorylcholine(aq) + H2O(l) = choline(aq) + orthophosphate(aq),Guynn R.W.; J. Biol. Chem.; 251 7162 (1976).,76GUY_807,186456.0, ,311.15,7.15,35.9, ,spectrophotometry,Tris + HCl,2.3 = -log[Mg+2] _ mol/L;IS=0.25;(Mg)1(Cl)2=0.005 _ MgCl2 (0.005 mol/L) _ ,3.1.3.1, ,0.005 MgCl2,0.25, , 
2451,2575.0,2964.0,alkaline phosphatase,kegg:C00588 + kegg:C00001 = kegg:C00114 + kegg:C00009,CHB_15377 + CHB_18132 = CHB_15354 + CHB_26078,phosphorylcholine(aq) + H2O(l) = choline(aq) + orthophosphate(aq),Guynn R.W.; J. Biol. Chem.; 251 7162 (1976).,76GUY_807,186456.0, ,311.15,7.15,36.9, ,spectrophotometry,Tris + HCl,2.3 = -log[Mg+2] _ mol/L;IS=0.25;(Mg)1(Cl)2=0.005 _ MgCl2 (0.005 mol/L) _ ,3.1.3.1, ,0.005 MgCl2,0.25, , 
2452,2570.0,2984.0,alkaline phosphatase,kegg:C00588 + kegg:C00001 = kegg:C00114 + kegg:C00009,CHB_15377 + CHB_18132 = CHB_15354 + CHB_26078,phosphorylcholine(aq) + H2O(l) = choline(aq) + orthophosphate(aq),Guynn R.W.; J. Biol. Chem.; 251 7162 (1976).,76GUY_807,186456.0, ,311.15,7.16,34, ,spectrophotometry,Tris + HCl,2.3 = -log[Mg+2] _ mol/L;IS=0.25;(Mg)1(Cl)2=0.005 _ MgCl2 (0.005 mol/L) _ ,3.1.3.1, ,0.005 MgCl2,0.25, , 
2453,2591.0,2944.0,alkaline phosphatase,kegg:C00588 + kegg:C00001 = kegg:C00114 + kegg:C00009,CHB_15377 + CHB_18132 = CHB_15354 + CHB_26078,phosphorylcholine(aq) + H2O(l) = choline(aq) + orthophosphate(aq),Guynn R.W.; J. Biol. Chem.; 251 7162 (1976).,76GUY_807,186456.0, ,311.15,7.22,26.7, ,spectrophotometry,Tris + HCl,3.3 = -log[Mg+2] _ mol/L;IS=0.25;(Mg)1(Cl)2=0.0005 _ MgCl2 (0.0005 mol/L) _ ,3.1.3.1, ,0.0005 MgCl2,0.25, , 
2454,2596.0,2981.0,alkaline phosphatase,kegg:C00588 + kegg:C00001 = kegg:C00114 + kegg:C00009,CHB_15377 + CHB_18132 = CHB_15354 + CHB_26078,phosphorylcholine(aq) + H2O(l) = choline(aq) + orthophosphate(aq),Guynn R.W.; J. Biol. Chem.; 251 7162 (1976).,76GUY_807,186456.0, ,311.15,7.23,31.3, ,spectrophotometry,Tris + HCl,3.3 = -log[Mg+2] _ mol/L;IS=0.25;(Mg)1(Cl)2=0.0005 _ MgCl2 (0.0005 mol/L) _ ,3.1.3.1, ,0.0005 MgCl2,0.25, , 
2455,2600.0,2941.0,alkaline phosphatase,kegg:C00588 + kegg:C00001 = kegg:C00114 + kegg:C00009,CHB_15377 + CHB_18132 = CHB_15354 + CHB_26078,phosphorylcholine(aq) + H2O(l) = choline(aq) + orthophosphate(aq),Guynn R.W.; J. Biol. Chem.; 251 7162 (1976).,76GUY_807,186456.0, ,311.15,7.23,34.1, ,spectrophotometry,Tris + HCl,3.3 = -log[Mg+2] _ mol/L;IS=0.25;(Mg)1(Cl)2=0.0005 _ MgCl2 (0.0005 mol/L) _ ,3.1.3.1, ,0.0005 MgCl2,0.25, , 
2456,2568.0,2965.0,alkaline phosphatase,kegg:C00588 + kegg:C00001 = kegg:C00114 + kegg:C00009,CHB_15377 + CHB_18132 = CHB_15354 + CHB_26078,phosphorylcholine(aq) + H2O(l) = choline(aq) + orthophosphate(aq),Guynn R.W.; J. Biol. Chem.; 251 7162 (1976).,76GUY_807,186456.0, ,311.15,7.32,33.5, ,spectrophotometry,Tris + HCl,2.3 = -log[Mg+2] _ mol/L;IS=0.25;(Mg)1(Cl)2=0.005 _ MgCl2 (0.005 mol/L) _ ,3.1.3.1, ,0.005 MgCl2,0.25, , 
2457,2572.0,2966.0,alkaline phosphatase,kegg:C00588 + kegg:C00001 = kegg:C00114 + kegg:C00009,CHB_15377 + CHB_18132 = CHB_15354 + CHB_26078,phosphorylcholine(aq) + H2O(l) = choline(aq) + orthophosphate(aq),Guynn R.W.; J. Biol. Chem.; 251 7162 (1976).,76GUY_807,186456.0, ,311.15,7.32,34.4, ,spectrophotometry,Tris + HCl,2.3 = -log[Mg+2] _ mol/L;IS=0.25;(Mg)1(Cl)2=0.005 _ MgCl2 (0.005 mol/L) _ ,3.1.3.1, ,0.005 MgCl2,0.25, , 
2458,2569.0,2953.0,alkaline phosphatase,kegg:C00588 + kegg:C00001 = kegg:C00114 + kegg:C00009,CHB_15377 + CHB_18132 = CHB_15354 + CHB_26078,phosphorylcholine(aq) + H2O(l) = choline(aq) + orthophosphate(aq),Guynn R.W.; J. Biol. Chem.; 251 7162 (1976).,76GUY_807,186456.0, ,311.15,7.35,33.6, ,spectrophotometry,Tris + HCl,2.3 = -log[Mg+2] _ mol/L;IS=0.25;(Mg)1(Cl)2=0.005 _ MgCl2 (0.005 mol/L) _ ,3.1.3.1, ,0.005 MgCl2,0.25, , 
2459,2574.0,2990.0,alkaline phosphatase,kegg:C00588 + kegg:C00001 = kegg:C00114 + kegg:C00009,CHB_15377 + CHB_18132 = CHB_15354 + CHB_26078,phosphorylcholine(aq) + H2O(l) = choline(aq) + orthophosphate(aq),Guynn R.W.; J. Biol. Chem.; 251 7162 (1976).,76GUY_807,186456.0, ,311.15,7.35,36.8, ,spectrophotometry,Tris + HCl,2.3 = -log[Mg+2] _ mol/L;IS=0.25;(Mg)1(Cl)2=0.005 _ MgCl2 (0.005 mol/L) _ ,3.1.3.1, ,0.005 MgCl2,0.25, , 
2460,2589.0,2945.0,alkaline phosphatase,kegg:C00588 + kegg:C00001 = kegg:C00114 + kegg:C00009,CHB_15377 + CHB_18132 = CHB_15354 + CHB_26078,phosphorylcholine(aq) + H2O(l) = choline(aq) + orthophosphate(aq),Guynn R.W.; J. Biol. Chem.; 251 7162 (1976).,76GUY_807,186456.0, ,311.15,7.92,24.1, ,spectrophotometry,Tris + HCl,3.3 = -log[Mg+2] _ mol/L;IS=0.25;(Mg)1(Cl)2=0.0005 _ MgCl2 (0.0005 mol/L) _ ,3.1.3.1, ,0.0005 MgCl2,0.25, , 
2461,2590.0,2946.0,alkaline phosphatase,kegg:C00588 + kegg:C00001 = kegg:C00114 + kegg:C00009,CHB_15377 + CHB_18132 = CHB_15354 + CHB_26078,phosphorylcholine(aq) + H2O(l) = choline(aq) + orthophosphate(aq),Guynn R.W.; J. Biol. Chem.; 251 7162 (1976).,76GUY_807,186456.0, ,311.15,7.92,25.5, ,spectrophotometry,Tris + HCl,3.3 = -log[Mg+2] _ mol/L;IS=0.25;(Mg)1(Cl)2=0.0005 _ MgCl2 (0.0005 mol/L) _ ,3.1.3.1, ,0.0005 MgCl2,0.25, , 
2462,2588.0,2985.0,alkaline phosphatase,kegg:C00588 + kegg:C00001 = kegg:C00114 + kegg:C00009,CHB_15377 + CHB_18132 = CHB_15354 + CHB_26078,phosphorylcholine(aq) + H2O(l) = choline(aq) + orthophosphate(aq),Guynn R.W.; J. Biol. Chem.; 251 7162 (1976).,76GUY_807,186456.0, ,311.15,7.99,21.6, ,spectrophotometry,Tris + HCl,3.3 = -log[Mg+2] _ mol/L;IS=0.25;(Mg)1(Cl)2=0.0005 _ MgCl2 (0.0005 mol/L) _ ,3.1.3.1, ,0.0005 MgCl2,0.25, , 
2463,2593.0,2988.0,alkaline phosphatase,kegg:C00588 + kegg:C00001 = kegg:C00114 + kegg:C00009,CHB_15377 + CHB_18132 = CHB_15354 + CHB_26078,phosphorylcholine(aq) + H2O(l) = choline(aq) + orthophosphate(aq),Guynn R.W.; J. Biol. Chem.; 251 7162 (1976).,76GUY_807,186456.0, ,311.15,7.99,28.9, ,spectrophotometry,Tris + HCl,3.3 = -log[Mg+2] _ mol/L;IS=0.25;(Mg)1(Cl)2=0.0005 _ MgCl2 (0.0005 mol/L) _ ,3.1.3.1, ,0.0005 MgCl2,0.25, , 
2464,2610.0,3251.0,phosphoglycerate mutase,kegg:C00631 = kegg:C00197,CHB_17835 = CHB_17794,2-phospho-D-glycerate(aq) = 3-phospho-D-glycerate(aq),Hill B.; Attwood M.M.; J. Gen. Microbiol.; 96 185 (1976).,76HIL/ATT_1397,10346.0,10.1099/00221287-96-1-185,303.15,7.3,11.3, ,enzymatic assay and spectrophotometry,imidazole (0.05 mol dm-3) + HCl,mol/L;imidazole-HCl=0.05;(Mg)1(Cl)2=0.00175  ,5.4.2.1, , , , , 
2465,,4088.0,malate dehydrogenase,kegg:C00149 + kegg:C00003 = kegg:C00036 + kegg:C00004, ,(S)-malate(aq) + NAD(aq) = oxaloacetate(aq) + NADH(aq),Jespersen N.; Thermochim. Acta; 17 23 (1976).,76JES_139, , ,298.15,7.4, , ,calorimetry,phosphate (0.5 mol dm-3), ,1.1.1.37, , , , ,89.5
2466,2623.0,4225.0,adenylate kinase,2 kegg:C00008 = kegg:C00020 + kegg:C00002,2 CHB_16761 = CHB_15422 + CHB_16027,2 ADP(aq) = AMP(aq) + ATP(aq),"Lawson J.W.R.; Guynn R.W.; Cornell N.; Veech R.L.; in ""Gluconeogenesis: Its Regulation in Mammalian Species""; R.W. Hanson and M.A. Mehlman eds.; John Wiley and Sons New York (1976) pp. 481-512.",76LAW/GUY_649, , ,310.15,6.89,0.964, ,enzymatic assay; spectrophotometry,phosphate (0.0095 M - 0.0097 mol dm-3),2.96 = -log[Mg+2] _ mol/L;IS=0.25;phosphate buffer=0.0096;(Mg)1=0.0011 _ Mg2+ (0.0011 mol/L) _ ,2.7.4.3, ,0.0011 Mg2+,0.25, , 
2467,2620.0,4233.0,adenylate kinase,2 kegg:C00008 = kegg:C00020 + kegg:C00002,2 CHB_16761 = CHB_15422 + CHB_16027,2 ADP(aq) = AMP(aq) + ATP(aq),"Lawson J.W.R.; Guynn R.W.; Cornell N.; Veech R.L.; in ""Gluconeogenesis: Its Regulation in Mammalian Species""; R.W. Hanson and M.A. Mehlman eds.; John Wiley and Sons New York (1976) pp. 481-512.",76LAW/GUY_649, , ,310.15,6.9,0.982, ,enzymatic assay; spectrophotometry,phosphate (0.0095 M - 0.0097 mol dm-3),2.97 = -log[Mg+2] _ mol/L;IS=0.25;phosphate buffer=0.0096;(Mg)1=0.00108 _ Mg2+ (0.00108 mol/L) _ ,2.7.4.3, ,0.00108 Mg2+,0.25, , 
2468,2621.0,4223.0,adenylate kinase,2 kegg:C00008 = kegg:C00020 + kegg:C00002,2 CHB_16761 = CHB_15422 + CHB_16027,2 ADP(aq) = AMP(aq) + ATP(aq),"Lawson J.W.R.; Guynn R.W.; Cornell N.; Veech R.L.; in ""Gluconeogenesis: Its Regulation in Mammalian Species""; R.W. Hanson and M.A. Mehlman eds.; John Wiley and Sons New York (1976) pp. 481-512.",76LAW/GUY_649, , ,310.15,6.91,0.98, ,enzymatic assay; spectrophotometry,phosphate (0.0095 M - 0.0097 mol dm-3),2.97 = -log[Mg+2] _ mol/L;IS=0.25;phosphate buffer=0.0096;(Mg)1=0.00108 _ Mg2+ (0.00108 mol/L) _ ,2.7.4.3, ,0.00108 Mg2+,0.25, , 
2469,2622.0,4227.0,adenylate kinase,2 kegg:C00008 = kegg:C00020 + kegg:C00002,2 CHB_16761 = CHB_15422 + CHB_16027,2 ADP(aq) = AMP(aq) + ATP(aq),"Lawson J.W.R.; Guynn R.W.; Cornell N.; Veech R.L.; in ""Gluconeogenesis: Its Regulation in Mammalian Species""; R.W. Hanson and M.A. Mehlman eds.; John Wiley and Sons New York (1976) pp. 481-512.",76LAW/GUY_649, , ,310.15,6.91,0.983, ,enzymatic assay; spectrophotometry,phosphate (0.0095 M - 0.0097 mol dm-3),2.97 = -log[Mg+2] _ mol/L;IS=0.25;phosphate buffer=0.0096;(Mg)1=0.00108 _ Mg2+ (0.00108 mol/L) _ ,2.7.4.3, ,0.00108 Mg2+,0.25, , 
2470,2615.0,4228.0,adenylate kinase,2 kegg:C00008 = kegg:C00020 + kegg:C00002,2 CHB_16761 = CHB_15422 + CHB_16027,2 ADP(aq) = AMP(aq) + ATP(aq),"Lawson J.W.R.; Guynn R.W.; Cornell N.; Veech R.L.; in ""Gluconeogenesis: Its Regulation in Mammalian Species""; R.W. Hanson and M.A. Mehlman eds.; John Wiley and Sons New York (1976) pp. 481-512.",76LAW/GUY_649, , ,310.15,6.97,0.929, ,enzymatic assay; spectrophotometry,phosphate (0.0095 M - 0.0097 mol dm-3),3.42 = -log[Mg+2] _ mol/L;IS=0.25;phosphate buffer=0.0096;(Mg)1=0.00038 _ Mg2+ (0.00038 mol/L) _ ,2.7.4.3, ,0.00038 Mg2+,0.25, , 
2471,2616.0,4229.0,adenylate kinase,2 kegg:C00008 = kegg:C00020 + kegg:C00002,2 CHB_16761 = CHB_15422 + CHB_16027,2 ADP(aq) = AMP(aq) + ATP(aq),"Lawson J.W.R.; Guynn R.W.; Cornell N.; Veech R.L.; in ""Gluconeogenesis: Its Regulation in Mammalian Species""; R.W. Hanson and M.A. Mehlman eds.; John Wiley and Sons New York (1976) pp. 481-512.",76LAW/GUY_649, , ,310.15,6.97,0.981, ,enzymatic assay; spectrophotometry,phosphate (0.0095 M - 0.0097 mol dm-3),3.42 = -log[Mg+2] _ mol/L;IS=0.25;phosphate buffer=0.0096;(Mg)1=0.00038 _ Mg2+ (0.00038 mol/L) _ ,2.7.4.3, ,0.00038 Mg2+,0.25, , 
2472,2613.0,4218.0,adenylate kinase,2 kegg:C00008 = kegg:C00020 + kegg:C00002,2 CHB_16761 = CHB_15422 + CHB_16027,2 ADP(aq) = AMP(aq) + ATP(aq),"Lawson J.W.R.; Guynn R.W.; Cornell N.; Veech R.L.; in ""Gluconeogenesis: Its Regulation in Mammalian Species""; R.W. Hanson and M.A. Mehlman eds.; John Wiley and Sons New York (1976) pp. 481-512.",76LAW/GUY_649, , ,310.15,6.98,0.871, ,enzymatic assay; spectrophotometry,phosphate (0.0095 M - 0.0097 mol dm-3),3.44 = -log[Mg+2] _ mol/L;IS=0.25;phosphate buffer=0.0096;(Mg)1=0.00036 _ Mg2+ (0.00036 mol/L) _ ,2.7.4.3, ,0.00036 Mg2+,0.25, , 
2473,2614.0,4231.0,adenylate kinase,2 kegg:C00008 = kegg:C00020 + kegg:C00002,2 CHB_16761 = CHB_15422 + CHB_16027,2 ADP(aq) = AMP(aq) + ATP(aq),"Lawson J.W.R.; Guynn R.W.; Cornell N.; Veech R.L.; in ""Gluconeogenesis: Its Regulation in Mammalian Species""; R.W. Hanson and M.A. Mehlman eds.; John Wiley and Sons New York (1976) pp. 481-512.",76LAW/GUY_649, , ,310.15,6.98,0.946, ,enzymatic assay; spectrophotometry,phosphate (0.0095 M - 0.0097 mol dm-3),3.43 = -log[Mg+2] _ mol/L;IS=0.25;phosphate buffer=0.0096;(Mg)1=0.00037 _ Mg2+ (0.00037 mol/L) _ ,2.7.4.3, ,0.00037 Mg2+,0.25, , 
2474,2611.0,4226.0,adenylate kinase,2 kegg:C00008 = kegg:C00020 + kegg:C00002,2 CHB_16761 = CHB_15422 + CHB_16027,2 ADP(aq) = AMP(aq) + ATP(aq),"Lawson J.W.R.; Guynn R.W.; Cornell N.; Veech R.L.; in ""Gluconeogenesis: Its Regulation in Mammalian Species""; R.W. Hanson and M.A. Mehlman eds.; John Wiley and Sons New York (1976) pp. 481-512.",76LAW/GUY_649, , ,310.15,6.99,0.708, ,enzymatic assay; spectrophotometry,phosphate (0.0095 M - 0.0097 mol dm-3),4.0 = -log[Mg+2] _ mol/L;IS=0.25;phosphate buffer=0.0096;(Mg)1=0.0001 _ Mg2+ (0.0001 mol/L) _ ,2.7.4.3, ,0.0001 Mg2+,0.25, , 
2475,2612.0,4219.0,adenylate kinase,2 kegg:C00008 = kegg:C00020 + kegg:C00002,2 CHB_16761 = CHB_15422 + CHB_16027,2 ADP(aq) = AMP(aq) + ATP(aq),"Lawson J.W.R.; Guynn R.W.; Cornell N.; Veech R.L.; in ""Gluconeogenesis: Its Regulation in Mammalian Species""; R.W. Hanson and M.A. Mehlman eds.; John Wiley and Sons New York (1976) pp. 481-512.",76LAW/GUY_649, , ,310.15,6.99,0.899, ,enzymatic assay; spectrophotometry,phosphate (0.0095 M - 0.0097 mol dm-3),3.6 = -log[Mg+2] _ mol/L;IS=0.25;phosphate buffer=0.0096;(Mg)1=0.00025 _ Mg2+ (0.00025 mol/L) _ ,2.7.4.3, ,0.00025 Mg2+,0.25, , 
2476,2617.0,4224.0,adenylate kinase,2 kegg:C00008 = kegg:C00020 + kegg:C00002,2 CHB_16761 = CHB_15422 + CHB_16027,2 ADP(aq) = AMP(aq) + ATP(aq),"Lawson J.W.R.; Guynn R.W.; Cornell N.; Veech R.L.; in ""Gluconeogenesis: Its Regulation in Mammalian Species""; R.W. Hanson and M.A. Mehlman eds.; John Wiley and Sons New York (1976) pp. 481-512.",76LAW/GUY_649, , ,310.15,6.99,1.014, ,enzymatic assay; spectrophotometry,phosphate (0.0095 M - 0.0097 mol dm-3),3.36 = -log[Mg+2] _ mol/L;IS=0.25;phosphate buffer=0.0096;(Mg)1=0.00044 _ Mg2+ (0.00044 mol/L) _ ,2.7.4.3, ,0.00044 Mg2+,0.25, , 
2477,2618.0,4222.0,adenylate kinase,2 kegg:C00008 = kegg:C00020 + kegg:C00002,2 CHB_16761 = CHB_15422 + CHB_16027,2 ADP(aq) = AMP(aq) + ATP(aq),"Lawson J.W.R.; Guynn R.W.; Cornell N.; Veech R.L.; in ""Gluconeogenesis: Its Regulation in Mammalian Species""; R.W. Hanson and M.A. Mehlman eds.; John Wiley and Sons New York (1976) pp. 481-512.",76LAW/GUY_649, , ,310.15,6.99,1.044, ,enzymatic assay; spectrophotometry,phosphate (0.0095 M - 0.0097 mol dm-3),3.18 = -log[Mg+2] _ mol/L;IS=0.25;phosphate buffer=0.0096;(Mg)1=0.00066 _ Mg2+ (0.00066 mol/L) _ ,2.7.4.3, ,0.00066 Mg2+,0.25, , 
2478,2619.0,4220.0,adenylate kinase,2 kegg:C00008 = kegg:C00020 + kegg:C00002,2 CHB_16761 = CHB_15422 + CHB_16027,2 ADP(aq) = AMP(aq) + ATP(aq),"Lawson J.W.R.; Guynn R.W.; Cornell N.; Veech R.L.; in ""Gluconeogenesis: Its Regulation in Mammalian Species""; R.W. Hanson and M.A. Mehlman eds.; John Wiley and Sons New York (1976) pp. 481-512.",76LAW/GUY_649, , ,310.15,6.99,1.06, ,enzymatic assay; spectrophotometry,phosphate (0.0095 M - 0.0097 mol dm-3),3.08 = -log[Mg+2] _ mol/L;IS=0.25;phosphate buffer=0.0096;(Mg)1=0.00083 _ Mg2+ (0.00083 mol/L) _ ,2.7.4.3, ,0.00083 Mg2+,0.25, , 
2479,2624.0,4221.0,adenylate kinase,2 kegg:C00008 = kegg:C00020 + kegg:C00002,2 CHB_16761 = CHB_15422 + CHB_16027,2 ADP(aq) = AMP(aq) + ATP(aq),"Lawson J.W.R.; Guynn R.W.; Cornell N.; Veech R.L.; in ""Gluconeogenesis: Its Regulation in Mammalian Species""; R.W. Hanson and M.A. Mehlman eds.; John Wiley and Sons New York (1976) pp. 481-512.",76LAW/GUY_649, , ,310.15,6.99,0.842, ,enzymatic assay; spectrophotometry,phosphate (0.0095 M - 0.0097 mol dm-3),2.71 = -log[Mg+2] _ mol/L;IS=0.25;phosphate buffer=0.0096;(Mg)1=0.00195 _ Mg2+ (0.00195 mol/L) _ ,2.7.4.3, ,0.00195 Mg2+,0.25, , 
2480,2625.0,4232.0,adenylate kinase,2 kegg:C00008 = kegg:C00020 + kegg:C00002,2 CHB_16761 = CHB_15422 + CHB_16027,2 ADP(aq) = AMP(aq) + ATP(aq),"Lawson J.W.R.; Guynn R.W.; Cornell N.; Veech R.L.; in ""Gluconeogenesis: Its Regulation in Mammalian Species""; R.W. Hanson and M.A. Mehlman eds.; John Wiley and Sons New York (1976) pp. 481-512.",76LAW/GUY_649, , ,310.15,6.99,0.572, ,enzymatic assay; spectrophotometry,phosphate (0.0095 M - 0.0097 mol dm-3),2.35 = -log[Mg+2] _ mol/L;IS=0.25;phosphate buffer=0.0096;(Mg)1=0.00445 _ Mg2+ (0.00445 mol/L) _ ,2.7.4.3, ,0.00445 Mg2+,0.25, , 
2481,2626.0,4230.0,adenylate kinase,2 kegg:C00008 = kegg:C00020 + kegg:C00002,2 CHB_16761 = CHB_15422 + CHB_16027,2 ADP(aq) = AMP(aq) + ATP(aq),"Lawson J.W.R.; Guynn R.W.; Cornell N.; Veech R.L.; in ""Gluconeogenesis: Its Regulation in Mammalian Species""; R.W. Hanson and M.A. Mehlman eds.; John Wiley and Sons New York (1976) pp. 481-512.",76LAW/GUY_649, , ,310.15,6.99,0.38, ,enzymatic assay; spectrophotometry,phosphate (0.0095 M - 0.0097 mol dm-3),2.0 = -log[Mg+2] _ mol/L;IS=0.25;phosphate buffer=0.0096;(Mg)1=0.00998 _ Mg2+ (0.00998 mol/L) _ ,2.7.4.3, ,0.00998 Mg2+,0.25, , 
2482,2628.0,934.0,alkaline phosphatase,kegg:C00092 + kegg:C00001 = kegg:C00031 + kegg:C00009,CHB_15377 + CHB_4170 = CHB_26078 + CHB_4167,D-glucose 6-phosphate(aq) + H2O(l) = D-glucose(aq) + orthophosphate(aq),"Lawson J.W.R.; Guynn R.W.; Cornell N.; Veech R.L.; in ""Gluconeogenesis: Its Regulation in Mammalian Species""; R.W. Hanson and M.A. Mehlman eds.; John Wiley and Sons New York (1976) pp. 481-512.",76LAW/GUY_773, , ,310.15,6.99,110, ,enzymatic assay; spectrophotometry,phosphate (0.098 mol dm-3),3.0 = -log[Mg+2] _ mol/L;IS=0.25;phosphate buffer=0.098;(Mg)1=0.001  ,3.1.3.1, , ,0.25, , 
2483,2627.0,144.0,fructose-biphosphatase,kegg:C00354 + kegg:C00001 = kegg:C00085 + kegg:C00009,CHB_15377 + CHB_40595 = CHB_26078 + CHB_61553,"D-fructose 1,6-bisphosphate(aq) + H2O(l) = D-fructose 6-phosphate(aq) + orthophosphate(aq)","Lawson J.W.R.; Guynn R.W.; Cornell N.; Veech R.L.; in ""Gluconeogenesis: Its Regulation in Mammalian Species""; R.W. Hanson and M.A. Mehlman eds.; John Wiley and Sons New York (1976) pp. 481-512.",76LAW/GUY_830, , ,310.15,6.99,174, ,enzymatic assay; spectrophotometry,phosphate (0.104 mol dm-3),3.05 = -log[Mg+2] _ mol/L;IS=0.25;phosphate buffer=0.104;(Mg)1=0.001  ,3.1.3.11, , ,0.25, , 
2484,2629.0,3021.0,xylose isomerase,kegg:C00031 = kegg:C00095,CHB_4167 = CHB_37721,D-glucose(aq) = D-fructose(aq),Lloyd N.E.; Khaleeluddin K.; Cereal Chem.; 53 27 (1976).,76LLO/KHA_1309, , ,303.15,7.3,0.869, ,polarimetry and HPLC,sodium sulfite + sodium hydrogen sulfite,mol/L;sodium bisulfite buffer=0.02;(Mg)1(SO4)1=0.005  ,5.3.1.5, , , , , 
2485,2630.0,3022.0,xylose isomerase,kegg:C00031 = kegg:C00095,CHB_4167 = CHB_37721,D-glucose(aq) = D-fructose(aq),Lloyd N.E.; Khaleeluddin K.; Cereal Chem.; 53 27 (1976).,76LLO/KHA_1309, , ,318.15,7.3,0.931, ,polarimetry and HPLC,sodium sulfite + sodium hydrogen sulfite,mol/L;sodium bisulfite buffer=0.02;(Mg)1(SO4)1=0.005  ,5.3.1.5, , , , , 
2486,2631.0,3023.0,xylose isomerase,kegg:C00031 = kegg:C00095,CHB_4167 = CHB_37721,D-glucose(aq) = D-fructose(aq),Lloyd N.E.; Khaleeluddin K.; Cereal Chem.; 53 27 (1976).,76LLO/KHA_1309, , ,333.15,7.3,0.996, ,polarimetry and HPLC,sodium sulfite + sodium hydrogen sulfite,mol/L;sodium bisulfite buffer=0.02;(Mg)1(SO4)1=0.005  ,5.3.1.5, , , , , 
2487,2632.0,3024.0,xylose isomerase,kegg:C00031 = kegg:C00095,CHB_4167 = CHB_37721,D-glucose(aq) = D-fructose(aq),Lloyd N.E.; Khaleeluddin K.; Cereal Chem.; 53 27 (1976).,76LLO/KHA_1309, , ,343.15,7.3,1.101, ,polarimetry and HPLC,sodium sulfite + sodium hydrogen sulfite,mol/L;sodium bisulfite buffer=0.02;(Mg)1(SO4)1=0.005  ,5.3.1.5, , , , , 
2488,2633.0,3384.0,phosphomannomutase,kegg:C00636 = kegg:C00275,CHB_35374 = CHB_43896,D-mannose 1-phosphate(aq) = D-mannose 6-phosphate(aq),Murata T.; Plant Cell Physiol.; 17 1099 (1976).,76MUR_1413, , ,303.15,7.0,8.5, ,enzymatic assay and spectrophotometry,Tris acetate (0.02 mol dm-3),mol/L;Tris-acetate=0.02;(Mg)1(Cl)2=0.001  ,5.4.2.8, , , , , 
2489,2634.0,2404.0,arginine kinase,kegg:C00002 + kegg:C00062 = kegg:C00008 + kegg:C05945,CHB_15422 + CHB_16467 = CHB_16761 + CHB_18412,ATP(aq) + L-arginine(aq) = ADP(aq) + NÏ‰-phospho-L-arginine(aq),Rao B.D.N.; Buttlaire D.H.; Cohn M.; J. Biol. Chem.; 251 6981 (1976).,76RAO/BUT_618,186451.0, ,285.15,7.25,0.1, ,NMR,Hepes (0.15 mol dm-3),mol/L;HEPES=0.15;magnesium acetate=0.009  ,2.7.3.3, , , , , 
2490,,2352.0,formate dehydrogenase,kegg:C00058 + kegg:C00003 + kegg:C00001 = kegg:C00288 + kegg:C00004, ,formate(aq) + NAD(aq) + H2O(l) = carbon dioxide(aq) + NADH(aq),Ruschig U.; M|ller U.; Willnow P.; Hvpner T.; Eur. J. Biochem.; 70 325 (1976).,76RUS/MUL_237,12947.0,10.1111/j.1432-1033.1976.tb11021.x,298.15,6.2,420, ,spectrophotometry,histidine hydrochloride (0.071 mol dm-3), ,1.2.1.2, , , , , 
2491,,391.0,urease,kegg:C00086 + 2 kegg:C00001 = 2 kegg:C00014 + kegg:C00288, ,urea(aq) + 2 H2O(l) = 2 ammonia(aq) + carbon dioxide(aq),Schmidt H.-L.; Krisam G.; Grenner G.; Biochim. Biophys. Acta; 429 283 (1976).,76SCH/KRI_1000, , ,300.15,7.0, , ,calorimetry,Tris (0.05 mol dm-3) + HCl, ,3.5.1.5, , , , ,-7.1
2492,,392.0,urease,kegg:C00086 + 2 kegg:C00001 = 2 kegg:C00014 + kegg:C00288, ,urea(aq) + 2 H2O(l) = 2 ammonia(aq) + carbon dioxide(aq),Schmidt H.-L.; Krisam G.; Grenner G.; Biochim. Biophys. Acta; 429 283 (1976).,76SCH/KRI_1000, , ,300.15,8.0, , ,calorimetry,Tris (0.05 mol dm-3) + HCl, ,3.5.1.5, , , , ,-8.4
2493,,730.0,L-lactate dehydrogenase,kegg:C00186 + kegg:C00003 = kegg:C00022 + kegg:C00004, ,(S)-lactate(aq) + NAD(aq) = pyruvate(aq) + NADH(aq),Schmidt H.-L.; Krisam G.; Grenner G.; Biochim. Biophys. Acta; 429 283 (1976).,76SCH/KRI_107, , ,298.15,7.5, , ,calorimetry,phosphate (0.07 mol dm-3), ,1.1.1.27, , , , ,41.8
2494,, ,glucose oxidase and catalase, , ,"Î²-D-glucose(aq) + 1/2 O2(aq) = D-glucono-1,5-lactone(aq) + H2O(liq)",Schmidt H.-L.; Krisam G.; Grenner G.; Biochim. Biophys. Acta; 429 283 (1976).,76SCH/KRI_228, , ,303.15,7.0, , ,calorimetry,phosphate (0.066 mol dm-3), ,1.1.3.4, , , , ,-207.1
2495,2636.0,2888.0,xylose isomerase,kegg:C00031 = kegg:C00095,CHB_4167 = CHB_37721,D-glucose(aq) = D-fructose(aq),Sproull R.D.; Lim H.C.; Schneider D.R.; Biotechnol. Bioeng.; 18 633 (1976).,76SPR/LIM_1310,1276393.0,10.1002/bit.260180504,303.15,7.0,0.828, ,enzymatic assay and chemical analysis, ,mol/L;potassium phosphate buffer=0.05;(Co)1(Cl)2=0.001;(Mg)1(Cl)2=0.01  ,5.3.1.5, , , , , 
2496,2637.0,2884.0,xylose isomerase,kegg:C00031 = kegg:C00095,CHB_4167 = CHB_37721,D-glucose(aq) = D-fructose(aq),Sproull R.D.; Lim H.C.; Schneider D.R.; Biotechnol. Bioeng.; 18 633 (1976).,76SPR/LIM_1310,1276393.0,10.1002/bit.260180504,318.15,7.0,0.957, ,enzymatic assay and chemical analysis, ,mol/L;potassium phosphate buffer=0.05;(Co)1(Cl)2=0.001;(Mg)1(Cl)2=0.01  ,5.3.1.5, , , , , 
2497,2638.0,2886.0,xylose isomerase,kegg:C00031 = kegg:C00095,CHB_4167 = CHB_37721,D-glucose(aq) = D-fructose(aq),Sproull R.D.; Lim H.C.; Schneider D.R.; Biotechnol. Bioeng.; 18 633 (1976).,76SPR/LIM_1310,1276393.0,10.1002/bit.260180504,333.15,7.0,1.141, ,enzymatic assay and chemical analysis, ,mol/L;potassium phosphate buffer=0.05;(Co)1(Cl)2=0.001;(Mg)1(Cl)2=0.01  ,5.3.1.5, , , , , 
2498,2639.0,2885.0,xylose isomerase,kegg:C00031 = kegg:C00095,CHB_4167 = CHB_37721,D-glucose(aq) = D-fructose(aq),Sproull R.D.; Lim H.C.; Schneider D.R.; Biotechnol. Bioeng.; 18 633 (1976).,76SPR/LIM_1310,1276393.0,10.1002/bit.260180504,343.15,7.0,1.283, ,enzymatic assay and chemical analysis, ,mol/L;potassium phosphate buffer=0.05;(Co)1(Cl)2=0.001;(Mg)1(Cl)2=0.01  ,5.3.1.5, , , , , 
2499,2640.0,2887.0,xylose isomerase,kegg:C00031 = kegg:C00095,CHB_4167 = CHB_37721,D-glucose(aq) = D-fructose(aq),Sproull R.D.; Lim H.C.; Schneider D.R.; Biotechnol. Bioeng.; 18 633 (1976).,76SPR/LIM_1310,1276393.0,10.1002/bit.260180504,353.15,7.0,1.381, ,enzymatic assay and chemical analysis, ,mol/L;potassium phosphate buffer=0.05;(Co)1(Cl)2=0.001;(Mg)1(Cl)2=0.01  ,5.3.1.5, , , , , 
2500,, ,pancreatic ribonuclease, , ,cytidine 2':3'-(cyclic)phosphate(aq) + H2O(l) = cytidine 3'-monophosphate(aq),Tribout M.; Paredes S.; Leonis J.; Biochem. J.; 153 89 (1976).,76TRI/PAR_856,1259718.0,10.1042/bj1530089,298.15,5.0, , ,calorimetry,acetate, ,3.1.27.5, , ,0.1, ,-33.9
2501,2641.0,1879.0,tryptophan synthase,kegg:C00118 + kegg:C00463 = kegg:C03506,CHB_16881 + CHB_29052 = CHB_18299,D-glyceraldehyde 3-phosphate(aq) + indole(aq) = 1-(indol-3-yl)glycerol 3-phosphate(aq),Weischet W.O.; Kirschner K.; Eur. J. Biochem.; 65 365 (1976).,76WEI/KIR_1179,949971.0,10.1111/j.1432-1033.1976.tb10350.x,298.15,7.8,2300, ,spectrophotometry,Tris (0.05 mol dm-3),mol/L;Tris-HCl=0.05  ,4.2.1.20, , , , , 
2502,2642.0, ,creatine kinase, ,CHB_17287 + PBC_2896 = CHB_16919 + PBC_124896,phosphocreatine(aq) + cyclocreatine(aq) = creatine(aq) + phosphocyclocreatine(aq),Annesley T.M.; Walker J.B.; Biochem. Biophys. Res. Commun.; 74 185 (1977).,77ANN/WAL_608, , ,310.15,7.0,25, ,spectrophotometry,(triethanolamine + HCl) and sodium glycine,mol/L;(Mg)1=0.002;acetate=0.004;ATP=0.001;triethanolamine-HCl=0.05;phosphocreatine=0.011;cyclocreatine=0.013;creatine=0.059;phosphocyclocreatine=0.06  ,2.7.3.2, , , , , 
2503,2643.0, ,creatine kinase, ,CHB_17287 + PBC_2896 = CHB_16919 + PBC_124896,phosphocreatine(aq) + cyclocreatine(aq) = creatine(aq) + phosphocyclocreatine(aq),Annesley T.M.; Walker J.B.; Biochem. Biophys. Res. Commun.; 74 185 (1977).,77ANN/WAL_608, , ,310.15,9.0,26, ,spectrophotometry,(triethanolamine + HCl) and sodium glycine,mol/L;(Mg)1=0.002;acetate=0.004;ATP=0.001;glycine-NaOH=0.05;phosphocreatine=0.007;cyclocreatine=0.006;creatine=0.03;phosphocyclocreatine=0.036  ,2.7.3.2, , , , , 
2504,2644.0, ,chymotrypsin, ,CHB_15377 + MAN_10171 = CHB_16259 + CHB_17790,N-acetyl-L-phenylalanine methyl ester(aq) + H2O(l) = N-acetyl-L-phenylalanine(aq) + methanol(aq),Antonov V.K.; Ginodman L.M.; Gurova A.G.; Mol. Biol. (Moscow); 11 1160 (1977).,77ANT/GIN_962, , ,293.15,5.5,588, ,chemical assay,acetate (0.1 mol dm-3),mol/L;acetate buffer=0.1  ,3.4.21.1, , , , , 
2505,2645.0, ,chymotrypsin, ,CHB_15377 + CHS_109236 = CHB_16259 + CHB_42843,N-acetyl-L-phenylalanylglycinamide(aq) + H2O(l) = N-acetyl-L-phenylalanine(aq) + glycinamide(aq),Antonov V.K.; Ginodman L.M.; Gurova A.G.; Mol. Biol. (Moscow); 11 1160 (1977).,77ANT/GIN_964,36553.0, ,293.15,5.5,2, ,chemical assay,acetate (0.1 mol dm-3),mol/L;acetate buffer=0.1  ,3.4.21.1, , , , , 
2506,2646.0, ,chymotrypsin, ,CHB_15377 + CHS_109236 = CHB_16259 + CHB_42843,N-acetyl-L-phenylalanylglycinamide(aq) + H2O(l) = N-acetyl-L-phenylalanine(aq) + glycinamide(aq),Antonov V.K.; Ginodman L.M.; Gurova A.G.; Mol. Biol. (Moscow); 11 1160 (1977).,77ANT/GIN_964,36553.0, ,293.15,7.3,2.5, ,chemical assay,acetate (0.1 mol dm-3),mol/L;acetate buffer=0.1  ,3.4.21.1, , , , , 
2507,2647.0, ,chymotrypsin, ,CHB_15377 + CHS_109236 = CHB_16259 + CHB_42843,N-acetyl-L-phenylalanylglycinamide(aq) + H2O(l) = N-acetyl-L-phenylalanine(aq) + glycinamide(aq),Antonov V.K.; Ginodman L.M.; Gurova A.G.; Mol. Biol. (Moscow); 11 1160 (1977).,77ANT/GIN_964,36553.0, ,293.15,8.2,5.9, ,chemical assay,acetate (0.1 mol dm-3),mol/L;acetate buffer=0.1  ,3.4.21.1, , , , , 
2508,,244.0,NAD+ kinase,kegg:C00002 + kegg:C00003 = kegg:C00008 + kegg:C00006, ,ATP(aq) + NAD(aq) = ADP(aq) + NADP(aq),Apps D.K.; Nairn A.C.; Biochem. J.; 167 87 (1977).,77APP/NAI_556,201249.0,10.1042/bj1670087,303.15,6.1,29.3, ,enzymatic assay and chromatography,sodium cacodylate (0.1 mol dm-3), ,2.7.1.23, , , , , 
2509,, ,chymotrypsin, , ,N-acetyl-L-tyrosine ethyl ester(aq) + H2O(l) = N-acetyl-L-tyrosine(aq) + ethanol(aq),Grime J.K.; Lockhart K.; Tan B.; Anal. Chim. Acta; 91 243 (1977).,77GRI/LOC_967, , ,298.15,7.8, , ,calorimetry,Tris + HCl, ,3.4.21.1, , , , ,-48.4
2510,,4130.0,urate oxidase and catalase,kegg:C00366 + 0.5 kegg:C00007 + 2 kegg:C00001 = kegg:C01551 + kegg:C00288, ,urate(aq) + 1/2 O2(aq) + 2 H2O(l) = allantoin(aq) + carbon dioxide(aq),Rehak N.N.; Janes G.; Young D.S.; Clin. Chem. (Winston-Salem N.C.); 23 195 (1977).,77REH/JAN_320, , ,303.15,9.0, , ,calorimetry,Tris (0.02 mol dm-3) + HCl, ,1.11.1.6 & 1.7.3.3, , , , ,-149.6
2511,2649,2333.0,malate dehydrogenase (oxaloacetate-decarboxylating) (NADP+),kegg:C00149 + kegg:C00006 + kegg:C00001 = kegg:C00022 + kegg:C00005 + kegg:C00288,CHB_15589 + CHB_18009 = CHB_15361 + CHB_16474 + CHB_16526,(S)-malate(aq) + NADP(aq) + H2O(l) = pyruvate(aq) + NADPH(aq) + carbon dioxide(aq),Schimerlik M.I.; Cleland W.W.; Biochemistry; 16 565 (1977).,77SCH/CLE_151,836801.0,10.1021/bi00623a001,298.15,7.1,0.029, ,spectrophotometry,acetic acid glycine cacodylic acid and Hepes,mol/L;potassium acetate buffer=0.025;glycine-KOH=0.025;potassium cacodylate buffer=0.025;potassium HEPES=0.025;(Mg)1(SO4)1=0.02 _ nan _ ,1.1.1.40, , ,, , 
2512,2651.0,2995.0,glycine hydroxymethyltransferase,kegg:C00143 + kegg:C00037 + kegg:C00001 = kegg:C00101 + kegg:C00065,CHB_15377 + CHB_15428 + CHB_1989 = CHB_15635 + CHB_17115,"5,10-methylenetetrahydrofolate(aq) + glycine(aq) + H2O(l) = tetrahydrofolate(aq) + L-serine(aq)",Schirch L.V.; Tatum C.M. Jr.; Benkovic S.J.; Biochemistry; 16 410 (1977).,77SCH/TAT_350,836793.0,10.1021/bi00622a011,303.15,7.3,0.125, ,spectrophotometry and radioactivity,potassium phosphate,mol/L;potassium phosphate buffer=0.02;2-mercaptoethanol=0.01;glycine=0.06;L-serine=0.00925  ,2.1.2.1, , , , , 
2513,2650.0,2994.0,glycine hydroxymethyltransferase,kegg:C00143 + kegg:C00037 + kegg:C00001 = kegg:C00101 + kegg:C00065,CHB_15377 + CHB_15428 + CHB_1989 = CHB_15635 + CHB_17115,"5,10-methylenetetrahydrofolate(aq) + glycine(aq) + H2O(l) = tetrahydrofolate(aq) + L-serine(aq)",Schirch L.V.; Tatum C.M. Jr.; Benkovic S.J.; Biochemistry; 16 410 (1977).,77SCH/TAT_350,836793.0,10.1021/bi00622a011,308.15,7.5,0.083, ,spectrophotometry and radioactivity,potassium phosphate,mol/L;potassium phosphate buffer=0.05;2-mercaptoethanol=0.02  ,2.1.2.1, , , , , 
2514,2652.0,840.0,acetate CoA-transferase,kegg:C00024 + kegg:C00164 = kegg:C00332 + kegg:C00033,CHB_13705 + CHB_15351 = CHB_15345 + CHB_30089,acetyl-CoA(aq) + acetoacetate(aq) = acetoacetyl-CoA(aq) + acetate(aq),Sramek S.J.; Frerman F.E.; Arch. Biochem. Biophys.; 181 178 (1977).,77SRA/FRE_722,18103.0,10.1016/0003-9861(77)90496-9,298.15,8.1,0.13, ,spectrophotometry,Tris (0.067 mol dm-3) + HCl,mol/L;Tris-HCl=0.067;(Mg)1(Cl)2=0.005  ,2.8.3.8, , , , , 
2515,2653,1436.0,orotate phosphoribosyltransferase,kegg:C01103 + kegg:C00013 = kegg:C00295 + kegg:C00119,CHB_15842 + CHB_18361 = CHB_17111 + CHB_30839,orotidine 5'-phosphate(aq) + pyrophosphate(aq) = orotate(aq) + 5-phospho-Î±-D-ribose 1-diphosphate(aq),Traut T.W.; Jones M.E.; J. Biol. Chem.; 252 8374 (1977).,77TRA/JON_481,925000.0, ,310.15,7.4,14, ,TLC and radioactivity,Tris (0.02 mol dm-3) + HCl,mol/L;Tris-HCl=0.02;DTT=0.002;(Mg)1(Cl)2=0.005;orotidine 5'-phosphate=0.00000199463;pyrophosphate=0.0000519946;orotate=0.0000051;5-phospho--D-ribose 1-diphosphate=0.000298005 _ nan _ ,2.4.2.10, , ,, , 
2516,2664.0,4532.0,dihydroorotase,kegg:C00337 + kegg:C00001 = kegg:C00438,CHB_15377 + CHB_30864 = CHB_15859,(S)-dihydroorotate(aq) + H2O(l) = N-carbamoyl-L-aspartate(aq),Christopherson R.I.; Matsuura T.; Jones M.E.; Anal. Biochem.; 89 225 (1978).,78CHR/MAT_1038,30336.0,10.1016/0003-2697(78)90745-5,310.15,7.5,10.8, ,chromatography and radioactivity,Hepes (0.060 mol dm-3),mol/L;potassium HEPES=0.06;N-carbamoyl-L-aspartate=0.00365957;(S)-dihydroorotate=0.000340426  ,3.5.2.3, , , , , 
2517,2669.0,2579.0,choline-phosphate cytidylyltransferase,kegg:C00063 + kegg:C00588 = kegg:C00013 + kegg:C00307,CHB_17677 + CHB_18132 = CHB_16436 + CHB_18361,CTP(aq) + phosphorylcholine(aq) = pyrophosphate(aq) + CDPcholine(aq),Infante J.P.; Kinsella J.E.; Biochim. Biophys. Acta; 526 440 (1978).,78INF/KIN_701, , ,310.15,7.5,0.2, ,paper chromatography,Hepes and Tris,3.0 = -log[Mg+2] _ mol/L;IS=0.15;Mg2+_free=0.001  ,2.7.7.15, , ,0.15, , 
2518,2730.0,2768.0,succinate-CoA ligase (GDP-forming),kegg:C00044 + kegg:C00042 + kegg:C00010 = kegg:C00035 + kegg:C00009 + kegg:C00091,CHB_15346 + CHB_15996 + CHB_30031 = CHB_15380 + CHB_17552 + CHB_26078,GTP(aq) + succinate(aq) + CoA(aq) = GDP(aq) + phosphate(aq) + succinyl-CoA(aq),Lynn R.; Guynn R.W.; J. Biol. Chem.; 253 2546 (1978).,78LYN/GUY_1437, , ,298.15,6.82,1.7, ,fluorimetry and spectrophotometry,Tris (0.1 mol dm-3) + acetic acid,2.84 = -log[Mg+2] _ mol/L;IS=0.25;GTP=0.0000428;GDP=0.000136;succinyl-CoA=0.0000196;phosphate=0.00382;succinate=0.004;CoA=0.0000352;Mg2+_tot=0.00186;Mg2+_free=0.00145;K+_tot=0.204  ,6.2.1.4, ,0.00145 Mg2+,0.25, , 
2519,2728.0,2766.0,succinate-CoA ligase (GDP-forming),kegg:C00044 + kegg:C00042 + kegg:C00010 = kegg:C00035 + kegg:C00009 + kegg:C00091,CHB_15346 + CHB_15996 + CHB_30031 = CHB_15380 + CHB_17552 + CHB_26078,GTP(aq) + succinate(aq) + CoA(aq) = GDP(aq) + phosphate(aq) + succinyl-CoA(aq),Lynn R.; Guynn R.W.; J. Biol. Chem.; 253 2546 (1978).,78LYN/GUY_1437, , ,298.15,6.83,1.25, ,fluorimetry and spectrophotometry,Tris (0.1 mol dm-3) + acetic acid,2.84 = -log[Mg+2] _ mol/L;IS=0.25;GTP=0.0000531;GDP=0.000174;succinyl-CoA=0.0000199;phosphate=0.00344;succinate=0.00449;CoA=0.0000397;Mg2+_tot=0.00186;Mg2+_free=0.00143;K+_tot=0.203  ,6.2.1.4, ,0.00143 Mg2+,0.25, , 
2520,2729.0,2767.0,succinate-CoA ligase (GDP-forming),kegg:C00044 + kegg:C00042 + kegg:C00010 = kegg:C00035 + kegg:C00009 + kegg:C00091,CHB_15346 + CHB_15996 + CHB_30031 = CHB_15380 + CHB_17552 + CHB_26078,GTP(aq) + succinate(aq) + CoA(aq) = GDP(aq) + phosphate(aq) + succinyl-CoA(aq),Lynn R.; Guynn R.W.; J. Biol. Chem.; 253 2546 (1978).,78LYN/GUY_1437, , ,298.15,6.85,1.54, ,fluorimetry and spectrophotometry,Tris (0.1 mol dm-3) + acetic acid,2.84 = -log[Mg+2] _ mol/L;IS=0.25;GTP=0.000048;GDP=0.000186;succinyl-CoA=0.0000137;phosphate=0.00368;succinate=0.00371;CoA=0.0000344;Mg2+_tot=0.00186;Mg2+_free=0.00144;K+_tot=0.204  ,6.2.1.4, ,0.00144 Mg2+,0.25, , 
2521,2727.0,2765.0,succinate-CoA ligase (GDP-forming),kegg:C00044 + kegg:C00042 + kegg:C00010 = kegg:C00035 + kegg:C00009 + kegg:C00091,CHB_15346 + CHB_15996 + CHB_30031 = CHB_15380 + CHB_17552 + CHB_26078,GTP(aq) + succinate(aq) + CoA(aq) = GDP(aq) + phosphate(aq) + succinyl-CoA(aq),Lynn R.; Guynn R.W.; J. Biol. Chem.; 253 2546 (1978).,78LYN/GUY_1437, , ,298.15,7.14,1.66, ,fluorimetry and spectrophotometry,Tris (0.1 mol dm-3) + acetic acid,2.89 = -log[Mg+2] _ mol/L;IS=0.25;GTP=0.0000347;GDP=0.0000747;succinyl-CoA=0.0000558;phosphate=0.0033;succinate=0.0058;CoA=0.0000411;Mg2+_tot=0.00174;Mg2+_free=0.00129;K+_tot=0.203  ,6.2.1.4, ,0.00129 Mg2+,0.25, , 
2522,2723.0,2784.0,succinate-CoA ligase (GDP-forming),kegg:C00044 + kegg:C00042 + kegg:C00010 = kegg:C00035 + kegg:C00009 + kegg:C00091,CHB_15346 + CHB_15996 + CHB_30031 = CHB_15380 + CHB_17552 + CHB_26078,GTP(aq) + succinate(aq) + CoA(aq) = GDP(aq) + phosphate(aq) + succinyl-CoA(aq),Lynn R.; Guynn R.W.; J. Biol. Chem.; 253 2546 (1978).,78LYN/GUY_1437, , ,298.15,7.15,1.68, ,fluorimetry and spectrophotometry,Tris (0.1 mol dm-3) + acetic acid,2.91 = -log[Mg+2] _ mol/L;IS=0.25;GTP=0.0000516;GDP=0.000114;succinyl-CoA=0.000053;phosphate=0.00329;succinate=0.00692;CoA=0.0000332;Mg2+_tot=0.00174;Mg2+_free=0.00124;K+_tot=0.203  ,6.2.1.4, ,0.00124 Mg2+,0.25, , 
2523,2725.0,2764.0,succinate-CoA ligase (GDP-forming),kegg:C00044 + kegg:C00042 + kegg:C00010 = kegg:C00035 + kegg:C00009 + kegg:C00091,CHB_15346 + CHB_15996 + CHB_30031 = CHB_15380 + CHB_17552 + CHB_26078,GTP(aq) + succinate(aq) + CoA(aq) = GDP(aq) + phosphate(aq) + succinyl-CoA(aq),Lynn R.; Guynn R.W.; J. Biol. Chem.; 253 2546 (1978).,78LYN/GUY_1437, , ,298.15,7.15,1.58, ,fluorimetry and spectrophotometry,Tris (0.1 mol dm-3) + acetic acid,2.9 = -log[Mg+2] _ mol/L;IS=0.25;GTP=0.0000217;GDP=0.0000831;succinyl-CoA=0.0000499;phosphate=0.00329;succinate=0.00692;CoA=0.0000578;Mg2+_tot=0.00174;Mg2+_free=0.00126;K+_tot=0.203  ,6.2.1.4, ,0.00126 Mg2+,0.25, , 
2524,2726.0,2792.0,succinate-CoA ligase (GDP-forming),kegg:C00044 + kegg:C00042 + kegg:C00010 = kegg:C00035 + kegg:C00009 + kegg:C00091,CHB_15346 + CHB_15996 + CHB_30031 = CHB_15380 + CHB_17552 + CHB_26078,GTP(aq) + succinate(aq) + CoA(aq) = GDP(aq) + phosphate(aq) + succinyl-CoA(aq),Lynn R.; Guynn R.W.; J. Biol. Chem.; 253 2546 (1978).,78LYN/GUY_1437, , ,298.15,7.15,1.82, ,fluorimetry and spectrophotometry,Tris (0.1 mol dm-3) + acetic acid,2.9 = -log[Mg+2] _ mol/L;IS=0.25;GTP=0.0000557;GDP=0.00011;succinyl-CoA=0.0000532;phosphate=0.0033;succinate=0.0058;CoA=0.000033;Mg2+_tot=0.00174;Mg2+_free=0.00127;K+_tot=0.203  ,6.2.1.4, ,0.00127 Mg2+,0.25, , 
2525,2724.0,2791.0,succinate-CoA ligase (GDP-forming),kegg:C00044 + kegg:C00042 + kegg:C00010 = kegg:C00035 + kegg:C00009 + kegg:C00091,CHB_15346 + CHB_15996 + CHB_30031 = CHB_15380 + CHB_17552 + CHB_26078,GTP(aq) + succinate(aq) + CoA(aq) = GDP(aq) + phosphate(aq) + succinyl-CoA(aq),Lynn R.; Guynn R.W.; J. Biol. Chem.; 253 2546 (1978).,78LYN/GUY_1437, , ,298.15,7.19,1.72, ,fluorimetry and spectrophotometry,Tris (0.1 mol dm-3) + acetic acid,2.9 = -log[Mg+2] _ mol/L;IS=0.25;GTP=0.0000411;GDP=0.0000684;succinyl-CoA=0.0000506;phosphate=0.00329;succinate=0.00692;CoA=0.0000233;Mg2+_tot=0.00174;Mg2+_free=0.00126;K+_tot=0.203  ,6.2.1.4, ,0.00126 Mg2+,0.25, , 
2526,2703.0,2787.0,succinate-CoA ligase (GDP-forming),kegg:C00044 + kegg:C00042 + kegg:C00010 = kegg:C00035 + kegg:C00009 + kegg:C00091,CHB_15346 + CHB_15996 + CHB_30031 = CHB_15380 + CHB_17552 + CHB_26078,GTP(aq) + succinate(aq) + CoA(aq) = GDP(aq) + phosphate(aq) + succinyl-CoA(aq),Lynn R.; Guynn R.W.; J. Biol. Chem.; 253 2546 (1978).,78LYN/GUY_1437, , ,311.15,6.75,1.03, ,fluorimetry and spectrophotometry,Tris (0.1 mol dm-3) + acetic acid,2.88 = -log[Mg+2] _ mol/L;IS=0.25;GTP=0.0000609;GDP=0.0000682;succinyl-CoA=0.0000442;phosphate=0.00337;succinate=0.00709;CoA=0.0000235;Mg2+_tot=0.00047;Mg2+_free=0.00011;K+_tot=0.212  ,6.2.1.4, ,0.00133 Mg2+,0.25, , 
2527,2704.0, ,succinate-CoA ligase (GDP-forming), ,CHB_15346 + CHB_15996 + CHB_30031 = CHB_15380 + CHB_17552 + CHB_26078,GTP(aq) + succinate(aq) + CoA(aq) = GDP(aq) + phosphate(aq) + succinyl-CoA(aq),Lynn R.; Guynn R.W.; J. Biol. Chem.; 253 2546 (1978).,78LYN/GUY_1437, , ,311.15,6.75,1.03, ,fluorimetry and spectrophotometry,Tris (0.1 mol dm-3) + acetic acid,mol/L;IS=0.25;GTP=0.0000452;GDP=0.0000815;succinyl-CoA=0.0000447;phosphate=0.00339;succinate=0.00692;CoA=0.000063;Mg2+_tot=0.00174;Mg2+_free=0.00116;K+_tot=0.0163  ,6.2.1.4, ,0.00133 Mg2+,0.25, , 
2528,2705.0,2775.0,succinate-CoA ligase (GDP-forming),kegg:C00044 + kegg:C00042 + kegg:C00010 = kegg:C00035 + kegg:C00009 + kegg:C00091,CHB_15346 + CHB_15996 + CHB_30031 = CHB_15380 + CHB_17552 + CHB_26078,GTP(aq) + succinate(aq) + CoA(aq) = GDP(aq) + phosphate(aq) + succinyl-CoA(aq),Lynn R.; Guynn R.W.; J. Biol. Chem.; 253 2546 (1978).,78LYN/GUY_1437, , ,311.15,6.75,1.04, ,fluorimetry and spectrophotometry,Tris (0.1 mol dm-3) + acetic acid,2.88 = -log[Mg+2] _ mol/L;IS=0.25;GTP=0.0000609;GDP=0.0000682;succinyl-CoA=0.0000442;phosphate=0.00337;succinate=0.00709;CoA=0.0000235;Mg2+_tot=0.00047;Mg2+_free=0.00011;K+_tot=0.213  ,6.2.1.4, ,0.00133 Mg2+,0.25, , 
2529,2714.0,2781.0,succinate-CoA ligase (GDP-forming),kegg:C00044 + kegg:C00042 + kegg:C00010 = kegg:C00035 + kegg:C00009 + kegg:C00091,CHB_15346 + CHB_15996 + CHB_30031 = CHB_15380 + CHB_17552 + CHB_26078,GTP(aq) + succinate(aq) + CoA(aq) = GDP(aq) + phosphate(aq) + succinyl-CoA(aq),Lynn R.; Guynn R.W.; J. Biol. Chem.; 253 2546 (1978).,78LYN/GUY_1437, , ,311.15,6.75,0.72, ,fluorimetry and spectrophotometry,Tris (0.1 mol dm-3) + acetic acid,2.85 = -log[Mg+2] _ mol/L;IS=0.25;GTP=0.0000452;GDP=0.0000815;succinyl-CoA=0.0000447;phosphate=0.00339;succinate=0.00692;CoA=0.000063;Mg2+_tot=0.00174;Mg2+_free=0.00116;K+_tot=0.0168  ,6.2.1.4, ,0.0014 Mg2+,0.25, , 
2530,2716.0,2797.0,succinate-CoA ligase (GDP-forming),kegg:C00044 + kegg:C00042 + kegg:C00010 = kegg:C00035 + kegg:C00009 + kegg:C00091,CHB_15346 + CHB_15996 + CHB_30031 = CHB_15380 + CHB_17552 + CHB_26078,GTP(aq) + succinate(aq) + CoA(aq) = GDP(aq) + phosphate(aq) + succinyl-CoA(aq),Lynn R.; Guynn R.W.; J. Biol. Chem.; 253 2546 (1978).,78LYN/GUY_1437, , ,311.15,6.8,0.79, ,fluorimetry and spectrophotometry,Tris (0.1 mol dm-3) + acetic acid,2.84 = -log[Mg+2] _ mol/L;IS=0.25;GTP=0.0000452;GDP=0.0000815;succinyl-CoA=0.0000447;phosphate=0.00339;succinate=0.00692;CoA=0.000063;Mg2+_tot=0.00174;Mg2+_free=0.00116;K+_tot=0.0169  ,6.2.1.4, ,0.00145 Mg2+,0.25, , 
2531,2713.0,2789.0,succinate-CoA ligase (GDP-forming),kegg:C00044 + kegg:C00042 + kegg:C00010 = kegg:C00035 + kegg:C00009 + kegg:C00091,CHB_15346 + CHB_15996 + CHB_30031 = CHB_15380 + CHB_17552 + CHB_26078,GTP(aq) + succinate(aq) + CoA(aq) = GDP(aq) + phosphate(aq) + succinyl-CoA(aq),Lynn R.; Guynn R.W.; J. Biol. Chem.; 253 2546 (1978).,78LYN/GUY_1437, , ,311.15,6.82,0.53, ,fluorimetry and spectrophotometry,Tris (0.1 mol dm-3) + acetic acid,2.86 = -log[Mg+2] _ mol/L;IS=0.25;GTP=0.0000609;GDP=0.0000682;succinyl-CoA=0.0000442;phosphate=0.00337;succinate=0.00709;CoA=0.0000235;Mg2+_tot=0.00047;Mg2+_free=0.00011;K+_tot=0.217  ,6.2.1.4, ,0.00138 Mg2+,0.25, , 
2532,2715.0,2798.0,succinate-CoA ligase (GDP-forming),kegg:C00044 + kegg:C00042 + kegg:C00010 = kegg:C00035 + kegg:C00009 + kegg:C00091,CHB_15346 + CHB_15996 + CHB_30031 = CHB_15380 + CHB_17552 + CHB_26078,GTP(aq) + succinate(aq) + CoA(aq) = GDP(aq) + phosphate(aq) + succinyl-CoA(aq),Lynn R.; Guynn R.W.; J. Biol. Chem.; 253 2546 (1978).,78LYN/GUY_1437, , ,311.15,6.83,0.87, ,fluorimetry and spectrophotometry,Tris (0.1 mol dm-3) + acetic acid,2.85 = -log[Mg+2] _ mol/L;IS=0.25;GTP=0.0000609;GDP=0.0000682;succinyl-CoA=0.0000442;phosphate=0.00337;succinate=0.00709;CoA=0.0000235;Mg2+_tot=0.00047;Mg2+_free=0.00011;K+_tot=0.218  ,6.2.1.4, ,0.00142 Mg2+,0.25, , 
2533,2709.0,2777.0,succinate-CoA ligase (GDP-forming),kegg:C00044 + kegg:C00042 + kegg:C00010 = kegg:C00035 + kegg:C00009 + kegg:C00091,CHB_15346 + CHB_15996 + CHB_30031 = CHB_15380 + CHB_17552 + CHB_26078,GTP(aq) + succinate(aq) + CoA(aq) = GDP(aq) + phosphate(aq) + succinyl-CoA(aq),Lynn R.; Guynn R.W.; J. Biol. Chem.; 253 2546 (1978).,78LYN/GUY_1437, , ,311.15,6.93,0.82, ,fluorimetry and spectrophotometry,Tris (0.1 mol dm-3) + acetic acid,2.88 = -log[Mg+2] _ mol/L;IS=0.25;GTP=0.0000609;GDP=0.0000682;succinyl-CoA=0.0000442;phosphate=0.00337;succinate=0.00709;CoA=0.0000235;Mg2+_tot=0.00047;Mg2+_free=0.00011;K+_tot=0.215  ,6.2.1.4, ,0.00133 Mg2+,0.25, , 
2534,2721.0,2799.0,succinate-CoA ligase (GDP-forming),kegg:C00044 + kegg:C00042 + kegg:C00010 = kegg:C00035 + kegg:C00009 + kegg:C00091,CHB_15346 + CHB_15996 + CHB_30031 = CHB_15380 + CHB_17552 + CHB_26078,GTP(aq) + succinate(aq) + CoA(aq) = GDP(aq) + phosphate(aq) + succinyl-CoA(aq),Lynn R.; Guynn R.W.; J. Biol. Chem.; 253 2546 (1978).,78LYN/GUY_1437, , ,311.15,6.94,0.6, ,fluorimetry and spectrophotometry,Tris (0.1 mol dm-3) + acetic acid,1.72 = -log[Mg+2] _ mol/L;IS=0.25;GTP=0.0000609;GDP=0.0000682;succinyl-CoA=0.0000442;phosphate=0.00337;succinate=0.00709;CoA=0.0000235;Mg2+_tot=0.00047;Mg2+_free=0.00011;K+_tot=0.221  ,6.2.1.4, ,0.0189 Mg2+,0.25, , 
2535,2722.0,2790.0,succinate-CoA ligase (GDP-forming),kegg:C00044 + kegg:C00042 + kegg:C00010 = kegg:C00035 + kegg:C00009 + kegg:C00091,CHB_15346 + CHB_15996 + CHB_30031 = CHB_15380 + CHB_17552 + CHB_26078,GTP(aq) + succinate(aq) + CoA(aq) = GDP(aq) + phosphate(aq) + succinyl-CoA(aq),Lynn R.; Guynn R.W.; J. Biol. Chem.; 253 2546 (1978).,78LYN/GUY_1437, , ,311.15,6.96,0.63, ,fluorimetry and spectrophotometry,Tris (0.1 mol dm-3) + acetic acid,1.72 = -log[Mg+2] _ mol/L;IS=0.25;GTP=0.0000452;GDP=0.0000815;succinyl-CoA=0.0000447;phosphate=0.00339;succinate=0.00692;CoA=0.000063;Mg2+_tot=0.00174;Mg2+_free=0.00116;K+_tot=0.0172  ,6.2.1.4, ,0.0189 Mg2+,0.25, , 
2536,2720.0,2783.0,succinate-CoA ligase (GDP-forming),kegg:C00044 + kegg:C00042 + kegg:C00010 = kegg:C00035 + kegg:C00009 + kegg:C00091,CHB_15346 + CHB_15996 + CHB_30031 = CHB_15380 + CHB_17552 + CHB_26078,GTP(aq) + succinate(aq) + CoA(aq) = GDP(aq) + phosphate(aq) + succinyl-CoA(aq),Lynn R.; Guynn R.W.; J. Biol. Chem.; 253 2546 (1978).,78LYN/GUY_1437, , ,311.15,7.01,0.73, ,fluorimetry and spectrophotometry,Tris (0.1 mol dm-3) + acetic acid,1.86 = -log[Mg+2] _ mol/L;IS=0.25;GTP=0.0000452;GDP=0.0000815;succinyl-CoA=0.0000447;phosphate=0.00339;succinate=0.00692;CoA=0.000063;Mg2+_tot=0.00174;Mg2+_free=0.00116;K+_tot=0.0171  ,6.2.1.4, ,0.0139 Mg2+,0.25, , 
2537,2719.0,2801.0,succinate-CoA ligase (GDP-forming),kegg:C00044 + kegg:C00042 + kegg:C00010 = kegg:C00035 + kegg:C00009 + kegg:C00091,CHB_15346 + CHB_15996 + CHB_30031 = CHB_15380 + CHB_17552 + CHB_26078,GTP(aq) + succinate(aq) + CoA(aq) = GDP(aq) + phosphate(aq) + succinyl-CoA(aq),Lynn R.; Guynn R.W.; J. Biol. Chem.; 253 2546 (1978).,78LYN/GUY_1437, , ,311.15,7.02,0.68, ,fluorimetry and spectrophotometry,Tris (0.1 mol dm-3) + acetic acid,1.86 = -log[Mg+2] _ mol/L;IS=0.25;GTP=0.0000609;GDP=0.0000682;succinyl-CoA=0.0000442;phosphate=0.00337;succinate=0.00709;CoA=0.0000235;Mg2+_tot=0.00047;Mg2+_free=0.00011;K+_tot=0.220  ,6.2.1.4, ,0.0139 Mg2+,0.25, , 
2538,2699.0,2771.0,succinate-CoA ligase (GDP-forming),kegg:C00044 + kegg:C00042 + kegg:C00010 = kegg:C00035 + kegg:C00009 + kegg:C00091,CHB_15346 + CHB_15996 + CHB_30031 = CHB_15380 + CHB_17552 + CHB_26078,GTP(aq) + succinate(aq) + CoA(aq) = GDP(aq) + phosphate(aq) + succinyl-CoA(aq),Lynn R.; Guynn R.W.; J. Biol. Chem.; 253 2546 (1978).,78LYN/GUY_1437, , ,311.15,7.03,0.82, ,fluorimetry and spectrophotometry,Tris (0.1 mol dm-3) + acetic acid,2.88 = -log[Mg+2] _ mol/L;IS=0.25;GTP=0.0000609;GDP=0.0000682;succinyl-CoA=0.0000442;phosphate=0.00337;succinate=0.00709;CoA=0.0000235;Mg2+_tot=0.00047;Mg2+_free=0.00011;K+_tot=0.210  ,6.2.1.4, ,0.00131 Mg2+,0.25, , 
2539,2718.0,2800.0,succinate-CoA ligase (GDP-forming),kegg:C00044 + kegg:C00042 + kegg:C00010 = kegg:C00035 + kegg:C00009 + kegg:C00091,CHB_15346 + CHB_15996 + CHB_30031 = CHB_15380 + CHB_17552 + CHB_26078,GTP(aq) + succinate(aq) + CoA(aq) = GDP(aq) + phosphate(aq) + succinyl-CoA(aq),Lynn R.; Guynn R.W.; J. Biol. Chem.; 253 2546 (1978).,78LYN/GUY_1437, , ,311.15,7.04,0.75, ,fluorimetry and spectrophotometry,Tris (0.1 mol dm-3) + acetic acid,2.18 = -log[Mg+2] _ mol/L;IS=0.25;GTP=0.0000452;GDP=0.0000815;succinyl-CoA=0.0000447;phosphate=0.00339;succinate=0.00692;CoA=0.000063;Mg2+_tot=0.00174;Mg2+_free=0.00116;K+_tot=0.0170  ,6.2.1.4, ,0.00666 Mg2+,0.25, , 
2540,2717.0,2782.0,succinate-CoA ligase (GDP-forming),kegg:C00044 + kegg:C00042 + kegg:C00010 = kegg:C00035 + kegg:C00009 + kegg:C00091,CHB_15346 + CHB_15996 + CHB_30031 = CHB_15380 + CHB_17552 + CHB_26078,GTP(aq) + succinate(aq) + CoA(aq) = GDP(aq) + phosphate(aq) + succinyl-CoA(aq),Lynn R.; Guynn R.W.; J. Biol. Chem.; 253 2546 (1978).,78LYN/GUY_1437, , ,311.15,7.05,0.79, ,fluorimetry and spectrophotometry,Tris (0.1 mol dm-3) + acetic acid,2.18 = -log[Mg+2] _ mol/L;IS=0.25;GTP=0.0000609;GDP=0.0000682;succinyl-CoA=0.0000442;phosphate=0.00337;succinate=0.00709;CoA=0.0000235;Mg2+_tot=0.00047;Mg2+_free=0.00011;K+_tot=0.219  ,6.2.1.4, ,0.00666 Mg2+,0.25, , 
2541,2698.0,2780.0,succinate-CoA ligase (GDP-forming),kegg:C00044 + kegg:C00042 + kegg:C00010 = kegg:C00035 + kegg:C00009 + kegg:C00091,CHB_15346 + CHB_15996 + CHB_30031 = CHB_15380 + CHB_17552 + CHB_26078,GTP(aq) + succinate(aq) + CoA(aq) = GDP(aq) + phosphate(aq) + succinyl-CoA(aq),Lynn R.; Guynn R.W.; J. Biol. Chem.; 253 2546 (1978).,78LYN/GUY_1437, , ,311.15,7.08,0.72, ,fluorimetry and spectrophotometry,Tris (0.1 mol dm-3) + acetic acid,2.87 = -log[Mg+2] _ mol/L;IS=0.25;GTP=0.0000452;GDP=0.0000815;succinyl-CoA=0.0000447;phosphate=0.00339;succinate=0.00692;CoA=0.000063;Mg2+_tot=0.00174;Mg2+_free=0.00116;K+_tot=0.0160  ,6.2.1.4, ,0.0013 Mg2+,0.25, , 
2542,2712.0,2793.0,succinate-CoA ligase (GDP-forming),kegg:C00044 + kegg:C00042 + kegg:C00010 = kegg:C00035 + kegg:C00009 + kegg:C00091,CHB_15346 + CHB_15996 + CHB_30031 = CHB_15380 + CHB_17552 + CHB_26078,GTP(aq) + succinate(aq) + CoA(aq) = GDP(aq) + phosphate(aq) + succinyl-CoA(aq),Lynn R.; Guynn R.W.; J. Biol. Chem.; 253 2546 (1978).,78LYN/GUY_1437, , ,311.15,7.08,0.72, ,fluorimetry and spectrophotometry,Tris (0.1 mol dm-3) + acetic acid,2.89 = -log[Mg+2] _ mol/L;IS=0.25;GTP=0.0000452;GDP=0.0000815;succinyl-CoA=0.0000447;phosphate=0.00339;succinate=0.00692;CoA=0.000063;Mg2+_tot=0.00174;Mg2+_free=0.00116;K+_tot=0.0167  ,6.2.1.4, ,0.00134 Mg2+,0.25, , 
2543,2697.0,2770.0,succinate-CoA ligase (GDP-forming),kegg:C00044 + kegg:C00042 + kegg:C00010 = kegg:C00035 + kegg:C00009 + kegg:C00091,CHB_15346 + CHB_15996 + CHB_30031 = CHB_15380 + CHB_17552 + CHB_26078,GTP(aq) + succinate(aq) + CoA(aq) = GDP(aq) + phosphate(aq) + succinyl-CoA(aq),Lynn R.; Guynn R.W.; J. Biol. Chem.; 253 2546 (1978).,78LYN/GUY_1437, , ,311.15,7.09,0.74, ,fluorimetry and spectrophotometry,Tris (0.1 mol dm-3) + acetic acid,2.89 = -log[Mg+2] _ mol/L;IS=0.25;GTP=0.0000609;GDP=0.0000682;succinyl-CoA=0.0000442;phosphate=0.00337;succinate=0.00709;CoA=0.0000235;Mg2+_tot=0.00047;Mg2+_free=0.00011;K+_tot=0.209  ,6.2.1.4, ,0.00128 Mg2+,0.25, , 
2544,2710.0,2778.0,succinate-CoA ligase (GDP-forming),kegg:C00044 + kegg:C00042 + kegg:C00010 = kegg:C00035 + kegg:C00009 + kegg:C00091,CHB_15346 + CHB_15996 + CHB_30031 = CHB_15380 + CHB_17552 + CHB_26078,GTP(aq) + succinate(aq) + CoA(aq) = GDP(aq) + phosphate(aq) + succinyl-CoA(aq),Lynn R.; Guynn R.W.; J. Biol. Chem.; 253 2546 (1978).,78LYN/GUY_1437, , ,311.15,7.1,0.61, ,fluorimetry and spectrophotometry,Tris (0.1 mol dm-3) + acetic acid,2.88 = -log[Mg+2] _ mol/L;IS=0.25;GTP=0.0000452;GDP=0.0000815;succinyl-CoA=0.0000447;phosphate=0.00339;succinate=0.00692;CoA=0.000063;Mg2+_tot=0.00174;Mg2+_free=0.00116;K+_tot=0.0166  ,6.2.1.4, ,0.00132 Mg2+,0.25, , 
2545,2711.0,2779.0,succinate-CoA ligase (GDP-forming),kegg:C00044 + kegg:C00042 + kegg:C00010 = kegg:C00035 + kegg:C00009 + kegg:C00091,CHB_15346 + CHB_15996 + CHB_30031 = CHB_15380 + CHB_17552 + CHB_26078,GTP(aq) + succinate(aq) + CoA(aq) = GDP(aq) + phosphate(aq) + succinyl-CoA(aq),Lynn R.; Guynn R.W.; J. Biol. Chem.; 253 2546 (1978).,78LYN/GUY_1437, , ,311.15,7.1,0.77, ,fluorimetry and spectrophotometry,Tris (0.1 mol dm-3) + acetic acid,2.88 = -log[Mg+2] _ mol/L;IS=0.25;GTP=0.0000609;GDP=0.0000682;succinyl-CoA=0.0000442;phosphate=0.00337;succinate=0.00709;CoA=0.0000235;Mg2+_tot=0.00047;Mg2+_free=0.00011;K+_tot=0.216  ,6.2.1.4, ,0.00133 Mg2+,0.25, , 
2546,2707.0,2776.0,succinate-CoA ligase (GDP-forming),kegg:C00044 + kegg:C00042 + kegg:C00010 = kegg:C00035 + kegg:C00009 + kegg:C00091,CHB_15346 + CHB_15996 + CHB_30031 = CHB_15380 + CHB_17552 + CHB_26078,GTP(aq) + succinate(aq) + CoA(aq) = GDP(aq) + phosphate(aq) + succinyl-CoA(aq),Lynn R.; Guynn R.W.; J. Biol. Chem.; 253 2546 (1978).,78LYN/GUY_1437, , ,311.15,7.11,0.53, ,fluorimetry and spectrophotometry,Tris (0.1 mol dm-3) + acetic acid,2.89 = -log[Mg+2] _ mol/L;IS=0.25;GTP=0.0000609;GDP=0.0000682;succinyl-CoA=0.0000442;phosphate=0.00337;succinate=0.00709;CoA=0.0000235;Mg2+_tot=0.00047;Mg2+_free=0.00011;K+_tot=0.214  ,6.2.1.4, ,0.0013 Mg2+,0.25, , 
2547,2706.0,2796.0,succinate-CoA ligase (GDP-forming),kegg:C00044 + kegg:C00042 + kegg:C00010 = kegg:C00035 + kegg:C00009 + kegg:C00091,CHB_15346 + CHB_15996 + CHB_30031 = CHB_15380 + CHB_17552 + CHB_26078,GTP(aq) + succinate(aq) + CoA(aq) = GDP(aq) + phosphate(aq) + succinyl-CoA(aq),Lynn R.; Guynn R.W.; J. Biol. Chem.; 253 2546 (1978).,78LYN/GUY_1437, , ,311.15,7.11,0.65, ,fluorimetry and spectrophotometry,Tris (0.1 mol dm-3) + acetic acid,2.89 = -log[Mg+2] _ mol/L;IS=0.25;GTP=0.0000452;GDP=0.0000815;succinyl-CoA=0.0000447;phosphate=0.00339;succinate=0.00692;CoA=0.000063;Mg2+_tot=0.00174;Mg2+_free=0.00116;K+_tot=0.0164  ,6.2.1.4, ,0.0013 Mg2+,0.25, , 
2548,2693.0,2788.0,succinate-CoA ligase (GDP-forming),kegg:C00044 + kegg:C00042 + kegg:C00010 = kegg:C00035 + kegg:C00009 + kegg:C00091,CHB_15346 + CHB_15996 + CHB_30031 = CHB_15380 + CHB_17552 + CHB_26078,GTP(aq) + succinate(aq) + CoA(aq) = GDP(aq) + phosphate(aq) + succinyl-CoA(aq),Lynn R.; Guynn R.W.; J. Biol. Chem.; 253 2546 (1978).,78LYN/GUY_1437, , ,311.15,7.12,1, ,fluorimetry and spectrophotometry,Tris (0.1 mol dm-3) + acetic acid,3.96 = -log[Mg+2] _ mol/L;IS=0.25;GTP=0.0000609;GDP=0.0000682;succinyl-CoA=0.0000442;phosphate=0.00337;succinate=0.00709;CoA=0.0000235;Mg2+_tot=0.00047;Mg2+_free=0.00011;K+_tot=0.207  ,6.2.1.4, ,0.00011 Mg2+,0.25, , 
2549,2696.0,2795.0,succinate-CoA ligase (GDP-forming),kegg:C00044 + kegg:C00042 + kegg:C00010 = kegg:C00035 + kegg:C00009 + kegg:C00091,CHB_15346 + CHB_15996 + CHB_30031 = CHB_15380 + CHB_17552 + CHB_26078,GTP(aq) + succinate(aq) + CoA(aq) = GDP(aq) + phosphate(aq) + succinyl-CoA(aq),Lynn R.; Guynn R.W.; J. Biol. Chem.; 253 2546 (1978).,78LYN/GUY_1437, , ,311.15,7.12,0.79, ,fluorimetry and spectrophotometry,Tris (0.1 mol dm-3) + acetic acid,2.9 = -log[Mg+2] _ mol/L;IS=0.25;GTP=0.0000452;GDP=0.0000815;succinyl-CoA=0.0000447;phosphate=0.00339;succinate=0.00692;CoA=0.000063;Mg2+_tot=0.00174;Mg2+_free=0.00116;K+_tot=0.0159  ,6.2.1.4, ,0.00125 Mg2+,0.25, , 
2550,2708.0,2794.0,succinate-CoA ligase (GDP-forming),kegg:C00044 + kegg:C00042 + kegg:C00010 = kegg:C00035 + kegg:C00009 + kegg:C00091,CHB_15346 + CHB_15996 + CHB_30031 = CHB_15380 + CHB_17552 + CHB_26078,GTP(aq) + succinate(aq) + CoA(aq) = GDP(aq) + phosphate(aq) + succinyl-CoA(aq),Lynn R.; Guynn R.W.; J. Biol. Chem.; 253 2546 (1978).,78LYN/GUY_1437, , ,311.15,7.12,0.54, ,fluorimetry and spectrophotometry,Tris (0.1 mol dm-3) + acetic acid,2.88 = -log[Mg+2] _ mol/L;IS=0.25;GTP=0.0000452;GDP=0.0000815;succinyl-CoA=0.0000447;phosphate=0.00339;succinate=0.00692;CoA=0.000063;Mg2+_tot=0.00174;Mg2+_free=0.00116;K+_tot=0.0165  ,6.2.1.4, ,0.00131 Mg2+,0.25, , 
2551,2695.0,2786.0,succinate-CoA ligase (GDP-forming),kegg:C00044 + kegg:C00042 + kegg:C00010 = kegg:C00035 + kegg:C00009 + kegg:C00091,CHB_15346 + CHB_15996 + CHB_30031 = CHB_15380 + CHB_17552 + CHB_26078,GTP(aq) + succinate(aq) + CoA(aq) = GDP(aq) + phosphate(aq) + succinyl-CoA(aq),Lynn R.; Guynn R.W.; J. Biol. Chem.; 253 2546 (1978).,78LYN/GUY_1437, , ,311.15,7.17,0.52, ,fluorimetry and spectrophotometry,Tris (0.1 mol dm-3) + acetic acid,2.94 = -log[Mg+2] _ mol/L;IS=0.25;GTP=0.0000609;GDP=0.0000682;succinyl-CoA=0.0000442;phosphate=0.00337;succinate=0.00709;CoA=0.0000235;Mg2+_tot=0.00047;Mg2+_free=0.00011;K+_tot=0.208  ,6.2.1.4, ,0.00115 Mg2+,0.25, , 
2552,2694.0,2769.0,succinate-CoA ligase (GDP-forming),kegg:C00044 + kegg:C00042 + kegg:C00010 = kegg:C00035 + kegg:C00009 + kegg:C00091,CHB_15346 + CHB_15996 + CHB_30031 = CHB_15380 + CHB_17552 + CHB_26078,GTP(aq) + succinate(aq) + CoA(aq) = GDP(aq) + phosphate(aq) + succinyl-CoA(aq),Lynn R.; Guynn R.W.; J. Biol. Chem.; 253 2546 (1978).,78LYN/GUY_1437, , ,311.15,7.17,0.63, ,fluorimetry and spectrophotometry,Tris (0.1 mol dm-3) + acetic acid,2.94 = -log[Mg+2] _ mol/L;IS=0.25;GTP=0.0000452;GDP=0.0000815;succinyl-CoA=0.0000447;phosphate=0.00339;succinate=0.00692;CoA=0.000063;Mg2+_tot=0.00174;Mg2+_free=0.00116;K+_tot=0.0158  ,6.2.1.4, ,0.00116 Mg2+,0.25, , 
2553,2700.0,2772.0,succinate-CoA ligase (GDP-forming),kegg:C00044 + kegg:C00042 + kegg:C00010 = kegg:C00035 + kegg:C00009 + kegg:C00091,CHB_15346 + CHB_15996 + CHB_30031 = CHB_15380 + CHB_17552 + CHB_26078,GTP(aq) + succinate(aq) + CoA(aq) = GDP(aq) + phosphate(aq) + succinyl-CoA(aq),Lynn R.; Guynn R.W.; J. Biol. Chem.; 253 2546 (1978).,78LYN/GUY_1437, , ,311.15,7.27,0.54, ,fluorimetry and spectrophotometry,Tris (0.1 mol dm-3) + acetic acid,2.89 = -log[Mg+2] _ mol/L;IS=0.25;GTP=0.0000452;GDP=0.0000815;succinyl-CoA=0.0000447;phosphate=0.00339;succinate=0.00692;CoA=0.000063;Mg2+_tot=0.00174;Mg2+_free=0.00116;K+_tot=0.0161  ,6.2.1.4, ,0.00128 Mg2+,0.25, , 
2554,2702.0,2774.0,succinate-CoA ligase (GDP-forming),kegg:C00044 + kegg:C00042 + kegg:C00010 = kegg:C00035 + kegg:C00009 + kegg:C00091,CHB_15346 + CHB_15996 + CHB_30031 = CHB_15380 + CHB_17552 + CHB_26078,GTP(aq) + succinate(aq) + CoA(aq) = GDP(aq) + phosphate(aq) + succinyl-CoA(aq),Lynn R.; Guynn R.W.; J. Biol. Chem.; 253 2546 (1978).,78LYN/GUY_1437, , ,311.15,7.27,0.56, ,fluorimetry and spectrophotometry,Tris (0.1 mol dm-3) + acetic acid,2.89 = -log[Mg+2] _ mol/L;IS=0.25;GTP=0.0000452;GDP=0.0000815;succinyl-CoA=0.0000447;phosphate=0.00339;succinate=0.00692;CoA=0.000063;Mg2+_tot=0.00174;Mg2+_free=0.00116;K+_tot=0.0162  ,6.2.1.4, ,0.00128 Mg2+,0.25, , 
2555,2701.0,2773.0,succinate-CoA ligase (GDP-forming),kegg:C00044 + kegg:C00042 + kegg:C00010 = kegg:C00035 + kegg:C00009 + kegg:C00091,CHB_15346 + CHB_15996 + CHB_30031 = CHB_15380 + CHB_17552 + CHB_26078,GTP(aq) + succinate(aq) + CoA(aq) = GDP(aq) + phosphate(aq) + succinyl-CoA(aq),Lynn R.; Guynn R.W.; J. Biol. Chem.; 253 2546 (1978).,78LYN/GUY_1437, , ,311.15,7.3,0.5, ,fluorimetry and spectrophotometry,Tris (0.1 mol dm-3) + acetic acid,2.9 = -log[Mg+2] _ mol/L;IS=0.25;GTP=0.0000609;GDP=0.0000682;succinyl-CoA=0.0000442;phosphate=0.00337;succinate=0.00709;CoA=0.0000235;Mg2+_tot=0.00047;Mg2+_free=0.00011;K+_tot=0.211  ,6.2.1.4, ,0.00127 Mg2+,0.25, , 
2556,2673.0,2518.0,nucleoside-diphosphate kinase,kegg:C00002 + kegg:C00035 = kegg:C00008 + kegg:C00044,CHB_15422 + CHB_17552 = CHB_15996 + CHB_16761,ATP(aq) + GDP(aq) = ADP(aq) + GTP(aq),Lynn R.; Guynn R.W.; J. Biol. Chem.; 253 2546 (1978).,78LYN/GUY_666,204656.0, ,311.15,7.0,1.04, ,fluorimetry and spectrophotometry,potassium phosphate (0.025 mol dm-3),mol/L;IS=0.25;Mg2+_tot=0.0073;ATP=0.000206;GTP=0.000202;ADP=0.000176;GDP=0.000166;K+_tot=0.2281  ,2.7.4.6 & 2.7.4.9, , ,0.25, , 
2557,,1188.0,cholesterol oxidase,kegg:C00187 + kegg:C00007 = kegg:C00599 + kegg:C00027, ,cholesterol(aq) + O2(aq) = cholest-4-en-3-one(aq) + H2O2(aq),McGuinness E.T.; Brown H.D.; Chattopadhyay S.K.; Chen F.; Biochim. Biophys. Acta; 530 247 (1978).,78MCG/BRO_230, , ,303.15,7.0, , ,calorimetry,phosphate (0.067 mol dm-3), ,1.1.3.6, , , , ,-114
2558,,3931.0,cholesterol oxidase and catalase,kegg:C00187 + 0.5 kegg:C00007 = kegg:C00599 + kegg:C00001, ,cholesterol(aq) + 1/2 O2(aq) = cholest-4-en-3-one(aq) + H2O(l),McGuinness E.T.; Brown H.D.; Chattopadhyay S.K.; Chen F.; Biochim. Biophys. Acta; 530 247 (1978).,78MCG/BRO_231, , ,303.15,7.0, , ,calorimetry,phosphate (0.067 mol dm-3), ,1.1.3.6 & 1.11.1.6, , , , ,-214
2559,2737.0,2713.0,glyceraldehyde-3-phosphate dehydrogenase and phosphoglycerate kinase,kegg:C00118 + kegg:C00008 + kegg:C00003 + kegg:C00009 = kegg:C00197 + kegg:C00002 + kegg:C00004,CHB_15846 + CHB_16761 + CHB_26078 + CHB_29052 = CHB_15422 + CHB_16908 + CHB_17794,D-glyceraldehyde 3-phosphate(aq) + ADP(aq) + NAD(aq) + orthophosphate(aq) = 3-phospho-D-glycerate(aq) + ATP(aq) + NADH(aq),van der Meer R.; Akerboom T.P.M.; Groen A.K.; Tager J.M.; Eur. J. Biochem.; 84 421 (1978).,78MEE/AKE_258, , ,310.15,7.0,586, ,spectrophotometry,phosphate  (0.020 mol dm-3),3.83 = -log[Mg+2] _ mol/L;IS=0.25;phosphate buffer=0.02;(Mg)1=0.000148 _ Mg2+ (0.000148 mol/L) _ ,1.2.1.12 & 1.2.1.12 & 2.7.2.3 & 2.7.2.3, ,0.000148 Mg2+, , , 
2560,2738.0,2702.0,glyceraldehyde-3-phosphate dehydrogenase and phosphoglycerate kinase,kegg:C00118 + kegg:C00008 + kegg:C00003 + kegg:C00009 = kegg:C00197 + kegg:C00002 + kegg:C00004,CHB_15846 + CHB_16761 + CHB_26078 + CHB_29052 = CHB_15422 + CHB_16908 + CHB_17794,D-glyceraldehyde 3-phosphate(aq) + ADP(aq) + NAD(aq) + orthophosphate(aq) = 3-phospho-D-glycerate(aq) + ATP(aq) + NADH(aq),van der Meer R.; Akerboom T.P.M.; Groen A.K.; Tager J.M.; Eur. J. Biochem.; 84 421 (1978).,78MEE/AKE_258, , ,310.15,7.0,670, ,spectrophotometry,phosphate  (0.020 mol dm-3),3.78 = -log[Mg+2] _ mol/L;IS=0.25;phosphate buffer=0.02;(Mg)1=0.000166 _ Mg2+ (0.000166 mol/L) _ ,1.2.1.12 & 1.2.1.12 & 2.7.2.3 & 2.7.2.3, ,0.000166 Mg2+, , , 
2561,2731.0,2708.0,glyceraldehyde-3-phosphate dehydrogenase and phosphoglycerate kinase,kegg:C00118 + kegg:C00008 + kegg:C00003 + kegg:C00009 = kegg:C00197 + kegg:C00002 + kegg:C00004,CHB_15846 + CHB_16761 + CHB_26078 + CHB_29052 = CHB_15422 + CHB_16908 + CHB_17794,D-glyceraldehyde 3-phosphate(aq) + ADP(aq) + NAD(aq) + orthophosphate(aq) = 3-phospho-D-glycerate(aq) + ATP(aq) + NADH(aq),van der Meer R.; Akerboom T.P.M.; Groen A.K.; Tager J.M.; Eur. J. Biochem.; 84 421 (1978).,78MEE/AKE_258, , ,310.15,7.0,288, ,spectrophotometry,phosphate  (0.020 mol dm-3),4.75 = -log[Mg+2] _ mol/L;IS=0.25;phosphate buffer=0.02;(Mg)1=0.000002 _ Mg2+ (0.000002 mol/L) _ ,1.2.1.12 & 1.2.1.12 & 2.7.2.3 & 2.7.2.3, ,1.78e-05 Mg2+, , , 
2562,2733.0,2710.0,glyceraldehyde-3-phosphate dehydrogenase and phosphoglycerate kinase,kegg:C00118 + kegg:C00008 + kegg:C00003 + kegg:C00009 = kegg:C00197 + kegg:C00002 + kegg:C00004,CHB_15846 + CHB_16761 + CHB_26078 + CHB_29052 = CHB_15422 + CHB_16908 + CHB_17794,D-glyceraldehyde 3-phosphate(aq) + ADP(aq) + NAD(aq) + orthophosphate(aq) = 3-phospho-D-glycerate(aq) + ATP(aq) + NADH(aq),van der Meer R.; Akerboom T.P.M.; Groen A.K.; Tager J.M.; Eur. J. Biochem.; 84 421 (1978).,78MEE/AKE_258, , ,310.15,7.0,288, ,spectrophotometry,phosphate  (0.020 mol dm-3),5.7 = -log[Mg+2] _ mol/L;IS=0.25;phosphate buffer=0.02;(Mg)1=0.0000178 _ Mg2+ (0.0000178 mol/L) _ ,1.2.1.12 & 1.2.1.12 & 2.7.2.3 & 2.7.2.3, ,2e-06 Mg2+, , , 
2563,2739.0,2705.0,glyceraldehyde-3-phosphate dehydrogenase and phosphoglycerate kinase,kegg:C00118 + kegg:C00008 + kegg:C00003 + kegg:C00009 = kegg:C00197 + kegg:C00002 + kegg:C00004,CHB_15846 + CHB_16761 + CHB_26078 + CHB_29052 = CHB_15422 + CHB_16908 + CHB_17794,D-glyceraldehyde 3-phosphate(aq) + ADP(aq) + NAD(aq) + orthophosphate(aq) = 3-phospho-D-glycerate(aq) + ATP(aq) + NADH(aq),van der Meer R.; Akerboom T.P.M.; Groen A.K.; Tager J.M.; Eur. J. Biochem.; 84 421 (1978).,78MEE/AKE_258, , ,310.15,7.0,622, ,spectrophotometry,phosphate  (0.020 mol dm-3),3.68 = -log[Mg+2] _ mol/L;IS=0.25;phosphate buffer=0.02;(Mg)1=0.000209 _ Mg2+ (0.000209 mol/L) _ ,1.2.1.12 & 1.2.1.12 & 2.7.2.3 & 2.7.2.3, ,0.000209 Mg2+, , , 
2564,2744.0,2706.0,glyceraldehyde-3-phosphate dehydrogenase and phosphoglycerate kinase,kegg:C00118 + kegg:C00008 + kegg:C00003 + kegg:C00009 = kegg:C00197 + kegg:C00002 + kegg:C00004,CHB_15846 + CHB_16761 + CHB_26078 + CHB_29052 = CHB_15422 + CHB_16908 + CHB_17794,D-glyceraldehyde 3-phosphate(aq) + ADP(aq) + NAD(aq) + orthophosphate(aq) = 3-phospho-D-glycerate(aq) + ATP(aq) + NADH(aq),van der Meer R.; Akerboom T.P.M.; Groen A.K.; Tager J.M.; Eur. J. Biochem.; 84 421 (1978).,78MEE/AKE_258, , ,310.15,7.0,1540, ,spectrophotometry,phosphate  (0.020 mol dm-3),2.66 = -log[Mg+2] _ mol/L;IS=0.25;phosphate buffer=0.02;(Mg)1=0.00219 _ Mg2+ (0.00219 mol/L) _ ,1.2.1.12 & 1.2.1.12 & 2.7.2.3 & 2.7.2.3, ,0.00219 Mg2+, , , 
2565,2745.0,2707.0,glyceraldehyde-3-phosphate dehydrogenase and phosphoglycerate kinase,kegg:C00118 + kegg:C00008 + kegg:C00003 + kegg:C00009 = kegg:C00197 + kegg:C00002 + kegg:C00004,CHB_15846 + CHB_16761 + CHB_26078 + CHB_29052 = CHB_15422 + CHB_16908 + CHB_17794,D-glyceraldehyde 3-phosphate(aq) + ADP(aq) + NAD(aq) + orthophosphate(aq) = 3-phospho-D-glycerate(aq) + ATP(aq) + NADH(aq),van der Meer R.; Akerboom T.P.M.; Groen A.K.; Tager J.M.; Eur. J. Biochem.; 84 421 (1978).,78MEE/AKE_258, , ,310.15,7.0,1930, ,spectrophotometry,phosphate  (0.020 mol dm-3),2.63 = -log[Mg+2] _ mol/L;IS=0.25;phosphate buffer=0.02;(Mg)1=0.00234 _ Mg2+ (0.00234 mol/L) _ ,1.2.1.12 & 1.2.1.12 & 2.7.2.3 & 2.7.2.3, ,0.00234 Mg2+, , , 
2566,2734.0,2712.0,glyceraldehyde-3-phosphate dehydrogenase and phosphoglycerate kinase,kegg:C00118 + kegg:C00008 + kegg:C00003 + kegg:C00009 = kegg:C00197 + kegg:C00002 + kegg:C00004,CHB_15846 + CHB_16761 + CHB_26078 + CHB_29052 = CHB_15422 + CHB_16908 + CHB_17794,D-glyceraldehyde 3-phosphate(aq) + ADP(aq) + NAD(aq) + orthophosphate(aq) = 3-phospho-D-glycerate(aq) + ATP(aq) + NADH(aq),van der Meer R.; Akerboom T.P.M.; Groen A.K.; Tager J.M.; Eur. J. Biochem.; 84 421 (1978).,78MEE/AKE_258, , ,310.15,7.0,353, ,spectrophotometry,phosphate  (0.020 mol dm-3),4.63 = -log[Mg+2] _ mol/L;IS=0.25;phosphate buffer=0.02;(Mg)1=0.0000234 _ Mg2+ (0.0000234 mol/L) _ ,1.2.1.12 & 1.2.1.12 & 2.7.2.3 & 2.7.2.3, ,2.34e-05 Mg2+, , , 
2567,2732.0,2704.0,glyceraldehyde-3-phosphate dehydrogenase and phosphoglycerate kinase,kegg:C00118 + kegg:C00008 + kegg:C00003 + kegg:C00009 = kegg:C00197 + kegg:C00002 + kegg:C00004,CHB_15846 + CHB_16761 + CHB_26078 + CHB_29052 = CHB_15422 + CHB_16908 + CHB_17794,D-glyceraldehyde 3-phosphate(aq) + ADP(aq) + NAD(aq) + orthophosphate(aq) = 3-phospho-D-glycerate(aq) + ATP(aq) + NADH(aq),van der Meer R.; Akerboom T.P.M.; Groen A.K.; Tager J.M.; Eur. J. Biochem.; 84 421 (1978).,78MEE/AKE_258, , ,310.15,7.0,306, ,spectrophotometry,phosphate  (0.020 mol dm-3),5.52 = -log[Mg+2] _ mol/L;IS=0.25;phosphate buffer=0.02;(Mg)1=0.000003 _ Mg2+ (0.00000302 mol/L) _ ,1.2.1.12 & 1.2.1.12 & 2.7.2.3 & 2.7.2.3, ,3.02e-06 Mg2+, , , 
2568,2740.0,2711.0,glyceraldehyde-3-phosphate dehydrogenase and phosphoglycerate kinase,kegg:C00118 + kegg:C00008 + kegg:C00003 + kegg:C00009 = kegg:C00197 + kegg:C00002 + kegg:C00004,CHB_15846 + CHB_16761 + CHB_26078 + CHB_29052 = CHB_15422 + CHB_16908 + CHB_17794,D-glyceraldehyde 3-phosphate(aq) + ADP(aq) + NAD(aq) + orthophosphate(aq) = 3-phospho-D-glycerate(aq) + ATP(aq) + NADH(aq),van der Meer R.; Akerboom T.P.M.; Groen A.K.; Tager J.M.; Eur. J. Biochem.; 84 421 (1978).,78MEE/AKE_258, , ,310.15,7.0,817, ,spectrophotometry,phosphate  (0.020 mol dm-3),3.48 = -log[Mg+2] _ mol/L;IS=0.25;phosphate buffer=0.02;(Mg)1=0.000331 _ Mg2+ (0.000331 mol/L) _ ,1.2.1.12 & 1.2.1.12 & 2.7.2.3 & 2.7.2.3, ,0.000331 Mg2+, , , 
2569,2741.0,2701.0,glyceraldehyde-3-phosphate dehydrogenase and phosphoglycerate kinase,kegg:C00118 + kegg:C00008 + kegg:C00003 + kegg:C00009 = kegg:C00197 + kegg:C00002 + kegg:C00004,CHB_15846 + CHB_16761 + CHB_26078 + CHB_29052 = CHB_15422 + CHB_16908 + CHB_17794,D-glyceraldehyde 3-phosphate(aq) + ADP(aq) + NAD(aq) + orthophosphate(aq) = 3-phospho-D-glycerate(aq) + ATP(aq) + NADH(aq),van der Meer R.; Akerboom T.P.M.; Groen A.K.; Tager J.M.; Eur. J. Biochem.; 84 421 (1978).,78MEE/AKE_258, , ,310.15,7.0,975, ,spectrophotometry,phosphate  (0.020 mol dm-3),3.42 = -log[Mg+2] _ mol/L;IS=0.25;phosphate buffer=0.02;(Mg)1=0.00038 _ Mg2+ (0.00038 mol/L) _ ,1.2.1.12 & 1.2.1.12 & 2.7.2.3 & 2.7.2.3, ,0.00038 Mg2+, , , 
2570,2735.0,2703.0,glyceraldehyde-3-phosphate dehydrogenase and phosphoglycerate kinase,kegg:C00118 + kegg:C00008 + kegg:C00003 + kegg:C00009 = kegg:C00197 + kegg:C00002 + kegg:C00004,CHB_15846 + CHB_16761 + CHB_26078 + CHB_29052 = CHB_15422 + CHB_16908 + CHB_17794,D-glyceraldehyde 3-phosphate(aq) + ADP(aq) + NAD(aq) + orthophosphate(aq) = 3-phospho-D-glycerate(aq) + ATP(aq) + NADH(aq),van der Meer R.; Akerboom T.P.M.; Groen A.K.; Tager J.M.; Eur. J. Biochem.; 84 421 (1978).,78MEE/AKE_258, , ,310.15,7.0,412, ,spectrophotometry,phosphate  (0.020 mol dm-3),4.21 = -log[Mg+2] _ mol/L;IS=0.25;phosphate buffer=0.02;(Mg)1=0.0000617 _ Mg2+ (0.0000617 mol/L) _ ,1.2.1.12 & 1.2.1.12 & 2.7.2.3 & 2.7.2.3, ,6.17e-05 Mg2+, , , 
2571,2742.0,2700.0,glyceraldehyde-3-phosphate dehydrogenase and phosphoglycerate kinase,kegg:C00118 + kegg:C00008 + kegg:C00003 + kegg:C00009 = kegg:C00197 + kegg:C00002 + kegg:C00004,CHB_15846 + CHB_16761 + CHB_26078 + CHB_29052 = CHB_15422 + CHB_16908 + CHB_17794,D-glyceraldehyde 3-phosphate(aq) + ADP(aq) + NAD(aq) + orthophosphate(aq) = 3-phospho-D-glycerate(aq) + ATP(aq) + NADH(aq),van der Meer R.; Akerboom T.P.M.; Groen A.K.; Tager J.M.; Eur. J. Biochem.; 84 421 (1978).,78MEE/AKE_258, , ,310.15,7.0,1130, ,spectrophotometry,phosphate  (0.020 mol dm-3),3.13 = -log[Mg+2] _ mol/L;IS=0.25;phosphate buffer=0.02;(Mg)1=0.000741 _ Mg2+ (0.000741 mol/L) _ ,1.2.1.12 & 1.2.1.12 & 2.7.2.3 & 2.7.2.3, ,0.000741 Mg2+, , , 
2572,2736.0,2709.0,glyceraldehyde-3-phosphate dehydrogenase and phosphoglycerate kinase,kegg:C00118 + kegg:C00008 + kegg:C00003 + kegg:C00009 = kegg:C00197 + kegg:C00002 + kegg:C00004,CHB_15846 + CHB_16761 + CHB_26078 + CHB_29052 = CHB_15422 + CHB_16908 + CHB_17794,D-glyceraldehyde 3-phosphate(aq) + ADP(aq) + NAD(aq) + orthophosphate(aq) = 3-phospho-D-glycerate(aq) + ATP(aq) + NADH(aq),van der Meer R.; Akerboom T.P.M.; Groen A.K.; Tager J.M.; Eur. J. Biochem.; 84 421 (1978).,78MEE/AKE_258, , ,310.15,7.0,490, ,spectrophotometry,phosphate  (0.020 mol dm-3),4.08 = -log[Mg+2] _ mol/L;IS=0.25;phosphate buffer=0.02;(Mg)1=0.0000832 _ Mg2+ (0.0000832 mol/L) _ ,1.2.1.12 & 1.2.1.12 & 2.7.2.3 & 2.7.2.3, ,8.32e-05 Mg2+, , , 
2573,2743.0,2699.0,glyceraldehyde-3-phosphate dehydrogenase and phosphoglycerate kinase,kegg:C00118 + kegg:C00008 + kegg:C00003 + kegg:C00009 = kegg:C00197 + kegg:C00002 + kegg:C00004,CHB_15846 + CHB_16761 + CHB_26078 + CHB_29052 = CHB_15422 + CHB_16908 + CHB_17794,D-glyceraldehyde 3-phosphate(aq) + ADP(aq) + NAD(aq) + orthophosphate(aq) = 3-phospho-D-glycerate(aq) + ATP(aq) + NADH(aq),van der Meer R.; Akerboom T.P.M.; Groen A.K.; Tager J.M.; Eur. J. Biochem.; 84 421 (1978).,78MEE/AKE_258, , ,310.15,7.0,1310, ,spectrophotometry,phosphate  (0.020 mol dm-3),3.05 = -log[Mg+2] _ mol/L;IS=0.25;phosphate buffer=0.02;(Mg)1=0.00089 _ Mg2+ (0.000891 mol/L) _ ,1.2.1.12 & 1.2.1.12 & 2.7.2.3 & 2.7.2.3, ,0.000891 Mg2+, , , 
2574,2752.0,3333.0,glyceraldehyde-3-phosphate dehydrogenase and phosphoglycerate kinase,kegg:C00118 + kegg:C00008 + kegg:C00003 + kegg:C00009 = kegg:C00197 + kegg:C00002 + kegg:C00004,CHB_15846 + CHB_16761 + CHB_26078 + CHB_29052 = CHB_15422 + CHB_16908 + CHB_17794,D-glyceraldehyde 3-phosphate(aq) + ADP(aq) + NAD(aq) + orthophosphate(aq) = 3-phospho-D-glycerate(aq) + ATP(aq) + NADH(aq),van der Meer R.; Akerboom T.P.M.; Groen A.K.; Tager J.M.; Eur. J. Biochem.; 84 421 (1978).,78MEE/AKE_585,639798.0,10.1111/j.1432-1033.1978.tb12183.x,310.15,7.0,586, ,spectrophotometry,phosphate (0.020 mol dm-3),3.83 = -log[Mg+2] _ mol/L;IS=0.25;phosphate buffer=0.02;(Mg)1=0.000148 _ Mg2+ (0.000148 mol/L) _ ,1.2.1.12 & 1.2.1.12 & 2.7.2.3 & 2.7.2.3, ,0.000148 Mg2+, , , 
2575,2753.0,3337.0,glyceraldehyde-3-phosphate dehydrogenase and phosphoglycerate kinase,kegg:C00118 + kegg:C00008 + kegg:C00003 + kegg:C00009 = kegg:C00197 + kegg:C00002 + kegg:C00004,CHB_15846 + CHB_16761 + CHB_26078 + CHB_29052 = CHB_15422 + CHB_16908 + CHB_17794,D-glyceraldehyde 3-phosphate(aq) + ADP(aq) + NAD(aq) + orthophosphate(aq) = 3-phospho-D-glycerate(aq) + ATP(aq) + NADH(aq),van der Meer R.; Akerboom T.P.M.; Groen A.K.; Tager J.M.; Eur. J. Biochem.; 84 421 (1978).,78MEE/AKE_585,639798.0,10.1111/j.1432-1033.1978.tb12183.x,310.15,7.0,670, ,spectrophotometry,phosphate (0.020 mol dm-3),3.78 = -log[Mg+2] _ mol/L;IS=0.25;phosphate buffer=0.02;(Mg)1=0.000166 _ Mg2+ (0.000166 mol/L) _ ,1.2.1.12 & 1.2.1.12 & 2.7.2.3 & 2.7.2.3, ,0.000166 Mg2+, , , 
2576,2746.0,3335.0,glyceraldehyde-3-phosphate dehydrogenase and phosphoglycerate kinase,kegg:C00118 + kegg:C00008 + kegg:C00003 + kegg:C00009 = kegg:C00197 + kegg:C00002 + kegg:C00004,CHB_15846 + CHB_16761 + CHB_26078 + CHB_29052 = CHB_15422 + CHB_16908 + CHB_17794,D-glyceraldehyde 3-phosphate(aq) + ADP(aq) + NAD(aq) + orthophosphate(aq) = 3-phospho-D-glycerate(aq) + ATP(aq) + NADH(aq),van der Meer R.; Akerboom T.P.M.; Groen A.K.; Tager J.M.; Eur. J. Biochem.; 84 421 (1978).,78MEE/AKE_585,639798.0,10.1111/j.1432-1033.1978.tb12183.x,310.15,7.0,288, ,spectrophotometry,phosphate (0.020 mol dm-3),4.75 = -log[Mg+2] _ mol/L;IS=0.25;phosphate buffer=0.02;(Mg)1=0.000002 _ Mg2+ (0.000002 mol/L) _ ,1.2.1.12 & 1.2.1.12 & 2.7.2.3 & 2.7.2.3, ,1.78e-05 Mg2+, , , 
2577,2748.0,3339.0,glyceraldehyde-3-phosphate dehydrogenase and phosphoglycerate kinase,kegg:C00118 + kegg:C00008 + kegg:C00003 + kegg:C00009 = kegg:C00197 + kegg:C00002 + kegg:C00004,CHB_15846 + CHB_16761 + CHB_26078 + CHB_29052 = CHB_15422 + CHB_16908 + CHB_17794,D-glyceraldehyde 3-phosphate(aq) + ADP(aq) + NAD(aq) + orthophosphate(aq) = 3-phospho-D-glycerate(aq) + ATP(aq) + NADH(aq),van der Meer R.; Akerboom T.P.M.; Groen A.K.; Tager J.M.; Eur. J. Biochem.; 84 421 (1978).,78MEE/AKE_585,639798.0,10.1111/j.1432-1033.1978.tb12183.x,310.15,7.0,288, ,spectrophotometry,phosphate (0.020 mol dm-3),5.7 = -log[Mg+2] _ mol/L;IS=0.25;phosphate buffer=0.02;(Mg)1=0.0000178 _ Mg2+ (0.0000178 mol/L) _ ,1.2.1.12 & 1.2.1.12 & 2.7.2.3 & 2.7.2.3, ,2e-06 Mg2+, , , 
2578,2754.0,3338.0,glyceraldehyde-3-phosphate dehydrogenase and phosphoglycerate kinase,kegg:C00118 + kegg:C00008 + kegg:C00003 + kegg:C00009 = kegg:C00197 + kegg:C00002 + kegg:C00004,CHB_15846 + CHB_16761 + CHB_26078 + CHB_29052 = CHB_15422 + CHB_16908 + CHB_17794,D-glyceraldehyde 3-phosphate(aq) + ADP(aq) + NAD(aq) + orthophosphate(aq) = 3-phospho-D-glycerate(aq) + ATP(aq) + NADH(aq),van der Meer R.; Akerboom T.P.M.; Groen A.K.; Tager J.M.; Eur. J. Biochem.; 84 421 (1978).,78MEE/AKE_585,639798.0,10.1111/j.1432-1033.1978.tb12183.x,310.15,7.0,622, ,spectrophotometry,phosphate (0.020 mol dm-3),3.68 = -log[Mg+2] _ mol/L;IS=0.25;phosphate buffer=0.02;(Mg)1=0.000209 _ Mg2+ (0.000209 mol/L) _ ,1.2.1.12 & 1.2.1.12 & 2.7.2.3 & 2.7.2.3, ,0.000209 Mg2+, , , 
2579,2759.0,3330.0,glyceraldehyde-3-phosphate dehydrogenase and phosphoglycerate kinase,kegg:C00118 + kegg:C00008 + kegg:C00003 + kegg:C00009 = kegg:C00197 + kegg:C00002 + kegg:C00004,CHB_15846 + CHB_16761 + CHB_26078 + CHB_29052 = CHB_15422 + CHB_16908 + CHB_17794,D-glyceraldehyde 3-phosphate(aq) + ADP(aq) + NAD(aq) + orthophosphate(aq) = 3-phospho-D-glycerate(aq) + ATP(aq) + NADH(aq),van der Meer R.; Akerboom T.P.M.; Groen A.K.; Tager J.M.; Eur. J. Biochem.; 84 421 (1978).,78MEE/AKE_585,639798.0,10.1111/j.1432-1033.1978.tb12183.x,310.15,7.0,1540, ,spectrophotometry,phosphate (0.020 mol dm-3),2.66 = -log[Mg+2] _ mol/L;IS=0.25;phosphate buffer=0.02;(Mg)1=0.00219 _ Mg2+ (0.00219 mol/L) _ ,1.2.1.12 & 1.2.1.12 & 2.7.2.3 & 2.7.2.3, ,0.00219 Mg2+, , , 
2580,2760.0,3342.0,glyceraldehyde-3-phosphate dehydrogenase and phosphoglycerate kinase,kegg:C00118 + kegg:C00008 + kegg:C00003 + kegg:C00009 = kegg:C00197 + kegg:C00002 + kegg:C00004,CHB_15846 + CHB_16761 + CHB_26078 + CHB_29052 = CHB_15422 + CHB_16908 + CHB_17794,D-glyceraldehyde 3-phosphate(aq) + ADP(aq) + NAD(aq) + orthophosphate(aq) = 3-phospho-D-glycerate(aq) + ATP(aq) + NADH(aq),van der Meer R.; Akerboom T.P.M.; Groen A.K.; Tager J.M.; Eur. J. Biochem.; 84 421 (1978).,78MEE/AKE_585,639798.0,10.1111/j.1432-1033.1978.tb12183.x,310.15,7.0,1930, ,spectrophotometry,phosphate (0.020 mol dm-3),2.63 = -log[Mg+2] _ mol/L;IS=0.25;phosphate buffer=0.02;(Mg)1=0.00234 _ Mg2+ (0.00234 mol/L) _ ,1.2.1.12 & 1.2.1.12 & 2.7.2.3 & 2.7.2.3, ,0.00234 Mg2+, , , 
2581,2749.0,3341.0,glyceraldehyde-3-phosphate dehydrogenase and phosphoglycerate kinase,kegg:C00118 + kegg:C00008 + kegg:C00003 + kegg:C00009 = kegg:C00197 + kegg:C00002 + kegg:C00004,CHB_15846 + CHB_16761 + CHB_26078 + CHB_29052 = CHB_15422 + CHB_16908 + CHB_17794,D-glyceraldehyde 3-phosphate(aq) + ADP(aq) + NAD(aq) + orthophosphate(aq) = 3-phospho-D-glycerate(aq) + ATP(aq) + NADH(aq),van der Meer R.; Akerboom T.P.M.; Groen A.K.; Tager J.M.; Eur. J. Biochem.; 84 421 (1978).,78MEE/AKE_585,639798.0,10.1111/j.1432-1033.1978.tb12183.x,310.15,7.0,353, ,spectrophotometry,phosphate (0.020 mol dm-3),4.63 = -log[Mg+2] _ mol/L;IS=0.25;phosphate buffer=0.02;(Mg)1=0.0000234 _ Mg2+ (0.0000234 mol/L) _ ,1.2.1.12 & 1.2.1.12 & 2.7.2.3 & 2.7.2.3, ,2.34e-05 Mg2+, , , 
2582,2747.0,3336.0,glyceraldehyde-3-phosphate dehydrogenase and phosphoglycerate kinase,kegg:C00118 + kegg:C00008 + kegg:C00003 + kegg:C00009 = kegg:C00197 + kegg:C00002 + kegg:C00004,CHB_15846 + CHB_16761 + CHB_26078 + CHB_29052 = CHB_15422 + CHB_16908 + CHB_17794,D-glyceraldehyde 3-phosphate(aq) + ADP(aq) + NAD(aq) + orthophosphate(aq) = 3-phospho-D-glycerate(aq) + ATP(aq) + NADH(aq),van der Meer R.; Akerboom T.P.M.; Groen A.K.; Tager J.M.; Eur. J. Biochem.; 84 421 (1978).,78MEE/AKE_585,639798.0,10.1111/j.1432-1033.1978.tb12183.x,310.15,7.0,306, ,spectrophotometry,phosphate (0.020 mol dm-3),5.52 = -log[Mg+2] _ mol/L;IS=0.25;phosphate buffer=0.02;(Mg)1=0.000003 _ Mg2+ (0.00000302 mol/L) _ ,1.2.1.12 & 1.2.1.12 & 2.7.2.3 & 2.7.2.3, ,3.02e-06 Mg2+, , , 
2583,2755.0,3332.0,glyceraldehyde-3-phosphate dehydrogenase and phosphoglycerate kinase,kegg:C00118 + kegg:C00008 + kegg:C00003 + kegg:C00009 = kegg:C00197 + kegg:C00002 + kegg:C00004,CHB_15846 + CHB_16761 + CHB_26078 + CHB_29052 = CHB_15422 + CHB_16908 + CHB_17794,D-glyceraldehyde 3-phosphate(aq) + ADP(aq) + NAD(aq) + orthophosphate(aq) = 3-phospho-D-glycerate(aq) + ATP(aq) + NADH(aq),van der Meer R.; Akerboom T.P.M.; Groen A.K.; Tager J.M.; Eur. J. Biochem.; 84 421 (1978).,78MEE/AKE_585,639798.0,10.1111/j.1432-1033.1978.tb12183.x,310.15,7.0,817, ,spectrophotometry,phosphate (0.020 mol dm-3),3.48 = -log[Mg+2] _ mol/L;IS=0.25;phosphate buffer=0.02;(Mg)1=0.000331 _ Mg2+ (0.000331 mol/L) _ ,1.2.1.12 & 1.2.1.12 & 2.7.2.3 & 2.7.2.3, ,0.000331 Mg2+, , , 
2584,2756.0,3344.0,glyceraldehyde-3-phosphate dehydrogenase and phosphoglycerate kinase,kegg:C00118 + kegg:C00008 + kegg:C00003 + kegg:C00009 = kegg:C00197 + kegg:C00002 + kegg:C00004,CHB_15846 + CHB_16761 + CHB_26078 + CHB_29052 = CHB_15422 + CHB_16908 + CHB_17794,D-glyceraldehyde 3-phosphate(aq) + ADP(aq) + NAD(aq) + orthophosphate(aq) = 3-phospho-D-glycerate(aq) + ATP(aq) + NADH(aq),van der Meer R.; Akerboom T.P.M.; Groen A.K.; Tager J.M.; Eur. J. Biochem.; 84 421 (1978).,78MEE/AKE_585,639798.0,10.1111/j.1432-1033.1978.tb12183.x,310.15,7.0,975, ,spectrophotometry,phosphate (0.020 mol dm-3),3.42 = -log[Mg+2] _ mol/L;IS=0.25;phosphate buffer=0.02;(Mg)1=0.00038 _ Mg2+ (0.00038 mol/L) _ ,1.2.1.12 & 1.2.1.12 & 2.7.2.3 & 2.7.2.3, ,0.00038 Mg2+, , , 
2585,2750.0,3340.0,glyceraldehyde-3-phosphate dehydrogenase and phosphoglycerate kinase,kegg:C00118 + kegg:C00008 + kegg:C00003 + kegg:C00009 = kegg:C00197 + kegg:C00002 + kegg:C00004,CHB_15846 + CHB_16761 + CHB_26078 + CHB_29052 = CHB_15422 + CHB_16908 + CHB_17794,D-glyceraldehyde 3-phosphate(aq) + ADP(aq) + NAD(aq) + orthophosphate(aq) = 3-phospho-D-glycerate(aq) + ATP(aq) + NADH(aq),van der Meer R.; Akerboom T.P.M.; Groen A.K.; Tager J.M.; Eur. J. Biochem.; 84 421 (1978).,78MEE/AKE_585,639798.0,10.1111/j.1432-1033.1978.tb12183.x,310.15,7.0,412, ,spectrophotometry,phosphate (0.020 mol dm-3),4.21 = -log[Mg+2] _ mol/L;IS=0.25;phosphate buffer=0.02;(Mg)1=0.0000617 _ Mg2+ (0.0000617 mol/L) _ ,1.2.1.12 & 1.2.1.12 & 2.7.2.3 & 2.7.2.3, ,6.17e-05 Mg2+, , , 
2586,2757.0,3331.0,glyceraldehyde-3-phosphate dehydrogenase and phosphoglycerate kinase,kegg:C00118 + kegg:C00008 + kegg:C00003 + kegg:C00009 = kegg:C00197 + kegg:C00002 + kegg:C00004,CHB_15846 + CHB_16761 + CHB_26078 + CHB_29052 = CHB_15422 + CHB_16908 + CHB_17794,D-glyceraldehyde 3-phosphate(aq) + ADP(aq) + NAD(aq) + orthophosphate(aq) = 3-phospho-D-glycerate(aq) + ATP(aq) + NADH(aq),van der Meer R.; Akerboom T.P.M.; Groen A.K.; Tager J.M.; Eur. J. Biochem.; 84 421 (1978).,78MEE/AKE_585,639798.0,10.1111/j.1432-1033.1978.tb12183.x,310.15,7.0,1130, ,spectrophotometry,phosphate (0.020 mol dm-3),3.13 = -log[Mg+2] _ mol/L;IS=0.25;phosphate buffer=0.02;(Mg)1=0.000741 _ Mg2+ (0.000741 mol/L) _ ,1.2.1.12 & 1.2.1.12 & 2.7.2.3 & 2.7.2.3, ,0.000741 Mg2+, , , 
2587,2751.0,3334.0,glyceraldehyde-3-phosphate dehydrogenase and phosphoglycerate kinase,kegg:C00118 + kegg:C00008 + kegg:C00003 + kegg:C00009 = kegg:C00197 + kegg:C00002 + kegg:C00004,CHB_15846 + CHB_16761 + CHB_26078 + CHB_29052 = CHB_15422 + CHB_16908 + CHB_17794,D-glyceraldehyde 3-phosphate(aq) + ADP(aq) + NAD(aq) + orthophosphate(aq) = 3-phospho-D-glycerate(aq) + ATP(aq) + NADH(aq),van der Meer R.; Akerboom T.P.M.; Groen A.K.; Tager J.M.; Eur. J. Biochem.; 84 421 (1978).,78MEE/AKE_585,639798.0,10.1111/j.1432-1033.1978.tb12183.x,310.15,7.0,490, ,spectrophotometry,phosphate (0.020 mol dm-3),4.08 = -log[Mg+2] _ mol/L;IS=0.25;phosphate buffer=0.02;(Mg)1=0.0000832 _ Mg2+ (0.0000832 mol/L) _ ,1.2.1.12 & 1.2.1.12 & 2.7.2.3 & 2.7.2.3, ,8.32e-05 Mg2+, , , 
2588,2758.0,3343.0,glyceraldehyde-3-phosphate dehydrogenase and phosphoglycerate kinase,kegg:C00118 + kegg:C00008 + kegg:C00003 + kegg:C00009 = kegg:C00197 + kegg:C00002 + kegg:C00004,CHB_15846 + CHB_16761 + CHB_26078 + CHB_29052 = CHB_15422 + CHB_16908 + CHB_17794,D-glyceraldehyde 3-phosphate(aq) + ADP(aq) + NAD(aq) + orthophosphate(aq) = 3-phospho-D-glycerate(aq) + ATP(aq) + NADH(aq),van der Meer R.; Akerboom T.P.M.; Groen A.K.; Tager J.M.; Eur. J. Biochem.; 84 421 (1978).,78MEE/AKE_585,639798.0,10.1111/j.1432-1033.1978.tb12183.x,310.15,7.0,1310, ,spectrophotometry,phosphate (0.020 mol dm-3),3.05 = -log[Mg+2] _ mol/L;IS=0.25;phosphate buffer=0.02;(Mg)1=0.00089 _ Mg2+ (0.000891 mol/L) _ ,1.2.1.12 & 1.2.1.12 & 2.7.2.3 & 2.7.2.3, ,0.000891 Mg2+, , , 
2589,2762.0,2895.0,_-amylase,kegg:C02052 + kegg:C00001 = 2 kegg:C00208,CHB_15377 + CHB_61988 = 2 CHB_17306,maltotetraose(aq) + H2O(l) = 2 maltose(aq),Okada G.; Genghof D.S.; Hehre E.J.; Dempum Kagaku; 25 113 (1978).,78OKA/GEN_875, , ,303.15, ,335, ,paper chromatography, ,   ,3.2.1.2, , , , , 
2590,, ,"glucan 1,4-a-glucosidase", , ,maltose(aq) + H2O(l) = 2 D-glucose(aq),Okada G.; Genghof D.S.; Hehre E.J.; Dempum Kagaku; 25 113 (1978).,78OKA/GEN_893, , ,303.15, ,322, ,paper chromatography, , ,3.2.1.3, , , , , 
2591,2763.0,3566.0,adenylate kinase,2 kegg:C00008 = kegg:C00020 + kegg:C00002,2 CHB_16761 = CHB_15422 + CHB_16027,2 ADP(aq) = AMP(aq) + ATP(aq),Rao B.D.N.; Cohn M.; Noda L.; J. Biol. Chem.; 253 1149 (1978).,78RAO/COH_650,203583.0, ,277.15,7.0,2.6, ,NMR,Hepes,mol/L;(Mg)1(Cl)2=0.015;potassium HEPES=0.1  ,2.7.4.3, , , , , 
2592,2765.0, ,glutamate dehydrogenase (NAD(P)+), ,CHB_15377 + CHB_18009 + CHB_29985 = CHB_16134 + CHB_16474 + CHB_16810,L-glutamate(aq) + AP-NAD(aq) + H2O(l) = 2-oxoglutarate(aq)+ AP-NADH(aq) + ammonia(aq),Subramanian S.; Biophys. Chem.; 7 375 (1978).,78SUB_279, , ,298.15,7.6, , ,calorimetry and spectrophotometry,phosphate,mol/L;IS=0.305  ,1.4.1.3, , , , ,46
2593,2766.0, ,glutamate dehydrogenase (NAD(P)+), ,CHB_15377 + CHB_18009 + CHB_29985 = CHB_16134 + CHB_16474 + CHB_16810,L-glutamate(aq) + AP-NAD(aq) + H2O(l) = 2-oxoglutarate(aq)+ AP-NADH(aq) + ammonia(aq),Subramanian S.; Biophys. Chem.; 7 375 (1978).,78SUB_279, , ,308.15,7.6, , ,calorimetry and spectrophotometry,phosphate,mol/L;IS=0.305  ,1.4.1.3, , , , ,52.3
2594,,3030.0,glutamate dehydrogenase (NAD(P)+),kegg:C00025 + kegg:C00006 + kegg:C00001 = kegg:C00026 + kegg:C00005 + kegg:C00014, ,L-glutamate(aq) + NADP(aq) + H2O(l) = 2-oxoglutarate(aq) + NADPH(aq) + ammonia(aq),Subramanian S.; Biophys. Chem.; 7 375 (1978).,78SUB_284, , ,298.15,7.6, , ,calorimetry,phosphate, ,1.4.1.3, , , , ,64.6
2595,,3031.0,glutamate dehydrogenase (NAD(P)+),kegg:C00025 + kegg:C00006 + kegg:C00001 = kegg:C00026 + kegg:C00005 + kegg:C00014, ,L-glutamate(aq) + NADP(aq) + H2O(l) = 2-oxoglutarate(aq) + NADPH(aq) + ammonia(aq),Subramanian S.; Biophys. Chem.; 7 375 (1978).,78SUB_284, , ,308.15,7.6, , ,calorimetry,phosphate, ,1.4.1.3, , , , ,70.3
2596,,4282.0,glutamate dehydrogenase (NAD(P)+),kegg:C00025 + kegg:C00006 + kegg:C00001 = kegg:C00026 + kegg:C00005 + kegg:C00014, ,L-glutamate(aq) + NADP(aq) + H2O(l) = 2-oxoglutarate(aq) + NADPH(aq) + ammonia(aq),Subramanian S.; Biophys. Chem.; 7 375 (1978).,78SUB_285,623877.0,10.1016/0301-4622(78)85013-3,298.15,7.6,2.91E-06, ,spectrophotometry,phosphate, ,1.4.1.3, , , , , 
2597,,4283.0,glutamate dehydrogenase (NAD(P)+),kegg:C00025 + kegg:C00006 + kegg:C00001 = kegg:C00026 + kegg:C00005 + kegg:C00014, ,L-glutamate(aq) + NADP(aq) + H2O(l) = 2-oxoglutarate(aq) + NADPH(aq) + ammonia(aq),Subramanian S.; Biophys. Chem.; 7 375 (1978).,78SUB_285,623877.0,10.1016/0301-4622(78)85013-3,308.15,7.6,6.37E-06, ,spectrophotometry,phosphate, ,1.4.1.3, , , , , 
2598,2767.0, ,glyceraldehyde-3-phosphate dehydrogenase, ,CHB_15846 + CHB_29052 + CHS_10454824 = CHB_16908 + MAN_10105,D-glyceraldehyde 3-phosphate(aq) + (aminomethyl)phosphonate(aq) + NAD(aq) = (3-phospho-D-glycerol-aminomethyl)phosphonate(aq) + NADH(aq),Byers L.D.; She H.S.; Alayoff A.; Biochemistry; 18 2471 (1979).,79BYE/SHE_244, , ,298.15,8.4,0.0038, ,spectrophotometry, ,mol/L;IS=0  ,1.2.1.12, , , , , 
2599,2768.0, ,glyceraldehyde-3-phosphate dehydrogenase, ,CHB_15846 + CHB_29052 + CHS_5422719 = CHB_16908 + MAN_10107,D-glyceraldehyde 3-phosphate(aq) + (chloroethyl)phosphonate(aq) + NAD(aq) = (3-phospho-D-glycerol-chloroethyl)phosphonate(aq) + NADH(aq),Byers L.D.; She H.S.; Alayoff A.; Biochemistry; 18 2471 (1979).,79BYE/SHE_245, , ,298.15,8.4,0.093, ,spectrophotometry, ,mol/L;IS=0  ,1.2.1.12, , , , , 
2600,2769.0, ,glyceraldehyde-3-phosphate dehydrogenase, ,CHB_15846 + CHB_29052 + MAN_10112 = CHB_16908 + MAN_10104,D-glyceraldehyde 3-phosphate(aq) + (chloromethyl)phosphonate(aq) + NAD(aq) = (3-phospho-D-glycerol-chloromethyl)phosphonate(aq) + NADH(aq),Byers L.D.; She H.S.; Alayoff A.; Biochemistry; 18 2471 (1979).,79BYE/SHE_246, , ,298.15,8.4,0.024, ,spectrophotometry, ,mol/L;IS=0  ,1.2.1.12, , , , , 
2601,2770.0, ,glyceraldehyde-3-phosphate dehydrogenase, ,CHB_15846 + CHB_29052 + MAN_10170 = CHB_16908 + MAN_10108,D-glyceraldehyde 3-phosphate(aq) + (ethyl)phosphonate(aq) + NAD(aq) = (3-phospho-D-glycerol-ethyl)phosphonate(aq) + NADH(aq),Byers L.D.; She H.S.; Alayoff A.; Biochemistry; 18 2471 (1979).,79BYE/SHE_247, , ,298.15,8.4,0.6, ,spectrophotometry, ,mol/L;IS=0  ,1.2.1.12, , , , , 
2602,2771.0, ,glyceraldehyde-3-phosphate dehydrogenase, ,CHB_15846 + CHB_29052 + MAN_10007 = CHB_16908 + MAN_10109,D-glyceraldehyde 3-phosphate(aq) + (methoxy)phosphonate(aq) + NAD(aq) = (3-phospho-D-glycerol-methoxy)phosphonate(aq) + NADH(aq),Byers L.D.; She H.S.; Alayoff A.; Biochemistry; 18 2471 (1979).,79BYE/SHE_248, , ,298.15,8.4,0.01, ,spectrophotometry, ,mol/L;IS=0  ,1.2.1.12, , , , , 
2603,2772.0, ,glyceraldehyde-3-phosphate dehydrogenase, ,CHB_15846 + CHB_29052 + CHS_10449628 = CHB_16908 + MAN_10106,D-glyceraldehyde 3-phosphate(aq) + (methyl)phosphonate(aq) + NAD(aq) = (3-phospho-D-glycerol-methyl)phosphonate(aq) + NADH(aq),Byers L.D.; She H.S.; Alayoff A.; Biochemistry; 18 2471 (1979).,79BYE/SHE_249, , ,298.15,8.4,0.41, ,spectrophotometry, ,mol/L;IS=0  ,1.2.1.12, , , , , 
2604,2773.0,1579.0,glyceraldehyde-3-phosphate dehydrogenase,kegg:C00118 + kegg:C00009 + kegg:C00003 = kegg:C00236 + kegg:C00004,CHB_15846 + CHB_26078 + CHB_29052 = CHB_16001 + CHB_16908,D-glyceraldehyde 3-phosphate(aq) + orthophosphate(aq) + NAD(aq) = 3-phospho-D-glyceroyl phosphate(aq) + NADH(aq),Byers L.D.; She H.S.; Alayoff A.; Biochemistry; 18 2471 (1979).,79BYE/SHE_253, , ,298.15,8.4,0.042, ,spectrophotometry, ,mol/L;IS=0  ,1.2.1.12, , , , , 
2605,2774.0, ,glyceraldehyde-3-phosphate dehydrogenase, ,CHB_15846 + CHB_16215 + CHB_29052 = CHB_16908 + MAN_10006,D-glyceraldehyde 3-phosphate(aq) + phosphonate(aq) + NAD(aq) = (3-phospho-D-glyceroyl)phosphonate(aq) + NADH(aq),Byers L.D.; She H.S.; Alayoff A.; Biochemistry; 18 2471 (1979).,79BYE/SHE_255,375973.0,10.1021/bi00579a006,298.15,8.4,0.02, ,spectrophotometry, ,mol/L;IS=0  ,1.2.1.12, , , , , 
2606,2796.0,2314.0,glyceraldehyde-3-phosphate dehydrogenase,kegg:C00118 + kegg:C00009 + kegg:C00003 = kegg:C00236 + kegg:C00004,CHB_15846 + CHB_26078 + CHB_29052 = CHB_16001 + CHB_16908,D-glyceraldehyde 3-phosphate(aq) + orthophosphate(aq) + NAD(aq) = 3-phospho-D-glyceroyl phosphate(aq) + NADH(aq),Cornell N.W.; Leadbetter M.; Veech R.L.; J. Biol. Chem.; 254 6522 (1979).,79COR/LEA_254, , ,311.15,6.52,0.17, ,enzymatic assay and spectrophotometry,potassium phosphate,mol/L;IS=0.25;(Mg)1=0.000005 _ Mg2+ (<5E-6 mol/L) _ ,1.2.1.12, ,<5E-6 Mg2+,0.25, , 
2607,2799.0,2332.0,glyceraldehyde-3-phosphate dehydrogenase,kegg:C00118 + kegg:C00009 + kegg:C00003 = kegg:C00236 + kegg:C00004,CHB_15846 + CHB_26078 + CHB_29052 = CHB_16001 + CHB_16908,D-glyceraldehyde 3-phosphate(aq) + orthophosphate(aq) + NAD(aq) = 3-phospho-D-glyceroyl phosphate(aq) + NADH(aq),Cornell N.W.; Leadbetter M.; Veech R.L.; J. Biol. Chem.; 254 6522 (1979).,79COR/LEA_254, , ,311.15,6.87,0.41, ,enzymatic assay and spectrophotometry,potassium phosphate,mol/L;IS=0.25;(Mg)1=0.000005 _ Mg2+ (<5E-6 mol/L) _ ,1.2.1.12, ,<5E-6 Mg2+,0.25, , 
2608,2803.0,2317.0,glyceraldehyde-3-phosphate dehydrogenase,kegg:C00118 + kegg:C00009 + kegg:C00003 = kegg:C00236 + kegg:C00004,CHB_15846 + CHB_26078 + CHB_29052 = CHB_16001 + CHB_16908,D-glyceraldehyde 3-phosphate(aq) + orthophosphate(aq) + NAD(aq) = 3-phospho-D-glyceroyl phosphate(aq) + NADH(aq),Cornell N.W.; Leadbetter M.; Veech R.L.; J. Biol. Chem.; 254 6522 (1979).,79COR/LEA_254, , ,311.15,6.91,0.44, ,enzymatic assay and spectrophotometry,potassium phosphate,2.9 = -log[Mg+2] _ mol/L;IS=0.25;(Mg)1=0.000005 _ Mg2+ (<5E-6 mol/L) _ ,1.2.1.12, ,1.27E-3 Mg2+,0.25, , 
2609,2801.0,2316.0,glyceraldehyde-3-phosphate dehydrogenase,kegg:C00118 + kegg:C00009 + kegg:C00003 = kegg:C00236 + kegg:C00004,CHB_15846 + CHB_26078 + CHB_29052 = CHB_16001 + CHB_16908,D-glyceraldehyde 3-phosphate(aq) + orthophosphate(aq) + NAD(aq) = 3-phospho-D-glyceroyl phosphate(aq) + NADH(aq),Cornell N.W.; Leadbetter M.; Veech R.L.; J. Biol. Chem.; 254 6522 (1979).,79COR/LEA_254, , ,311.15,6.91,0.43, ,enzymatic assay and spectrophotometry,potassium phosphate,3.51 = -log[Mg+2] _ mol/L;IS=0.25;(Mg)1=0.000005 _ Mg2+ (<5E-6 mol/L) _ ,1.2.1.12, ,1.51E-3 Mg2+,0.25, , 
2610,2813.0,2325.0,glyceraldehyde-3-phosphate dehydrogenase,kegg:C00118 + kegg:C00009 + kegg:C00003 = kegg:C00236 + kegg:C00004,CHB_15846 + CHB_26078 + CHB_29052 = CHB_16001 + CHB_16908,D-glyceraldehyde 3-phosphate(aq) + orthophosphate(aq) + NAD(aq) = 3-phospho-D-glyceroyl phosphate(aq) + NADH(aq),Cornell N.W.; Leadbetter M.; Veech R.L.; J. Biol. Chem.; 254 6522 (1979).,79COR/LEA_254, , ,311.15,6.91,0.43, ,enzymatic assay and spectrophotometry,potassium phosphate,2.82 = -log[Mg+2] _ mol/L;IS=0.25;(Mg)1=0.00031 _ Mg2+ (0.00031 mol/L) _ ,1.2.1.12, ,3.1E-4 Mg2+,0.25, , 
2611,2800.0,2315.0,glyceraldehyde-3-phosphate dehydrogenase,kegg:C00118 + kegg:C00009 + kegg:C00003 = kegg:C00236 + kegg:C00004,CHB_15846 + CHB_26078 + CHB_29052 = CHB_16001 + CHB_16908,D-glyceraldehyde 3-phosphate(aq) + orthophosphate(aq) + NAD(aq) = 3-phospho-D-glyceroyl phosphate(aq) + NADH(aq),Cornell N.W.; Leadbetter M.; Veech R.L.; J. Biol. Chem.; 254 6522 (1979).,79COR/LEA_254, , ,311.15,6.91,0.42, ,enzymatic assay and spectrophotometry,potassium phosphate,mol/L;IS=0.25;(Mg)1=0.000005 _ Mg2+ (<5E-6 mol/L) _ ,1.2.1.12, ,<5E-6 Mg2+,0.25, , 
2612,2814.0,2330.0,glyceraldehyde-3-phosphate dehydrogenase,kegg:C00118 + kegg:C00009 + kegg:C00003 = kegg:C00236 + kegg:C00004,CHB_15846 + CHB_26078 + CHB_29052 = CHB_16001 + CHB_16908,D-glyceraldehyde 3-phosphate(aq) + orthophosphate(aq) + NAD(aq) = 3-phospho-D-glyceroyl phosphate(aq) + NADH(aq),Cornell N.W.; Leadbetter M.; Veech R.L.; J. Biol. Chem.; 254 6522 (1979).,79COR/LEA_254, , ,311.15,6.91,0.41, ,enzymatic assay and spectrophotometry,potassium phosphate,3.19 = -log[Mg+2] _ mol/L;IS=0.25;(Mg)1=0.00064 _ Mg2+ (0.00064 mol/L) _ ,1.2.1.12, ,6.4E-4 Mg2+,0.25, , 
2613,2816.0,2323.0,glyceraldehyde-3-phosphate dehydrogenase,kegg:C00118 + kegg:C00009 + kegg:C00003 = kegg:C00236 + kegg:C00004,CHB_15846 + CHB_26078 + CHB_29052 = CHB_16001 + CHB_16908,D-glyceraldehyde 3-phosphate(aq) + orthophosphate(aq) + NAD(aq) = 3-phospho-D-glyceroyl phosphate(aq) + NADH(aq),Cornell N.W.; Leadbetter M.; Veech R.L.; J. Biol. Chem.; 254 6522 (1979).,79COR/LEA_254, , ,311.15,6.91,0.42, ,enzymatic assay and spectrophotometry,potassium phosphate,3.04 = -log[Mg+2] _ mol/L;IS=0.25;(Mg)1=0.00092 _ Mg2+ (0.00092 mol/L) _ ,1.2.1.12, ,9.2E-4 Mg2+,0.25, , 
2614,2818.0,2328.0,glyceraldehyde-3-phosphate dehydrogenase,kegg:C00118 + kegg:C00009 + kegg:C00003 = kegg:C00236 + kegg:C00004,CHB_15846 + CHB_26078 + CHB_29052 = CHB_16001 + CHB_16908,D-glyceraldehyde 3-phosphate(aq) + orthophosphate(aq) + NAD(aq) = 3-phospho-D-glyceroyl phosphate(aq) + NADH(aq),Cornell N.W.; Leadbetter M.; Veech R.L.; J. Biol. Chem.; 254 6522 (1979).,79COR/LEA_254, , ,311.15,6.92,0.43, ,enzymatic assay and spectrophotometry,potassium phosphate,mol/L;IS=0.25;(Mg)1=0.00151 _ Mg2+ (0.00151 mol/L) _ ,1.2.1.12, ,<5E-6 Mg2+,0.25, , 
2615,2817.0,2313.0,glyceraldehyde-3-phosphate dehydrogenase,kegg:C00118 + kegg:C00009 + kegg:C00003 = kegg:C00236 + kegg:C00004,CHB_15846 + CHB_26078 + CHB_29052 = CHB_16001 + CHB_16908,D-glyceraldehyde 3-phosphate(aq) + orthophosphate(aq) + NAD(aq) = 3-phospho-D-glyceroyl phosphate(aq) + NADH(aq),Cornell N.W.; Leadbetter M.; Veech R.L.; J. Biol. Chem.; 254 6522 (1979).,79COR/LEA_254, , ,311.15,6.92,0.44, ,enzymatic assay and spectrophotometry,potassium phosphate,mol/L;IS=0.25;(Mg)1=0.00127 _ Mg2+ (0.00127 mol/L) _ ,1.2.1.12, ,<5E-6 Mg2+,0.25, , 
2616,2804.0,2312.0,glyceraldehyde-3-phosphate dehydrogenase,kegg:C00118 + kegg:C00009 + kegg:C00003 = kegg:C00236 + kegg:C00004,CHB_15846 + CHB_26078 + CHB_29052 = CHB_16001 + CHB_16908,D-glyceraldehyde 3-phosphate(aq) + orthophosphate(aq) + NAD(aq) = 3-phospho-D-glyceroyl phosphate(aq) + NADH(aq),Cornell N.W.; Leadbetter M.; Veech R.L.; J. Biol. Chem.; 254 6522 (1979).,79COR/LEA_254, , ,311.15,6.93,0.45, ,enzymatic assay and spectrophotometry,potassium phosphate,mol/L;IS=0.25;(Mg)1=0.000005 _ Mg2+ (<5E-6 mol/L) _ ,1.2.1.12, ,<5E-6 Mg2+,0.25, , 
2617,2806.0,2324.0,glyceraldehyde-3-phosphate dehydrogenase,kegg:C00118 + kegg:C00009 + kegg:C00003 = kegg:C00236 + kegg:C00004,CHB_15846 + CHB_26078 + CHB_29052 = CHB_16001 + CHB_16908,D-glyceraldehyde 3-phosphate(aq) + orthophosphate(aq) + NAD(aq) = 3-phospho-D-glyceroyl phosphate(aq) + NADH(aq),Cornell N.W.; Leadbetter M.; Veech R.L.; J. Biol. Chem.; 254 6522 (1979).,79COR/LEA_254, , ,311.15,7.05,0.58, ,enzymatic assay and spectrophotometry,potassium phosphate,mol/L;IS=0.25;(Mg)1=0.000005 _ Mg2+ (<5E-6 mol/L) _ ,1.2.1.12, ,<5E-6 Mg2+,0.25, , 
2618,2807.0,2311.0,glyceraldehyde-3-phosphate dehydrogenase,kegg:C00118 + kegg:C00009 + kegg:C00003 = kegg:C00236 + kegg:C00004,CHB_15846 + CHB_26078 + CHB_29052 = CHB_16001 + CHB_16908,D-glyceraldehyde 3-phosphate(aq) + orthophosphate(aq) + NAD(aq) = 3-phospho-D-glyceroyl phosphate(aq) + NADH(aq),Cornell N.W.; Leadbetter M.; Veech R.L.; J. Biol. Chem.; 254 6522 (1979).,79COR/LEA_254, , ,311.15,7.09,0.62, ,enzymatic assay and spectrophotometry,potassium phosphate,mol/L;IS=0.25;(Mg)1=0.000005 _ Mg2+ (<5E-6 mol/L) _ ,1.2.1.12, ,<5E-6 Mg2+,0.25, , 
2619,2797.0,2318.0,glyceraldehyde-3-phosphate dehydrogenase,kegg:C00118 + kegg:C00009 + kegg:C00003 = kegg:C00236 + kegg:C00004,CHB_15846 + CHB_26078 + CHB_29052 = CHB_16001 + CHB_16908,D-glyceraldehyde 3-phosphate(aq) + orthophosphate(aq) + NAD(aq) = 3-phospho-D-glyceroyl phosphate(aq) + NADH(aq),Cornell N.W.; Leadbetter M.; Veech R.L.; J. Biol. Chem.; 254 6522 (1979).,79COR/LEA_254, , ,311.15,7.1,0.205, ,enzymatic assay and spectrophotometry,potassium phosphate,mol/L;IS=0.04;(Mg)1=0.000005 _ Mg2+ (<5E-6 mol/L) _ ,1.2.1.12, ,<5E-6 Mg2+,0.04, , 
2620,2798.0,2326.0,glyceraldehyde-3-phosphate dehydrogenase,kegg:C00118 + kegg:C00009 + kegg:C00003 = kegg:C00236 + kegg:C00004,CHB_15846 + CHB_26078 + CHB_29052 = CHB_16001 + CHB_16908,D-glyceraldehyde 3-phosphate(aq) + orthophosphate(aq) + NAD(aq) = 3-phospho-D-glyceroyl phosphate(aq) + NADH(aq),Cornell N.W.; Leadbetter M.; Veech R.L.; J. Biol. Chem.; 254 6522 (1979).,79COR/LEA_254, , ,311.15,7.1,0.337, ,enzymatic assay and spectrophotometry,potassium phosphate,mol/L;IS=0.1;(Mg)1=0.000005 _ Mg2+ (<5E-6 mol/L) _ ,1.2.1.12, ,<5E-6 Mg2+,0.1, , 
2621,2802.0,2319.0,glyceraldehyde-3-phosphate dehydrogenase,kegg:C00118 + kegg:C00009 + kegg:C00003 = kegg:C00236 + kegg:C00004,CHB_15846 + CHB_26078 + CHB_29052 = CHB_16001 + CHB_16908,D-glyceraldehyde 3-phosphate(aq) + orthophosphate(aq) + NAD(aq) = 3-phospho-D-glyceroyl phosphate(aq) + NADH(aq),Cornell N.W.; Leadbetter M.; Veech R.L.; J. Biol. Chem.; 254 6522 (1979).,79COR/LEA_254, , ,311.15,7.1,0.433, ,enzymatic assay and spectrophotometry,potassium phosphate,mol/L;IS=0.18;(Mg)1=0.000005 _ Mg2+ (<5E-6 mol/L) _ ,1.2.1.12, ,<5E-6 Mg2+,0.18, , 
2622,2805.0,2320.0,glyceraldehyde-3-phosphate dehydrogenase,kegg:C00118 + kegg:C00009 + kegg:C00003 = kegg:C00236 + kegg:C00004,CHB_15846 + CHB_26078 + CHB_29052 = CHB_16001 + CHB_16908,D-glyceraldehyde 3-phosphate(aq) + orthophosphate(aq) + NAD(aq) = 3-phospho-D-glyceroyl phosphate(aq) + NADH(aq),Cornell N.W.; Leadbetter M.; Veech R.L.; J. Biol. Chem.; 254 6522 (1979).,79COR/LEA_254, , ,311.15,7.1,0.487, ,enzymatic assay and spectrophotometry,potassium phosphate,mol/L;IS=0.21;(Mg)1=0.000005 _ Mg2+ (<5E-6 mol/L) _ ,1.2.1.12, ,<5E-6 Mg2+,0.21, , 
2623,2808.0,2321.0,glyceraldehyde-3-phosphate dehydrogenase,kegg:C00118 + kegg:C00009 + kegg:C00003 = kegg:C00236 + kegg:C00004,CHB_15846 + CHB_26078 + CHB_29052 = CHB_16001 + CHB_16908,D-glyceraldehyde 3-phosphate(aq) + orthophosphate(aq) + NAD(aq) = 3-phospho-D-glyceroyl phosphate(aq) + NADH(aq),Cornell N.W.; Leadbetter M.; Veech R.L.; J. Biol. Chem.; 254 6522 (1979).,79COR/LEA_254, , ,311.15,7.1,0.616, ,enzymatic assay and spectrophotometry,potassium phosphate,mol/L;IS=0.25;(Mg)1=0.000005 _ Mg2+ (<5E-6 mol/L) _ ,1.2.1.12, ,<5E-6 Mg2+,0.25, , 
2624,2811.0,2327.0,glyceraldehyde-3-phosphate dehydrogenase,kegg:C00118 + kegg:C00009 + kegg:C00003 = kegg:C00236 + kegg:C00004,CHB_15846 + CHB_26078 + CHB_29052 = CHB_16001 + CHB_16908,D-glyceraldehyde 3-phosphate(aq) + orthophosphate(aq) + NAD(aq) = 3-phospho-D-glyceroyl phosphate(aq) + NADH(aq),Cornell N.W.; Leadbetter M.; Veech R.L.; J. Biol. Chem.; 254 6522 (1979).,79COR/LEA_254, , ,311.15,7.1,0.789, ,enzymatic assay and spectrophotometry,potassium phosphate,mol/L;IS=0.4;(Mg)1=0.000005 _ Mg2+ (<5E-6 mol/L) _ ,1.2.1.12, ,<5E-6 Mg2+,0.4, , 
2625,2812.0,2322.0,glyceraldehyde-3-phosphate dehydrogenase,kegg:C00118 + kegg:C00009 + kegg:C00003 = kegg:C00236 + kegg:C00004,CHB_15846 + CHB_26078 + CHB_29052 = CHB_16001 + CHB_16908,D-glyceraldehyde 3-phosphate(aq) + orthophosphate(aq) + NAD(aq) = 3-phospho-D-glyceroyl phosphate(aq) + NADH(aq),Cornell N.W.; Leadbetter M.; Veech R.L.; J. Biol. Chem.; 254 6522 (1979).,79COR/LEA_254, , ,311.15,7.1,1.015, ,enzymatic assay and spectrophotometry,potassium phosphate,mol/L;IS=0.6;(Mg)1=0.000005 _ Mg2+ (<5E-6 mol/L) _ ,1.2.1.12, ,<5E-6 Mg2+,0.6, , 
2626,2809.0,2329.0,glyceraldehyde-3-phosphate dehydrogenase,kegg:C00118 + kegg:C00009 + kegg:C00003 = kegg:C00236 + kegg:C00004,CHB_15846 + CHB_26078 + CHB_29052 = CHB_16001 + CHB_16908,D-glyceraldehyde 3-phosphate(aq) + orthophosphate(aq) + NAD(aq) = 3-phospho-D-glyceroyl phosphate(aq) + NADH(aq),Cornell N.W.; Leadbetter M.; Veech R.L.; J. Biol. Chem.; 254 6522 (1979).,79COR/LEA_254, , ,311.15,7.11,0.62, ,enzymatic assay and spectrophotometry,potassium phosphate,mol/L;IS=0.25;(Mg)1=0.000005 _ Mg2+ (<5E-6 mol/L) _ ,1.2.1.12, ,<5E-6 Mg2+,0.25, , 
2627,2810.0,2310.0,glyceraldehyde-3-phosphate dehydrogenase,kegg:C00118 + kegg:C00009 + kegg:C00003 = kegg:C00236 + kegg:C00004,CHB_15846 + CHB_26078 + CHB_29052 = CHB_16001 + CHB_16908,D-glyceraldehyde 3-phosphate(aq) + orthophosphate(aq) + NAD(aq) = 3-phospho-D-glyceroyl phosphate(aq) + NADH(aq),Cornell N.W.; Leadbetter M.; Veech R.L.; J. Biol. Chem.; 254 6522 (1979).,79COR/LEA_254, , ,311.15,7.15,0.64, ,enzymatic assay and spectrophotometry,potassium phosphate,mol/L;IS=0.25;(Mg)1=0.000005 _ Mg2+ (<5E-6 mol/L) _ ,1.2.1.12, ,<5E-6 Mg2+,0.25, , 
2628,2794.0,2334.0,glyceraldehyde-3-phosphate dehydrogenase and phosphoglycerate kinase,kegg:C00118 + kegg:C00008 + kegg:C00003 + kegg:C00009 = kegg:C00197 + kegg:C00002 + kegg:C00004,CHB_15846 + CHB_16761 + CHB_26078 + CHB_29052 = CHB_15422 + CHB_16908 + CHB_17794,D-glyceraldehyde 3-phosphate(aq) + ADP(aq) + NAD(aq) + orthophosphate(aq) = 3-phospho-D-glycerate(aq) + ATP(aq) + NADH(aq),Cornell N.W.; Leadbetter M.; Veech R.L.; J. Biol. Chem.; 254 6522 (1979).,79COR/LEA_259, , ,311.15,7.0,2170, ,enzymatic assay and spectrophotometry,potassium phosphate,2.92 = -log[Mg+2] _ mol/L;IS=0.25;(Mg)1=0.0012 _ Mg2+ (0.0012 mol/L) _ ,1.2.1.12 & 1.2.1.12 & 2.7.2.3 & 2.7.2.3, ,0.0012 Mg2+, , , 
2629,2776.0,2829.0,phosphoglycerate kinase,kegg:C00002 + kegg:C00197 = kegg:C00008 + kegg:C00236,CHB_15422 + CHB_17794 = CHB_16001 + CHB_16761,ATP(aq) + 3-phospho-D-glycerate(aq) = ADP(aq) + 3-phospho-D-glyceroyl phosphate(aq),Cornell N.W.; Leadbetter M.; Veech R.L.; J. Biol. Chem.; 254 6522 (1979).,79COR/LEA_580, , ,311.15,7.0,0.00143, ,enzymatic assay and spectrophotometry,potassium phosphate and triethanolamine,2.0 = -log[Mg+2] _ mol/L;IS=0.25;(Mg)1=0.01 _ Mg2+ (0.01 mol/L) _ ,2.7.2.3, ,0.01 Mg2+,0.25, , 
2630,2777.0,2823.0,phosphoglycerate kinase,kegg:C00002 + kegg:C00197 = kegg:C00008 + kegg:C00236,CHB_15422 + CHB_17794 = CHB_16001 + CHB_16761,ATP(aq) + 3-phospho-D-glycerate(aq) = ADP(aq) + 3-phospho-D-glyceroyl phosphate(aq),Cornell N.W.; Leadbetter M.; Veech R.L.; J. Biol. Chem.; 254 6522 (1979).,79COR/LEA_580, , ,311.15,7.0,0.00102, ,enzymatic assay and spectrophotometry,potassium phosphate and triethanolamine,1.23 = -log[Mg+2] _ mol/L;IS=0.25;(Mg)1=0.059 _ Mg2+ (0.059 mol/L) _ ,2.7.2.3, ,0.059 Mg2+,0.25, , 
2631,2778.0,2812.0,phosphoglycerate kinase,kegg:C00002 + kegg:C00197 = kegg:C00008 + kegg:C00236,CHB_15422 + CHB_17794 = CHB_16001 + CHB_16761,ATP(aq) + 3-phospho-D-glycerate(aq) = ADP(aq) + 3-phospho-D-glyceroyl phosphate(aq),Cornell N.W.; Leadbetter M.; Veech R.L.; J. Biol. Chem.; 254 6522 (1979).,79COR/LEA_580, , ,311.15,7.0,0.000529, ,enzymatic assay and spectrophotometry,potassium phosphate and triethanolamine,0.66 = -log[Mg+2] _ mol/L;IS=0.25;(Mg)1=0.22 _ Mg2+ (0.22 mol/L) _ ,2.7.2.3, ,0.22 Mg2+,0.25, , 
2632,2779.0,2827.0,phosphoglycerate kinase,kegg:C00002 + kegg:C00197 = kegg:C00008 + kegg:C00236,CHB_15422 + CHB_17794 = CHB_16001 + CHB_16761,ATP(aq) + 3-phospho-D-glycerate(aq) = ADP(aq) + 3-phospho-D-glyceroyl phosphate(aq),Cornell N.W.; Leadbetter M.; Veech R.L.; J. Biol. Chem.; 254 6522 (1979).,79COR/LEA_580, , ,311.15,7.0,0.000549, ,enzymatic assay and spectrophotometry,potassium phosphate and triethanolamine,0.62 = -log[Mg+2] _ mol/L;IS=0.25;(Mg)1=0.24 _ Mg2+ (0.24 mol/L) _ ,2.7.2.3, ,0.24 Mg2+,0.25, , 
2633,2780.0,2813.0,phosphoglycerate kinase,kegg:C00002 + kegg:C00197 = kegg:C00008 + kegg:C00236,CHB_15422 + CHB_17794 = CHB_16001 + CHB_16761,ATP(aq) + 3-phospho-D-glycerate(aq) = ADP(aq) + 3-phospho-D-glyceroyl phosphate(aq),Cornell N.W.; Leadbetter M.; Veech R.L.; J. Biol. Chem.; 254 6522 (1979).,79COR/LEA_580, , ,311.15,7.0,0.000548, ,enzymatic assay and spectrophotometry,potassium phosphate and triethanolamine,0.52 = -log[Mg+2] _ mol/L;IS=0.25;(Mg)1=0.3 _ Mg2+ (0.3 mol/L) _ ,2.7.2.3, ,0.3 Mg2+,0.25, , 
2634,2781.0,2820.0,phosphoglycerate kinase,kegg:C00002 + kegg:C00197 = kegg:C00008 + kegg:C00236,CHB_15422 + CHB_17794 = CHB_16001 + CHB_16761,ATP(aq) + 3-phospho-D-glycerate(aq) = ADP(aq) + 3-phospho-D-glyceroyl phosphate(aq),Cornell N.W.; Leadbetter M.; Veech R.L.; J. Biol. Chem.; 254 6522 (1979).,79COR/LEA_580, , ,311.15,7.0,0.0004, ,enzymatic assay and spectrophotometry,potassium phosphate and triethanolamine,0.38 = -log[Mg+2] _ mol/L;IS=0.25;(Mg)1=0.42 _ Mg2+ (0.42 mol/L) _ ,2.7.2.3, ,0.42 Mg2+,0.25, , 
2635,2782.0,2814.0,phosphoglycerate kinase,kegg:C00002 + kegg:C00197 = kegg:C00008 + kegg:C00236,CHB_15422 + CHB_17794 = CHB_16001 + CHB_16761,ATP(aq) + 3-phospho-D-glycerate(aq) = ADP(aq) + 3-phospho-D-glyceroyl phosphate(aq),Cornell N.W.; Leadbetter M.; Veech R.L.; J. Biol. Chem.; 254 6522 (1979).,79COR/LEA_580, , ,311.15,7.0,0.000392, ,enzymatic assay and spectrophotometry,potassium phosphate and triethanolamine,0.36 = -log[Mg+2] _ mol/L;IS=0.25;(Mg)1=0.42 _ Mg2+ (0.44 mol/L) _ ,2.7.2.3, ,0.44 Mg2+,0.25, , 
2636,2783.0,2815.0,phosphoglycerate kinase,kegg:C00002 + kegg:C00197 = kegg:C00008 + kegg:C00236,CHB_15422 + CHB_17794 = CHB_16001 + CHB_16761,ATP(aq) + 3-phospho-D-glycerate(aq) = ADP(aq) + 3-phospho-D-glyceroyl phosphate(aq),Cornell N.W.; Leadbetter M.; Veech R.L.; J. Biol. Chem.; 254 6522 (1979).,79COR/LEA_580, , ,311.15,7.0,0.000349, ,enzymatic assay and spectrophotometry,potassium phosphate and triethanolamine,0.34 = -log[Mg+2] _ mol/L;IS=0.25;(Mg)1=0.46 _ Mg2+ (0.46 mol/L) _ ,2.7.2.3, ,0.46 Mg2+,0.25, , 
2637,2784.0,2816.0,phosphoglycerate kinase,kegg:C00002 + kegg:C00197 = kegg:C00008 + kegg:C00236,CHB_15422 + CHB_17794 = CHB_16001 + CHB_16761,ATP(aq) + 3-phospho-D-glycerate(aq) = ADP(aq) + 3-phospho-D-glyceroyl phosphate(aq),Cornell N.W.; Leadbetter M.; Veech R.L.; J. Biol. Chem.; 254 6522 (1979).,79COR/LEA_580, , ,311.15,7.0,0.000318, ,enzymatic assay and spectrophotometry,potassium phosphate and triethanolamine,0.1 = -log[Mg+2] _ mol/L;IS=0.25;(Mg)1=0.79 _ Mg2+ (0.79 mol/L) _ ,2.7.2.3, ,0.79 Mg2+,0.25, , 
2638,2785.0,2821.0,phosphoglycerate kinase,kegg:C00002 + kegg:C00197 = kegg:C00008 + kegg:C00236,CHB_15422 + CHB_17794 = CHB_16001 + CHB_16761,ATP(aq) + 3-phospho-D-glycerate(aq) = ADP(aq) + 3-phospho-D-glyceroyl phosphate(aq),Cornell N.W.; Leadbetter M.; Veech R.L.; J. Biol. Chem.; 254 6522 (1979).,79COR/LEA_580, , ,311.15,7.0,0.000272, ,enzymatic assay and spectrophotometry,potassium phosphate and triethanolamine,-0.01 = -log[Mg+2] _ mol/L;IS=0.25;(Mg)1=1.03 _ Mg2+ (1.03 mol/L) _ ,2.7.2.3, ,1.03 Mg2+,0.25, , 
2639,2786.0,2819.0,phosphoglycerate kinase,kegg:C00002 + kegg:C00197 = kegg:C00008 + kegg:C00236,CHB_15422 + CHB_17794 = CHB_16001 + CHB_16761,ATP(aq) + 3-phospho-D-glycerate(aq) = ADP(aq) + 3-phospho-D-glyceroyl phosphate(aq),Cornell N.W.; Leadbetter M.; Veech R.L.; J. Biol. Chem.; 254 6522 (1979).,79COR/LEA_580, , ,311.15,7.0,0.000278, ,enzymatic assay and spectrophotometry,potassium phosphate and triethanolamine,-0.09 = -log[Mg+2] _ mol/L;IS=0.25;(Mg)1=1.04 _ Mg2+ (1.04 mol/L) _ ,2.7.2.3, ,1.04 Mg2+,0.25, , 
2640,2787.0,2817.0,phosphoglycerate kinase,kegg:C00002 + kegg:C00197 = kegg:C00008 + kegg:C00236,CHB_15422 + CHB_17794 = CHB_16001 + CHB_16761,ATP(aq) + 3-phospho-D-glycerate(aq) = ADP(aq) + 3-phospho-D-glyceroyl phosphate(aq),Cornell N.W.; Leadbetter M.; Veech R.L.; J. Biol. Chem.; 254 6522 (1979).,79COR/LEA_580, , ,311.15,7.0,0.000318, ,enzymatic assay and spectrophotometry,potassium phosphate and triethanolamine,-0.04 = -log[Mg+2] _ mol/L;IS=0.25;(Mg)1=1.09 _ Mg2+ (1.09 mol/L) _ ,2.7.2.3, ,1.09 Mg2+,0.25, , 
2641,2788.0,2826.0,phosphoglycerate kinase,kegg:C00002 + kegg:C00197 = kegg:C00008 + kegg:C00236,CHB_15422 + CHB_17794 = CHB_16001 + CHB_16761,ATP(aq) + 3-phospho-D-glycerate(aq) = ADP(aq) + 3-phospho-D-glyceroyl phosphate(aq),Cornell N.W.; Leadbetter M.; Veech R.L.; J. Biol. Chem.; 254 6522 (1979).,79COR/LEA_580, , ,311.15,7.0,0.000278, ,enzymatic assay and spectrophotometry,potassium phosphate and triethanolamine,-0.02 = -log[Mg+2] _ mol/L;IS=0.25;(Mg)1=1.23 _ Mg2+ (1.23 mol/L) _ ,2.7.2.3, ,1.23 Mg2+,0.25, , 
2642,2789.0,2818.0,phosphoglycerate kinase,kegg:C00002 + kegg:C00197 = kegg:C00008 + kegg:C00236,CHB_15422 + CHB_17794 = CHB_16001 + CHB_16761,ATP(aq) + 3-phospho-D-glycerate(aq) = ADP(aq) + 3-phospho-D-glyceroyl phosphate(aq),Cornell N.W.; Leadbetter M.; Veech R.L.; J. Biol. Chem.; 254 6522 (1979).,79COR/LEA_580, , ,311.15,7.0,0.000242, ,enzymatic assay and spectrophotometry,potassium phosphate and triethanolamine,-0.11 = -log[Mg+2] _ mol/L;IS=0.25;(Mg)1=1.28 _ Mg2+ (1.28 mol/L) _ ,2.7.2.3, ,1.28 Mg2+,0.25, , 
2643,2790.0,2824.0,phosphoglycerate kinase,kegg:C00002 + kegg:C00197 = kegg:C00008 + kegg:C00236,CHB_15422 + CHB_17794 = CHB_16001 + CHB_16761,ATP(aq) + 3-phospho-D-glycerate(aq) = ADP(aq) + 3-phospho-D-glyceroyl phosphate(aq),Cornell N.W.; Leadbetter M.; Veech R.L.; J. Biol. Chem.; 254 6522 (1979).,79COR/LEA_580, , ,311.15,7.0,0.000274, ,enzymatic assay and spectrophotometry,potassium phosphate and triethanolamine,-0.13 = -log[Mg+2] _ mol/L;IS=0.25;(Mg)1=1.34 _ Mg2+ (1.34 mol/L) _ ,2.7.2.3, ,1.34 Mg2+,0.25, , 
2644,2791.0,2828.0,phosphoglycerate kinase,kegg:C00002 + kegg:C00197 = kegg:C00008 + kegg:C00236,CHB_15422 + CHB_17794 = CHB_16001 + CHB_16761,ATP(aq) + 3-phospho-D-glycerate(aq) = ADP(aq) + 3-phospho-D-glyceroyl phosphate(aq),Cornell N.W.; Leadbetter M.; Veech R.L.; J. Biol. Chem.; 254 6522 (1979).,79COR/LEA_580, , ,311.15,7.0,0.000225, ,enzymatic assay and spectrophotometry,potassium phosphate and triethanolamine,-0.14 = -log[Mg+2] _ mol/L;IS=0.25;(Mg)1=1.39 _ Mg2+ (1.39 mol/L) _ ,2.7.2.3, ,1.39 Mg2+,0.25, , 
2645,2792.0,2822.0,phosphoglycerate kinase,kegg:C00002 + kegg:C00197 = kegg:C00008 + kegg:C00236,CHB_15422 + CHB_17794 = CHB_16001 + CHB_16761,ATP(aq) + 3-phospho-D-glycerate(aq) = ADP(aq) + 3-phospho-D-glyceroyl phosphate(aq),Cornell N.W.; Leadbetter M.; Veech R.L.; J. Biol. Chem.; 254 6522 (1979).,79COR/LEA_580, , ,311.15,7.0,0.000241, ,enzymatic assay and spectrophotometry,potassium phosphate and triethanolamine,-0.15 = -log[Mg+2] _ mol/L;IS=0.25;(Mg)1=1.41 _ Mg2+ (1.41 mol/L) _ ,2.7.2.3, ,1.41 Mg2+,0.25, , 
2646,2793.0,2825.0,phosphoglycerate kinase,kegg:C00002 + kegg:C00197 = kegg:C00008 + kegg:C00236,CHB_15422 + CHB_17794 = CHB_16001 + CHB_16761,ATP(aq) + 3-phospho-D-glycerate(aq) = ADP(aq) + 3-phospho-D-glyceroyl phosphate(aq),Cornell N.W.; Leadbetter M.; Veech R.L.; J. Biol. Chem.; 254 6522 (1979).,79COR/LEA_580, , ,311.15,7.0,0.000251, ,enzymatic assay and spectrophotometry,potassium phosphate and triethanolamine,-0.16 = -log[Mg+2] _ mol/L;IS=0.25;(Mg)1=1.46 _ Mg2+ (1.46 mol/L) _ ,2.7.2.3, ,1.46 Mg2+,0.25, , 
2647,2795.0,2811.0,glyceraldehyde-3-phosphate dehydrogenase and phosphoglycerate kinase,kegg:C00118 + kegg:C00008 + kegg:C00003 + kegg:C00009 = kegg:C00197 + kegg:C00002 + kegg:C00004,CHB_15846 + CHB_16761 + CHB_26078 + CHB_29052 = CHB_15422 + CHB_16908 + CHB_17794,D-glyceraldehyde 3-phosphate(aq) + ADP(aq) + NAD(aq) + orthophosphate(aq) = 3-phospho-D-glycerate(aq) + ATP(aq) + NADH(aq),Cornell N.W.; Leadbetter M.; Veech R.L.; J. Biol. Chem.; 254 6522 (1979).,79COR/LEA_586,447732.0, ,311.15,7.0,2170, ,enzymatic assay and spectrophotometry,potassium phosphate,2.92 = -log[Mg+2] _ mol/L;IS=0.25(Mg)1=0.0012 _ Mg2+ (0.0012 mol/L) _ ,1.2.1.12 & 1.2.1.12 & 2.7.2.3 & 2.7.2.3, ,0.0012 Mg2+, , , 
2648,2821.0, ,thermolysin, ,CHB_15377 + MAN_10001 = CHB_16532 + CHB_21371,benzyloxycarbonylglycyl-L-phenylalaninamide(aq) + H2O(l) = benzyloxycarbonylglycine(aq) + L-phenylalaninamide(aq),Flegmann A.W.; Tattersall R.; J. Mol. Evol.; 12 349 (1979).,79FLE/TAT_984, , ,298.15,7.2,1.81, ,radioactivity,Tris (0.02 mol dm-3) + HCl,mol/L;Tris-HCl=0.01;(Ca)1(Cl)2=0.01  ,3.4.24.27, , , , , 
2649,2820.0, ,thermolysin, ,CHB_15377 + MAN_10001 = CHB_16532 + CHB_21371,benzyloxycarbonylglycyl-L-phenylalaninamide(aq) + H2O(l) = benzyloxycarbonylglycine(aq) + L-phenylalaninamide(aq),Flegmann A.W.; Tattersall R.; J. Mol. Evol.; 12 349 (1979).,79FLE/TAT_984, , ,311.15,7.1,1.39, ,radioactivity,Tris (0.02 mol dm-3) + HCl,mol/L;Tris-HCl=0.01;(Ca)1(Cl)2=0.01  ,3.4.24.27, , , , , 
2650,2819.0, ,thermolysin, ,CHB_15377 + MAN_10001 = CHB_16532 + CHB_21371,benzyloxycarbonylglycyl-L-phenylalaninamide(aq) + H2O(l) = benzyloxycarbonylglycine(aq) + L-phenylalaninamide(aq),Flegmann A.W.; Tattersall R.; J. Mol. Evol.; 12 349 (1979).,79FLE/TAT_984, , ,333.15,7.0,1.03, ,radioactivity,Tris (0.02 mol dm-3) + HCl,mol/L;Tris-HCl=0.01;(Ca)1(Cl)2=0.01  ,3.4.24.27, , , , , 
2651,, ,_-lactamase, , ,ampicillin(aq) + H2O(l) = ampicillinoic acid(aq),Grime J.K.; Tan B.; Anal. Chim. Acta; 107 319 (1979).,79GRI/TAN_1040, , ,298.15,7.5, , ,calorimetry,Tris + HCl, ,3.5.2.6, , , , ,-125.8
2652,,4085.0,_-lactamase,kegg:C05551 + kegg:C00001 = kegg:C06567, ,penicillin G(aq) + H2O(l) = penicillinoic acid(aq),Grime J.K.; Tan B.; Anal. Chim. Acta; 107 319 (1979).,79GRI/TAN_1043, , ,298.15,7.5, , ,calorimetry,Tris + HCl, ,3.5.2.6, , , , ,-114.7
2653,, ,_-lactamase, , ,phenoxymethylpenicillin(aq) + H2O(l) = phenoxymethylpenicillinoic acid(aq),Grime J.K.; Tan B.; Anal. Chim. Acta; 107 319 (1979).,79GRI/TAN_1046, , ,298.15,7.5, , ,calorimetry,Tris + HCl, ,3.5.2.6, , , , ,-120.5
2654,2822.0,1288.0,malate dehydrogenase,kegg:C00552 + kegg:C00003 = kegg:C03459 + kegg:C00004,CHB_15673 + CHB_15846 = CHB_16908 + CHS_13906764,meso-tartrate(aq) + NAD(aq) = 2-oxo-3-hydroxysuccinate(aq) + NADH(aq),Kimball D.F.; Peterson L.; McLoughlin D.J.; Wolfe R.G.; Arch. Biochem. Biophys.; 195 66 (1979).,79KIM/PET_143,475389.0,10.1016/0003-9861(79)90327-8,298.15,8.0,1.25E-06, ,spectrophotometry,Tris + acetate (0.05 mol dm-3),mol/L;Tris-acetate=0.05  ,1.1.1.37, , , , , 
2655,, ,alkaline phosphatase, , ,4-nitrophenyl phenylphosphonate(aq) + H2O(l) = 4-nitrophenol(aq) + phenylphosphonate(aq),Labadie M.; Debord J.; Breton J.-C.; Biochimie; 61 1091 (1979).,79LAB/DEB_795,231463.0,10.1016/S0300-9084(80)80264-1,303.15,8.0, , ,calorimetry,Tris + HCl, ,3.1.3.1, , , , ,-72.2
2656,2840.0,2483.0,creatine kinase,kegg:C00002 + kegg:C00300 = kegg:C00008 + kegg:C02305,CHB_15422 + CHB_16919 = CHB_16761 + CHB_17287,ATP(aq) + creatine(aq) = ADP(aq) + phosphocreatine(aq),Lawson J.W.R.; Veech R.L.; J. Biol. Chem.; 254 6528 (1979).,79LAW/VEE_598, , ,310.15,6.99,0.0297, ,enzymatic assay; spectrophotometry,phosphate and Tris,5.74 = -log[Mg+2] _ mol/L;Mg2+_tot=0.0000026;ATP=0.000192;creatine=0.0102;ADP=0.000223;phosphocreatine=0.000268;Mg2+_free=0.00000089;IS=0.25;K+_tot=0.2337422  ,2.7.3.2, ,1.8e-06 Mg2+, , , 
2657,2841.0,2459.0,creatine kinase,kegg:C00002 + kegg:C00300 = kegg:C00008 + kegg:C02305,CHB_15422 + CHB_16919 = CHB_16761 + CHB_17287,ATP(aq) + creatine(aq) = ADP(aq) + phosphocreatine(aq),Lawson J.W.R.; Veech R.L.; J. Biol. Chem.; 254 6528 (1979).,79LAW/VEE_598, , ,310.15,6.99,0.0322, ,enzymatic assay; spectrophotometry,phosphate and Tris,5.72 = -log[Mg+2] _ mol/L;Mg2+_tot=0.0000026;ATP=0.000174;creatine=0.0103;ADP=0.000287;phosphocreatine=0.000201;Mg2+_free=0.00000051;IS=0.25;K+_tot=0.2337422  ,2.7.3.2, ,1.9e-06 Mg2+, , , 
2658,2852.0,2486.0,creatine kinase,kegg:C00002 + kegg:C00300 = kegg:C00008 + kegg:C02305,CHB_15422 + CHB_16919 = CHB_16761 + CHB_17287,ATP(aq) + creatine(aq) = ADP(aq) + phosphocreatine(aq),Lawson J.W.R.; Veech R.L.; J. Biol. Chem.; 254 6528 (1979).,79LAW/VEE_598, , ,310.15,7.0,0.0254, ,enzymatic assay; spectrophotometry,phosphate and Tris,5.26 = -log[Mg+2] _ mol/L;Mg2+_tot=0.0001;ATP=0.00236;creatine=0.00635;ADP=0.000728;phosphocreatine=0.000522;Mg2+_free=0.0000055;IS=0.25;K+_tot=0.2432  ,2.7.3.2, ,5.5e-06 Mg2+, , , 
2659,2850.0,2490.0,creatine kinase,kegg:C00002 + kegg:C00300 = kegg:C00008 + kegg:C02305,CHB_15422 + CHB_16919 = CHB_16761 + CHB_17287,ATP(aq) + creatine(aq) = ADP(aq) + phosphocreatine(aq),Lawson J.W.R.; Veech R.L.; J. Biol. Chem.; 254 6528 (1979).,79LAW/VEE_598, , ,310.15,7.0,0.026, ,enzymatic assay; spectrophotometry,phosphate and Tris,5.25 = -log[Mg+2] _ mol/L;Mg2+_tot=0.0001;ATP=0.00234;creatine=0.00649;ADP=0.000708;phosphocreatine=0.000557;Mg2+_free=0.0000056;IS=0.25;K+_tot=0.2432  ,2.7.3.2, ,5.6e-06 Mg2+, , , 
2660,2857.0,2470.0,creatine kinase,kegg:C00002 + kegg:C00300 = kegg:C00008 + kegg:C02305,CHB_15422 + CHB_16919 = CHB_16761 + CHB_17287,ATP(aq) + creatine(aq) = ADP(aq) + phosphocreatine(aq),Lawson J.W.R.; Veech R.L.; J. Biol. Chem.; 254 6528 (1979).,79LAW/VEE_598, , ,310.15,7.0,0.0182, ,enzymatic assay; spectrophotometry,phosphate and Tris,4.14 = -log[Mg+2] _ mol/L;Mg2+_tot=0.001;ATP=0.0025;creatine=0.00648;ADP=0.000598;phosphocreatine=0.000486;Mg2+_free=0.000071;IS=0.25;K+_tot=0.2405  ,2.7.3.2, ,7.2e-05 Mg2+, , , 
2661,2844.0,2460.0,creatine kinase,kegg:C00002 + kegg:C00300 = kegg:C00008 + kegg:C02305,CHB_15422 + CHB_16919 = CHB_16761 + CHB_17287,ATP(aq) + creatine(aq) = ADP(aq) + phosphocreatine(aq),Lawson J.W.R.; Veech R.L.; J. Biol. Chem.; 254 6528 (1979).,79LAW/VEE_598, , ,310.15,7.01,0.0305, ,enzymatic assay; spectrophotometry,phosphate and Tris,5.82 = -log[Mg+2] _ mol/L;Mg2+_tot=0.0000057;ATP=0.0000893;creatine=0.0104;ADP=0.000106;phosphocreatine=0.00026;Mg2+_free=0.0000018;IS=0.25;K+_tot=0.2337329  ,2.7.3.2, ,1.5e-06 Mg2+, , , 
2662,2851.0,2496.0,creatine kinase,kegg:C00002 + kegg:C00300 = kegg:C00008 + kegg:C02305,CHB_15422 + CHB_16919 = CHB_16761 + CHB_17287,ATP(aq) + creatine(aq) = ADP(aq) + phosphocreatine(aq),Lawson J.W.R.; Veech R.L.; J. Biol. Chem.; 254 6528 (1979).,79LAW/VEE_598, , ,310.15,7.01,0.0217, ,enzymatic assay; spectrophotometry,phosphate and Tris,5.27 = -log[Mg+2] _ mol/L;Mg2+_tot=0.0001;ATP=0.00247;creatine=0.00656;ADP=0.000685;phosphocreatine=0.000513;Mg2+_free=0.0000054;IS=0.25;K+_tot=0.2432  ,2.7.3.2, ,5.4e-06 Mg2+, , , 
2663,2842.0,2458.0,creatine kinase,kegg:C00002 + kegg:C00300 = kegg:C00008 + kegg:C02305,CHB_15422 + CHB_16919 = CHB_16761 + CHB_17287,ATP(aq) + creatine(aq) = ADP(aq) + phosphocreatine(aq),Lawson J.W.R.; Veech R.L.; J. Biol. Chem.; 254 6528 (1979).,79LAW/VEE_598, , ,310.15,7.01,0.0288, ,enzymatic assay; spectrophotometry,phosphate and Tris,6.19 = -log[Mg+2] _ mol/L;Mg2+_tot=0.0000026;ATP=0.000168;creatine=0.0102;ADP=0.000244;phosphocreatine=0.000202;Mg2+_free=0.00000064;IS=0.25;K+_tot=0.2337422  ,2.7.3.2, ,6.4e-07 Mg2+, , , 
2664,2858.0,2479.0,creatine kinase,kegg:C00002 + kegg:C00300 = kegg:C00008 + kegg:C02305,CHB_15422 + CHB_16919 = CHB_16761 + CHB_17287,ATP(aq) + creatine(aq) = ADP(aq) + phosphocreatine(aq),Lawson J.W.R.; Veech R.L.; J. Biol. Chem.; 254 6528 (1979).,79LAW/VEE_598, , ,310.15,7.01,0.018, ,enzymatic assay; spectrophotometry,phosphate and Tris,4.15 = -log[Mg+2] _ mol/L;Mg2+_tot=0.001;ATP=0.00246;creatine=0.00658;ADP=0.000618;phosphocreatine=0.000476;Mg2+_free=0.000072;IS=0.25;K+_tot=0.2405  ,2.7.3.2, ,7.1e-05 Mg2+, , , 
2665,2856.0,2493.0,creatine kinase,kegg:C00002 + kegg:C00300 = kegg:C00008 + kegg:C02305,CHB_15422 + CHB_16919 = CHB_16761 + CHB_17287,ATP(aq) + creatine(aq) = ADP(aq) + phosphocreatine(aq),Lawson J.W.R.; Veech R.L.; J. Biol. Chem.; 254 6528 (1979).,79LAW/VEE_598, , ,310.15,7.01,0.0172, ,enzymatic assay; spectrophotometry,phosphate and Tris,4.14 = -log[Mg+2] _ mol/L;Mg2+_tot=0.001;ATP=0.00244;creatine=0.00646;ADP=0.000578;phosphocreatine=0.00047;Mg2+_free=0.000073;IS=0.25;K+_tot=0.2405  ,2.7.3.2, ,7.3e-05 Mg2+, , , 
2666,2846.0,2461.0,creatine kinase,kegg:C00002 + kegg:C00300 = kegg:C00008 + kegg:C02305,CHB_15422 + CHB_16919 = CHB_16761 + CHB_17287,ATP(aq) + creatine(aq) = ADP(aq) + phosphocreatine(aq),Lawson J.W.R.; Veech R.L.; J. Biol. Chem.; 254 6528 (1979).,79LAW/VEE_598, , ,310.15,7.02,0.0311, ,enzymatic assay; spectrophotometry,phosphate and Tris,5.72 = -log[Mg+2] _ mol/L;Mg2+_tot=0.0000057;ATP=0.000151;creatine=0.0104;ADP=0.000241;phosphocreatine=0.000202;Mg2+_free=0.0000019;IS=0.25;K+_tot=0.2337329  ,2.7.3.2, ,1.9e-06 Mg2+, , , 
2667,2843.0,2457.0,creatine kinase,kegg:C00002 + kegg:C00300 = kegg:C00008 + kegg:C02305,CHB_15422 + CHB_16919 = CHB_16761 + CHB_17287,ATP(aq) + creatine(aq) = ADP(aq) + phosphocreatine(aq),Lawson J.W.R.; Veech R.L.; J. Biol. Chem.; 254 6528 (1979).,79LAW/VEE_598, , ,310.15,7.04,0.0322, ,enzymatic assay; spectrophotometry,phosphate and Tris,6.29 = -log[Mg+2] _ mol/L;Mg2+_tot=0.0000057;ATP=0.0000544;creatine=0.0104;ADP=0.000145;phosphocreatine=0.000126;Mg2+_free=0.0000019;IS=0.25;K+_tot=0.2337329  ,2.7.3.2, ,5.1e-07 Mg2+, , , 
2668,2845.0,2456.0,creatine kinase,kegg:C00002 + kegg:C00300 = kegg:C00008 + kegg:C02305,CHB_15422 + CHB_16919 = CHB_16761 + CHB_17287,ATP(aq) + creatine(aq) = ADP(aq) + phosphocreatine(aq),Lawson J.W.R.; Veech R.L.; J. Biol. Chem.; 254 6528 (1979).,79LAW/VEE_598, , ,310.15,7.04,0.0305, ,enzymatic assay; spectrophotometry,phosphate and Tris,6.05 = -log[Mg+2] _ mol/L;Mg2+_tot=0.0000057;ATP=0.0000874;creatine=0.0104;ADP=0.000302;phosphocreatine=0.0000919;Mg2+_free=0.0000015;IS=0.25;K+_tot=0.2337329  ,2.7.3.2, ,8.9e-07 Mg2+, , , 
2669,2839.0,2474.0,creatine kinase,kegg:C00002 + kegg:C00300 = kegg:C00008 + kegg:C02305,CHB_15422 + CHB_16919 = CHB_16761 + CHB_17287,ATP(aq) + creatine(aq) = ADP(aq) + phosphocreatine(aq),Lawson J.W.R.; Veech R.L.; J. Biol. Chem.; 254 6528 (1979).,79LAW/VEE_598, , ,310.15,7.07,0.0362, ,enzymatic assay; spectrophotometry,phosphate and Tris,2.25 = -log[Mg+2] _ mol/L;Mg2+_tot=0.0000026;ATP=0.000194;creatine=0.0102;ADP=0.000269;phosphocreatine=0.000266;Mg2+_free=0.00000056;IS=0.25;K+_tot=0.2337422  ,2.7.3.2, ,0.0056 Mg2+, , , 
2670,2859.0,2462.0,creatine kinase,kegg:C00002 + kegg:C00300 = kegg:C00008 + kegg:C02305,CHB_15422 + CHB_16919 = CHB_16761 + CHB_17287,ATP(aq) + creatine(aq) = ADP(aq) + phosphocreatine(aq),Lawson J.W.R.; Veech R.L.; J. Biol. Chem.; 254 6528 (1979).,79LAW/VEE_598, , ,310.15,7.07,0.00787, ,enzymatic assay; spectrophotometry,phosphate and Tris,3.09 = -log[Mg+2] _ mol/L;Mg2+_tot=0.0023;ATP=0.000303;creatine=0.01;ADP=0.000148;phosphocreatine=0.000161;Mg2+_free=0.00082;IS=0.25;K+_tot=0.22685  ,2.7.3.2, ,0.00082 Mg2+, , , 
2671,2860.0,2464.0,creatine kinase,kegg:C00002 + kegg:C00300 = kegg:C00008 + kegg:C02305,CHB_15422 + CHB_16919 = CHB_16761 + CHB_17287,ATP(aq) + creatine(aq) = ADP(aq) + phosphocreatine(aq),Lawson J.W.R.; Veech R.L.; J. Biol. Chem.; 254 6528 (1979).,79LAW/VEE_598, , ,310.15,7.08,0.00769, ,enzymatic assay; spectrophotometry,phosphate and Tris,3.08 = -log[Mg+2] _ mol/L;Mg2+_tot=0.0023;ATP=0.000124;creatine=0.01;ADP=0.0000702;phosphocreatine=0.000168;Mg2+_free=0.00088;IS=0.25;K+_tot=0.22685  ,2.7.3.2, ,0.00083 Mg2+, , , 
2672,2870.0,2480.0,creatine kinase,kegg:C00002 + kegg:C00300 = kegg:C00008 + kegg:C02305,CHB_15422 + CHB_16919 = CHB_16761 + CHB_17287,ATP(aq) + creatine(aq) = ADP(aq) + phosphocreatine(aq),Lawson J.W.R.; Veech R.L.; J. Biol. Chem.; 254 6528 (1979).,79LAW/VEE_598, , ,310.15,7.09,0.00602, ,enzymatic assay; spectrophotometry,phosphate and Tris,2.47 = -log[Mg+2] _ mol/L;Mg2+_tot=0.0084;ATP=0.000516;creatine=0.00914;ADP=0.000187;phosphocreatine=0.000152;Mg2+_free=0.00342;IS=0.25;K+_tot=0.2183  ,2.7.3.2, ,0.00342 Mg2+, , , 
2673,2863.0,2500.0,creatine kinase,kegg:C00002 + kegg:C00300 = kegg:C00008 + kegg:C02305,CHB_15422 + CHB_16919 = CHB_16761 + CHB_17287,ATP(aq) + creatine(aq) = ADP(aq) + phosphocreatine(aq),Lawson J.W.R.; Veech R.L.; J. Biol. Chem.; 254 6528 (1979).,79LAW/VEE_598, , ,310.15,7.09,0.00806, ,enzymatic assay; spectrophotometry,phosphate and Tris,3.05 = -log[Mg+2] _ mol/L;Mg2+_tot=0.0023;ATP=0.000092;creatine=0.01;ADP=0.0000962;phosphocreatine=0.0000773;Mg2+_free=0.00089;IS=0.25;K+_tot=0.22685  ,2.7.3.2, ,0.00089 Mg2+, , , 
2674,2861.0,2463.0,creatine kinase,kegg:C00002 + kegg:C00300 = kegg:C00008 + kegg:C02305,CHB_15422 + CHB_16919 = CHB_16761 + CHB_17287,ATP(aq) + creatine(aq) = ADP(aq) + phosphocreatine(aq),Lawson J.W.R.; Veech R.L.; J. Biol. Chem.; 254 6528 (1979).,79LAW/VEE_598, , ,310.15,7.1,0.00781, ,enzymatic assay; spectrophotometry,phosphate and Tris,3.06 = -log[Mg+2] _ mol/L;Mg2+_tot=0.0023;ATP=0.000112;creatine=0.0099;ADP=0.000127;phosphocreatine=0.0000681;Mg2+_free=0.00087;IS=0.25;K+_tot=0.22685  ,2.7.3.2, ,0.00087 Mg2+, , , 
2675,2862.0,2492.0,creatine kinase,kegg:C00002 + kegg:C00300 = kegg:C00008 + kegg:C02305,CHB_15422 + CHB_16919 = CHB_16761 + CHB_17287,ATP(aq) + creatine(aq) = ADP(aq) + phosphocreatine(aq),Lawson J.W.R.; Veech R.L.; J. Biol. Chem.; 254 6528 (1979).,79LAW/VEE_598, , ,310.15,7.1,0.00769, ,enzymatic assay; spectrophotometry,phosphate and Tris,3.06 = -log[Mg+2] _ mol/L;Mg2+_tot=0.0023;ATP=0.000243;creatine=0.0098;ADP=0.00015;phosphocreatine=0.000122;Mg2+_free=0.00083;IS=0.25;K+_tot=0.22685  ,2.7.3.2, ,0.00088 Mg2+, , , 
2676,2867.0,2482.0,creatine kinase,kegg:C00002 + kegg:C00300 = kegg:C00008 + kegg:C02305,CHB_15422 + CHB_16919 = CHB_16761 + CHB_17287,ATP(aq) + creatine(aq) = ADP(aq) + phosphocreatine(aq),Lawson J.W.R.; Veech R.L.; J. Biol. Chem.; 254 6528 (1979).,79LAW/VEE_598, , ,310.15,7.11,0.00578, ,enzymatic assay; spectrophotometry,phosphate and Tris,2.47 = -log[Mg+2] _ mol/L;Mg2+_tot=0.0084;ATP=0.000572;creatine=0.01001;ADP=0.000181;phosphocreatine=0.000182;Mg2+_free=0.00336;IS=0.25;K+_tot=0.2183  ,2.7.3.2, ,0.00336 Mg2+, , , 
2677,2868.0,2494.0,creatine kinase,kegg:C00002 + kegg:C00300 = kegg:C00008 + kegg:C02305,CHB_15422 + CHB_16919 = CHB_16761 + CHB_17287,ATP(aq) + creatine(aq) = ADP(aq) + phosphocreatine(aq),Lawson J.W.R.; Veech R.L.; J. Biol. Chem.; 254 6528 (1979).,79LAW/VEE_598, , ,310.15,7.11,0.00606, ,enzymatic assay; spectrophotometry,phosphate and Tris,2.45 = -log[Mg+2] _ mol/L;Mg2+_tot=0.0084;ATP=0.000243;creatine=0.00951;ADP=0.000156;phosphocreatine=0.00009;Mg2+_free=0.00353;IS=0.25;K+_tot=0.2183  ,2.7.3.2, ,0.00353 Mg2+, , , 
2678,2847.0,2484.0,creatine kinase,kegg:C00002 + kegg:C00300 = kegg:C00008 + kegg:C02305,CHB_15422 + CHB_16919 = CHB_16761 + CHB_17287,ATP(aq) + creatine(aq) = ADP(aq) + phosphocreatine(aq),Lawson J.W.R.; Veech R.L.; J. Biol. Chem.; 254 6528 (1979).,79LAW/VEE_598, , ,310.15,7.11,0.0351, ,enzymatic assay; spectrophotometry,phosphate and Tris,5.46 = -log[Mg+2] _ mol/L;Mg2+_tot=0.0001;ATP=0.0031;creatine=0.00561;ADP=0.000664;phosphocreatine=0.000905;Mg2+_free=0.0000034;IS=0.25;K+_tot=0.2432  ,2.7.3.2, ,3.5e-06 Mg2+, , , 
2679,2849.0,2488.0,creatine kinase,kegg:C00002 + kegg:C00300 = kegg:C00008 + kegg:C02305,CHB_15422 + CHB_16919 = CHB_16761 + CHB_17287,ATP(aq) + creatine(aq) = ADP(aq) + phosphocreatine(aq),Lawson J.W.R.; Veech R.L.; J. Biol. Chem.; 254 6528 (1979).,79LAW/VEE_598, , ,310.15,7.11,0.0358, ,enzymatic assay; spectrophotometry,phosphate and Tris,5.46 = -log[Mg+2] _ mol/L;Mg2+_tot=0.0001;ATP=0.00312;creatine=0.00556;ADP=0.000687;phosphocreatine=0.000907;Mg2+_free=0.0000035;IS=0.25;K+_tot=0.2432  ,2.7.3.2, ,3.5e-06 Mg2+, , , 
2680,2864.0,2465.0,creatine kinase,kegg:C00002 + kegg:C00300 = kegg:C00008 + kegg:C02305,CHB_15422 + CHB_16919 = CHB_16761 + CHB_17287,ATP(aq) + creatine(aq) = ADP(aq) + phosphocreatine(aq),Lawson J.W.R.; Veech R.L.; J. Biol. Chem.; 254 6528 (1979).,79LAW/VEE_598, , ,310.15,7.11,0.00847, ,enzymatic assay; spectrophotometry,phosphate and Tris,3.07 = -log[Mg+2] _ mol/L;Mg2+_tot=0.0023;ATP=0.000131;creatine=0.0102;ADP=0.0000559;phosphocreatine=0.000203;Mg2+_free=0.00086;IS=0.25;K+_tot=0.22685  ,2.7.3.2, ,0.00086 Mg2+, , , 
2681,2872.0,2481.0,creatine kinase,kegg:C00002 + kegg:C00300 = kegg:C00008 + kegg:C02305,CHB_15422 + CHB_16919 = CHB_16761 + CHB_17287,ATP(aq) + creatine(aq) = ADP(aq) + phosphocreatine(aq),Lawson J.W.R.; Veech R.L.; J. Biol. Chem.; 254 6528 (1979).,79LAW/VEE_598, , ,310.15,7.12,0.0061, ,enzymatic assay; spectrophotometry,phosphate and Tris,2.47 = -log[Mg+2] _ mol/L;Mg2+_tot=0.0084;ATP=0.000319;creatine=0.0102;ADP=0.000428;phosphocreatine=0.0000463;Mg2+_free=0.00338;IS=0.25;K+_tot=0.2183  ,2.7.3.2, ,0.00338 Mg2+, , , 
2682,2848.0,2475.0,creatine kinase,kegg:C00002 + kegg:C00300 = kegg:C00008 + kegg:C02305,CHB_15422 + CHB_16919 = CHB_16761 + CHB_17287,ATP(aq) + creatine(aq) = ADP(aq) + phosphocreatine(aq),Lawson J.W.R.; Veech R.L.; J. Biol. Chem.; 254 6528 (1979).,79LAW/VEE_598, , ,310.15,7.12,0.0346, ,enzymatic assay; spectrophotometry,phosphate and Tris,5.47 = -log[Mg+2] _ mol/L;Mg2+_tot=0.0001;ATP=0.00314;creatine=0.00544;ADP=0.000685;phosphocreatine=0.000877;Mg2+_free=0.0000035;IS=0.25;K+_tot=0.2432  ,2.7.3.2, ,3.4e-06 Mg2+, , , 
2683,2865.0,2476.0,creatine kinase,kegg:C00002 + kegg:C00300 = kegg:C00008 + kegg:C02305,CHB_15422 + CHB_16919 = CHB_16761 + CHB_17287,ATP(aq) + creatine(aq) = ADP(aq) + phosphocreatine(aq),Lawson J.W.R.; Veech R.L.; J. Biol. Chem.; 254 6528 (1979).,79LAW/VEE_598, , ,310.15,7.12,0.00813, ,enzymatic assay; spectrophotometry,phosphate and Tris,3.08 = -log[Mg+2] _ mol/L;Mg2+_tot=0.0023;ATP=0.00013;creatine=0.0103;ADP=0.000237;phosphocreatine=0.0000458;Mg2+_free=0.00084;IS=0.25;K+_tot=0.22685  ,2.7.3.2, ,0.00084 Mg2+, , , 
2684,2866.0,2466.0,creatine kinase,kegg:C00002 + kegg:C00300 = kegg:C00008 + kegg:C02305,CHB_15422 + CHB_16919 = CHB_16761 + CHB_17287,ATP(aq) + creatine(aq) = ADP(aq) + phosphocreatine(aq),Lawson J.W.R.; Veech R.L.; J. Biol. Chem.; 254 6528 (1979).,79LAW/VEE_598, , ,310.15,7.12,0.00781, ,enzymatic assay; spectrophotometry,phosphate and Tris,3.06 = -log[Mg+2] _ mol/L;Mg2+_tot=0.0023;ATP=0.00012;creatine=0.0101;ADP=0.0000702;phosphocreatine=0.000135;Mg2+_free=0.00087;IS=0.25;K+_tot=0.22685  ,2.7.3.2, ,0.00087 Mg2+, , , 
2685,2874.0,2489.0,creatine kinase,kegg:C00002 + kegg:C00300 = kegg:C00008 + kegg:C02305,CHB_15422 + CHB_16919 = CHB_16761 + CHB_17287,ATP(aq) + creatine(aq) = ADP(aq) + phosphocreatine(aq),Lawson J.W.R.; Veech R.L.; J. Biol. Chem.; 254 6528 (1979).,79LAW/VEE_598, , ,310.15,7.14,0.00667, ,enzymatic assay; spectrophotometry,phosphate and Tris,2.45 = -log[Mg+2] _ mol/L;Mg2+_tot=0.0084;ATP=0.000211;creatine=0.00951;ADP=0.0000617;phosphocreatine=0.000217;Mg2+_free=0.00353;IS=0.25;K+_tot=0.2183  ,2.7.3.2, ,0.00353 Mg2+, , , 
2686,2854,2472.0,creatine kinase,kegg:C00002 + kegg:C00300 = kegg:C00008 + kegg:C02305,CHB_15422 + CHB_16919 = CHB_16761 + CHB_17287,ATP(aq) + creatine(aq) = ADP(aq) + phosphocreatine(aq),Lawson J.W.R.; Veech R.L.; J. Biol. Chem.; 254 6528 (1979).,79LAW/VEE_598, , ,310.15,7.14,0.0347, ,enzymatic assay; spectrophotometry,phosphate and Tris,4.33 = -log[Mg+2] _ mol/L;Mg2+_tot=0.001;ATP=0.00314;creatine=0.00554;ADP=0.000726;phosphocreatine=0.000832;Mg2+_free=0.000047;IS=0.25;K+_tot=0.2405   _ mol/L;Mg2+_tot=0.001;ATP=0.00318;creatine=0.0056;ADP=0.000703;phosphocreatine=0.000857;Mg2+_free=0.000046;IS=0.25;K+_tot=0.2405 _ nan _ ,2.7.3.2, ,4.7e-05 Mg2+,, , 
2687,2853.0,2495.0,creatine kinase,kegg:C00002 + kegg:C00300 = kegg:C00008 + kegg:C02305,CHB_15422 + CHB_16919 = CHB_16761 + CHB_17287,ATP(aq) + creatine(aq) = ADP(aq) + phosphocreatine(aq),Lawson J.W.R.; Veech R.L.; J. Biol. Chem.; 254 6528 (1979).,79LAW/VEE_598, , ,310.15,7.14,0.0339, ,enzymatic assay; spectrophotometry,phosphate and Tris,4.32 = -log[Mg+2] _ mol/L;Mg2+_tot=0.001;ATP=0.0031;creatine=0.00559;ADP=0.000723;phosphocreatine=0.000812;Mg2+_free=0.000048;IS=0.25;K+_tot=0.2405  ,2.7.3.2, ,4.8e-05 Mg2+, , , 
2688,,2491.0,creatine kinase,kegg:C00002 + kegg:C00300 = kegg:C00008 + kegg:C02305, ,ATP(aq) + creatine(aq) = ADP(aq) + phosphocreatine(aq),Lawson J.W.R.; Veech R.L.; J. Biol. Chem.; 254 6528 (1979).,79LAW/VEE_598, , ,310.15,7.15,0.0338, ,enzymatic assay; spectrophotometry,phosphate and Tris,4.34 = -log[Mg+2],2.7.3.2, ,4.6e-05 Mg2+, , , 
2689,2871.0,2468.0,creatine kinase,kegg:C00002 + kegg:C00300 = kegg:C00008 + kegg:C02305,CHB_15422 + CHB_16919 = CHB_16761 + CHB_17287,ATP(aq) + creatine(aq) = ADP(aq) + phosphocreatine(aq),Lawson J.W.R.; Veech R.L.; J. Biol. Chem.; 254 6528 (1979).,79LAW/VEE_598, , ,310.15,7.16,0.00617, ,enzymatic assay; spectrophotometry,phosphate and Tris,2.48 = -log[Mg+2] _ mol/L;Mg2+_tot=0.0084;ATP=0.000522;creatine=0.0103;ADP=0.000203;phosphocreatine=0.000164;Mg2+_free=0.00332;IS=0.25;K+_tot=0.2183  ,2.7.3.2, ,0.00332 Mg2+, , , 
2690,2869.0,2467.0,creatine kinase,kegg:C00002 + kegg:C00300 = kegg:C00008 + kegg:C02305,CHB_15422 + CHB_16919 = CHB_16761 + CHB_17287,ATP(aq) + creatine(aq) = ADP(aq) + phosphocreatine(aq),Lawson J.W.R.; Veech R.L.; J. Biol. Chem.; 254 6528 (1979).,79LAW/VEE_598, , ,310.15,7.16,0.00649, ,enzymatic assay; spectrophotometry,phosphate and Tris,2.46 = -log[Mg+2] _ mol/L;Mg2+_tot=0.0084;ATP=0.000254;creatine=0.00947;ADP=0.000098;phosphocreatine=0.00016;Mg2+_free=0.00348;IS=0.25;K+_tot=0.2183  ,2.7.3.2, ,0.00348 Mg2+, , , 
2691,2873.0,2485.0,creatine kinase,kegg:C00002 + kegg:C00300 = kegg:C00008 + kegg:C02305,CHB_15422 + CHB_16919 = CHB_16761 + CHB_17287,ATP(aq) + creatine(aq) = ADP(aq) + phosphocreatine(aq),Lawson J.W.R.; Veech R.L.; J. Biol. Chem.; 254 6528 (1979).,79LAW/VEE_598, , ,310.15,7.19,0.00649, ,enzymatic assay; spectrophotometry,phosphate and Tris,2.47 = -log[Mg+2] _ mol/L;Mg2+_tot=0.0084;ATP=0.000323;creatine=0.00992;ADP=0.0000567;phosphocreatine=0.000368;Mg2+_free=0.00342;IS=0.25;K+_tot=0.2183  ,2.7.3.2, ,0.00342 Mg2+, , , 
2692,2875.0,2499.0,creatine kinase,kegg:C00002 + kegg:C00300 = kegg:C00008 + kegg:C02305,CHB_15422 + CHB_16919 = CHB_16761 + CHB_17287,ATP(aq) + creatine(aq) = ADP(aq) + phosphocreatine(aq),Lawson J.W.R.; Veech R.L.; J. Biol. Chem.; 254 6528 (1979).,79LAW/VEE_598, , ,310.15,7.32,0.00641, ,enzymatic assay; spectrophotometry,phosphate and Tris,1.92 = -log[Mg+2] _ mol/L;Mg2+_tot=0.024;ATP=0.000442;creatine=0.00953;ADP=0.000189;phosphocreatine=0.000143;Mg2+_free=0.0119;IS=0.25;K+_tot=0.178  ,2.7.3.2, ,0.0119 Mg2+, , , 
2693,2877.0,2487.0,creatine kinase,kegg:C00002 + kegg:C00300 = kegg:C00008 + kegg:C02305,CHB_15422 + CHB_16919 = CHB_16761 + CHB_17287,ATP(aq) + creatine(aq) = ADP(aq) + phosphocreatine(aq),Lawson J.W.R.; Veech R.L.; J. Biol. Chem.; 254 6528 (1979).,79LAW/VEE_598, , ,310.15,7.33,0.00649, ,enzymatic assay; spectrophotometry,phosphate and Tris,1.92 = -log[Mg+2] _ mol/L;Mg2+_tot=0.024;ATP=0.000202;creatine=0.00962;ADP=0.000152;phosphocreatine=0.000083;Mg2+_free=0.012;IS=0.25;K+_tot=0.178  ,2.7.3.2, ,0.012 Mg2+, , , 
2694,2876.0,2471.0,creatine kinase,kegg:C00002 + kegg:C00300 = kegg:C00008 + kegg:C02305,CHB_15422 + CHB_16919 = CHB_16761 + CHB_17287,ATP(aq) + creatine(aq) = ADP(aq) + phosphocreatine(aq),Lawson J.W.R.; Veech R.L.; J. Biol. Chem.; 254 6528 (1979).,79LAW/VEE_598, , ,310.15,7.33,0.00676, ,enzymatic assay; spectrophotometry,phosphate and Tris,1.92 = -log[Mg+2] _ mol/L;Mg2+_tot=0.024;ATP=0.000217;creatine=0.00939;ADP=0.000094;phosphocreatine=0.000147;Mg2+_free=0.0121;IS=0.25;K+_tot=0.178  ,2.7.3.2, ,0.0121 Mg2+, , , 
2695,2878.0,2469.0,creatine kinase,kegg:C00002 + kegg:C00300 = kegg:C00008 + kegg:C02305,CHB_15422 + CHB_16919 = CHB_16761 + CHB_17287,ATP(aq) + creatine(aq) = ADP(aq) + phosphocreatine(aq),Lawson J.W.R.; Veech R.L.; J. Biol. Chem.; 254 6528 (1979).,79LAW/VEE_598, , ,310.15,7.34,0.00758, ,enzymatic assay; spectrophotometry,phosphate and Tris,1.93 = -log[Mg+2] _ mol/L;Mg2+_tot=0.024;ATP=0.000504;creatine=0.00884;ADP=0.000188;phosphocreatine=0.000179;Mg2+_free=0.0118;IS=0.25;K+_tot=0.178  ,2.7.3.2, ,0.0118 Mg2+, , , 
2696,2882.0,2501.0,creatine kinase,kegg:C00002 + kegg:C00300 = kegg:C00008 + kegg:C02305,CHB_15422 + CHB_16919 = CHB_16761 + CHB_17287,ATP(aq) + creatine(aq) = ADP(aq) + phosphocreatine(aq),Lawson J.W.R.; Veech R.L.; J. Biol. Chem.; 254 6528 (1979).,79LAW/VEE_598, , ,310.15,7.35,0.0069, ,enzymatic assay; spectrophotometry,phosphate and Tris,1.92 = -log[Mg+2] _ mol/L;Mg2+_tot=0.024;ATP=0.000192;creatine=0.01;ADP=0.000068;phosphocreatine=0.000196;Mg2+_free=0.012;IS=0.25;K+_tot=0.178  ,2.7.3.2, ,0.012 Mg2+, , , 
2697,2880.0,2473.0,creatine kinase,kegg:C00002 + kegg:C00300 = kegg:C00008 + kegg:C02305,CHB_15422 + CHB_16919 = CHB_16761 + CHB_17287,ATP(aq) + creatine(aq) = ADP(aq) + phosphocreatine(aq),Lawson J.W.R.; Veech R.L.; J. Biol. Chem.; 254 6528 (1979).,79LAW/VEE_598, , ,310.15,7.37,0.00714, ,enzymatic assay; spectrophotometry,phosphate and Tris,1.92 = -log[Mg+2] _ mol/L;Mg2+_tot=0.024;ATP=0.000302;creatine=0.00989;ADP=0.000064;phosphocreatine=0.000324;Mg2+_free=0.0119;IS=0.25;K+_tot=0.178  ,2.7.3.2, ,0.0119 Mg2+, , , 
2698,2881.0,2478.0,creatine kinase,kegg:C00002 + kegg:C00300 = kegg:C00008 + kegg:C02305,CHB_15422 + CHB_16919 = CHB_16761 + CHB_17287,ATP(aq) + creatine(aq) = ADP(aq) + phosphocreatine(aq),Lawson J.W.R.; Veech R.L.; J. Biol. Chem.; 254 6528 (1979).,79LAW/VEE_598, , ,310.15,7.38,0.0061, ,enzymatic assay; spectrophotometry,phosphate and Tris,1.93 = -log[Mg+2] _ mol/L;Mg2+_tot=0.024;ATP=0.000293;creatine=0.01;ADP=0.000416;phosphocreatine=0.000043;Mg2+_free=0.0117;IS=0.25;K+_tot=0.178  ,2.7.3.2, ,0.0117 Mg2+, , , 
2699,2879.0,2497.0,creatine kinase,kegg:C00002 + kegg:C00300 = kegg:C00008 + kegg:C02305,CHB_15422 + CHB_16919 = CHB_16761 + CHB_17287,ATP(aq) + creatine(aq) = ADP(aq) + phosphocreatine(aq),Lawson J.W.R.; Veech R.L.; J. Biol. Chem.; 254 6528 (1979).,79LAW/VEE_598, , ,310.15,7.39,0.00752, ,enzymatic assay; spectrophotometry,phosphate and Tris,1.93 = -log[Mg+2] _ mol/L;Mg2+_tot=0.024;ATP=0.000465;creatine=0.00921;ADP=0.000208;phosphocreatine=0.000155;Mg2+_free=0.0117;IS=0.25;K+_tot=0.178  ,2.7.3.2, ,0.0117 Mg2+, , , 
2700,2826.0,1062.0,adenylate kinase,2 kegg:C00008 = kegg:C00020 + kegg:C00002,2 CHB_16761 = CHB_15422 + CHB_16027,2 ADP(aq) = AMP(aq) + ATP(aq),Lawson J.W.R.; Veech R.L.; J. Biol. Chem.; 254 6528 (1979).,79LAW/VEE_651,36398.0, ,310.15,6.89,0.964, ,enzymatic assay; spectrophotometry,phosphate (0.0095 mol dm-3 - 0.0097 mol dm-3),2.96 = -log[Mg+2] _ mol/L;ATP=0.000627;ADP=0.000687;AMP=0.000726;Mg2+_tot=0.0025;IS=0.25;K+_tot=0.2366575  ,2.7.4.3, ,0.0011 Mg2+,0.25, , 
2701,2823.0,1061.0,adenylate kinase,2 kegg:C00008 = kegg:C00020 + kegg:C00002,2 CHB_16761 = CHB_15422 + CHB_16027,2 ADP(aq) = AMP(aq) + ATP(aq),Lawson J.W.R.; Veech R.L.; J. Biol. Chem.; 254 6528 (1979).,79LAW/VEE_651,36398.0, ,310.15,6.9,0.982, ,enzymatic assay; spectrophotometry,phosphate (0.0095 mol dm-3 - 0.0097 mol dm-3),2.97 = -log[Mg+2] _ mol/L;ATP=0.000633;ADP=0.0007;AMP=0.000759;Mg2+_tot=0.0025;IS=0.25;K+_tot=0.2366575  ,2.7.4.3, ,0.00108 Mg2+,0.25, , 
2702,2824.0,1060.0,adenylate kinase,2 kegg:C00008 = kegg:C00020 + kegg:C00002,2 CHB_16761 = CHB_15422 + CHB_16027,2 ADP(aq) = AMP(aq) + ATP(aq),Lawson J.W.R.; Veech R.L.; J. Biol. Chem.; 254 6528 (1979).,79LAW/VEE_651,36398.0, ,310.15,6.91,0.98, ,enzymatic assay; spectrophotometry,phosphate (0.0095 mol dm-3 - 0.0097 mol dm-3),2.97 = -log[Mg+2] _ mol/L;ATP=0.00064;ADP=0.0007;AMP=0.000752;Mg2+_tot=0.0025;IS=0.25;K+_tot=0.2366575  ,2.7.4.3, ,0.00108 Mg2+,0.25, , 
2703,2825.0,1074.0,adenylate kinase,2 kegg:C00008 = kegg:C00020 + kegg:C00002,2 CHB_16761 = CHB_15422 + CHB_16027,2 ADP(aq) = AMP(aq) + ATP(aq),Lawson J.W.R.; Veech R.L.; J. Biol. Chem.; 254 6528 (1979).,79LAW/VEE_651,36398.0, ,310.15,6.91,0.983, ,enzymatic assay; spectrophotometry,phosphate (0.0095 mol dm-3 - 0.0097 mol dm-3),2.97 = -log[Mg+2] _ mol/L;ATP=0.000633;ADP=0.000687;AMP=0.000723;Mg2+_tot=0.0025;IS=0.25;K+_tot=0.2366575  ,2.7.4.3, ,0.00108 Mg2+,0.25, , 
2704,2830.0,1064.0,adenylate kinase,2 kegg:C00008 = kegg:C00020 + kegg:C00002,2 CHB_16761 = CHB_15422 + CHB_16027,2 ADP(aq) = AMP(aq) + ATP(aq),Lawson J.W.R.; Veech R.L.; J. Biol. Chem.; 254 6528 (1979).,79LAW/VEE_651,36398.0, ,310.15,6.97,0.929, ,enzymatic assay; spectrophotometry,phosphate (0.0095 mol dm-3 - 0.0097 mol dm-3),3.42 = -log[Mg+2] _ mol/L;ATP=0.000633;ADP=0.000713;AMP=0.000746;Mg2+_tot=0.00121;IS=0.25;K+_tot=0.2405275  ,2.7.4.3, ,0.00038 Mg2+,0.25, , 
2705,2829.0,1070.0,adenylate kinase,2 kegg:C00008 = kegg:C00020 + kegg:C00002,2 CHB_16761 = CHB_15422 + CHB_16027,2 ADP(aq) = AMP(aq) + ATP(aq),Lawson J.W.R.; Veech R.L.; J. Biol. Chem.; 254 6528 (1979).,79LAW/VEE_651,36398.0, ,310.15,6.97,0.981, ,enzymatic assay; spectrophotometry,phosphate (0.0095 mol dm-3 - 0.0097 mol dm-3),3.42 = -log[Mg+2] _ mol/L;ATP=0.000633;ADP=0.0007;AMP=0.000759;Mg2+_tot=0.00121;IS=0.25;K+_tot=0.2405275  ,2.7.4.3, ,0.00038 Mg2+,0.25, , 
2706,2828.0,1075.0,adenylate kinase,2 kegg:C00008 = kegg:C00020 + kegg:C00002,2 CHB_16761 = CHB_15422 + CHB_16027,2 ADP(aq) = AMP(aq) + ATP(aq),Lawson J.W.R.; Veech R.L.; J. Biol. Chem.; 254 6528 (1979).,79LAW/VEE_651,36398.0, ,310.15,6.98,0.871, ,enzymatic assay; spectrophotometry,phosphate (0.0095 mol dm-3 - 0.0097 mol dm-3),3.44 = -log[Mg+2] _ mol/L;ATP=0.000659;ADP=0.000739;AMP=0.000722;Mg2+_tot=0.00121;IS=0.25;K+_tot=0.2405275  ,2.7.4.3, ,0.00036 Mg2+,0.25, , 
2707,2827.0,1063.0,adenylate kinase,2 kegg:C00008 = kegg:C00020 + kegg:C00002,2 CHB_16761 = CHB_15422 + CHB_16027,2 ADP(aq) = AMP(aq) + ATP(aq),Lawson J.W.R.; Veech R.L.; J. Biol. Chem.; 254 6528 (1979).,79LAW/VEE_651,36398.0, ,310.15,6.98,0.946, ,enzymatic assay; spectrophotometry,phosphate (0.0095 mol dm-3 - 0.0097 mol dm-3),3.43 = -log[Mg+2] _ mol/L;ATP=0.000646;ADP=0.000726;AMP=0.000772;Mg2+_tot=0.00121;IS=0.25;K+_tot=0.2405275  ,2.7.4.3, ,0.00037 Mg2+,0.25, , 
2708,2831.0,1072.0,adenylate kinase,2 kegg:C00008 = kegg:C00020 + kegg:C00002,2 CHB_16761 = CHB_15422 + CHB_16027,2 ADP(aq) = AMP(aq) + ATP(aq),Lawson J.W.R.; Veech R.L.; J. Biol. Chem.; 254 6528 (1979).,79LAW/VEE_651,36398.0, ,310.15,6.99,0.708, ,enzymatic assay; spectrophotometry,phosphate (0.0095 mol dm-3 - 0.0097 mol dm-3),4.0 = -log[Mg+2] _ mol/L;ATP=0.000388;ADP=0.000478;AMP=0.000417;Mg2+_tot=0.00036;IS=0.25;K+_tot=0.2430775  ,2.7.4.3, ,0.0001 Mg2+,0.25, , 
2709,2832.0,1065.0,adenylate kinase,2 kegg:C00008 = kegg:C00020 + kegg:C00002,2 CHB_16761 = CHB_15422 + CHB_16027,2 ADP(aq) = AMP(aq) + ATP(aq),Lawson J.W.R.; Veech R.L.; J. Biol. Chem.; 254 6528 (1979).,79LAW/VEE_651,36398.0, ,310.15,6.99,0.899, ,enzymatic assay; spectrophotometry,phosphate (0.0095 mol dm-3 - 0.0097 mol dm-3),3.6 = -log[Mg+2] _ mol/L;ATP=0.0004;ADP=0.000439;AMP=0.000433;Mg2+_tot=0.00072;IS=0.25;K+_tot=0.2419975  ,2.7.4.3, ,0.00025 Mg2+,0.25, , 
2710,2833.0,1069.0,adenylate kinase,2 kegg:C00008 = kegg:C00020 + kegg:C00002,2 CHB_16761 = CHB_15422 + CHB_16027,2 ADP(aq) = AMP(aq) + ATP(aq),Lawson J.W.R.; Veech R.L.; J. Biol. Chem.; 254 6528 (1979).,79LAW/VEE_651,36398.0, ,310.15,6.99,1.014, ,enzymatic assay; spectrophotometry,phosphate (0.0095 mol dm-3 - 0.0097 mol dm-3),3.36 = -log[Mg+2] _ mol/L;ATP=0.000381;ADP=0.000394;AMP=0.000413;Mg2+_tot=0.00108;IS=0.25;K+_tot=0.2409175  ,2.7.4.3, ,0.00044 Mg2+,0.25, , 
2711,2834.0,1071.0,adenylate kinase,2 kegg:C00008 = kegg:C00020 + kegg:C00002,2 CHB_16761 = CHB_15422 + CHB_16027,2 ADP(aq) = AMP(aq) + ATP(aq),Lawson J.W.R.; Veech R.L.; J. Biol. Chem.; 254 6528 (1979).,79LAW/VEE_651,36398.0, ,310.15,6.99,1.044, ,enzymatic assay; spectrophotometry,phosphate (0.0095 mol dm-3 - 0.0097 mol dm-3),3.18 = -log[Mg+2] _ mol/L;ATP=0.000413;ADP=0.00042;AMP=0.000446;Mg2+_tot=0.00144;IS=0.25;K+_tot=0.2398375  ,2.7.4.3, ,0.00066 Mg2+,0.25, , 
2712,2835.0,1066.0,adenylate kinase,2 kegg:C00008 = kegg:C00020 + kegg:C00002,2 CHB_16761 = CHB_15422 + CHB_16027,2 ADP(aq) = AMP(aq) + ATP(aq),Lawson J.W.R.; Veech R.L.; J. Biol. Chem.; 254 6528 (1979).,79LAW/VEE_651,36398.0, ,310.15,6.99,1.06, ,enzymatic assay; spectrophotometry,phosphate (0.0095 mol dm-3 - 0.0097 mol dm-3),3.08 = -log[Mg+2] _ mol/L;ATP=0.000413;ADP=0.00042;AMP=0.000452;Mg2+_tot=0.0018;IS=0.25;K+_tot=0.2387575  ,2.7.4.3, ,0.00083 Mg2+,0.25, , 
2713,2836.0,1067.0,adenylate kinase,2 kegg:C00008 = kegg:C00020 + kegg:C00002,2 CHB_16761 = CHB_15422 + CHB_16027,2 ADP(aq) = AMP(aq) + ATP(aq),Lawson J.W.R.; Veech R.L.; J. Biol. Chem.; 254 6528 (1979).,79LAW/VEE_651,36398.0, ,310.15,6.99,0.842, ,enzymatic assay; spectrophotometry,phosphate (0.0095 mol dm-3 - 0.0097 mol dm-3),2.71 = -log[Mg+2] _ mol/L;ATP=0.000407;ADP=0.000459;AMP=0.000436;Mg2+_tot=0.0036;IS=0.25;K+_tot=0.2333575  ,2.7.4.3, ,0.00195 Mg2+,0.25, , 
2714,2837.0,1073.0,adenylate kinase,2 kegg:C00008 = kegg:C00020 + kegg:C00002,2 CHB_16761 = CHB_15422 + CHB_16027,2 ADP(aq) = AMP(aq) + ATP(aq),Lawson J.W.R.; Veech R.L.; J. Biol. Chem.; 254 6528 (1979).,79LAW/VEE_651,36398.0, ,310.15,6.99,0.572, ,enzymatic assay; spectrophotometry,phosphate (0.0095 mol dm-3 - 0.0097 mol dm-3),2.35 = -log[Mg+2] _ mol/L;ATP=0.000368;ADP=0.00051;AMP=0.000404;Mg2+_tot=0.0072;IS=0.25;K+_tot=0.2225575  ,2.7.4.3, ,0.00445 Mg2+,0.25, , 
2715,2838.0,1068.0,adenylate kinase,2 kegg:C00008 = kegg:C00020 + kegg:C00002,2 CHB_16761 = CHB_15422 + CHB_16027,2 ADP(aq) = AMP(aq) + ATP(aq),Lawson J.W.R.; Veech R.L.; J. Biol. Chem.; 254 6528 (1979).,79LAW/VEE_651,36398.0, ,310.15,6.99,0.38, ,enzymatic assay; spectrophotometry,phosphate (0.0095 mol dm-3 - 0.0097 mol dm-3),2.0 = -log[Mg+2] _ mol/L;ATP=0.000342;ADP=0.000581;AMP=0.000375;Mg2+_tot=0.0144;IS=0.25;K+_tot=0.2009575  ,2.7.4.3, ,0.00998 Mg2+,0.25, , 
2716,,3860.0,xylose isomerase,kegg:C00031 = kegg:C00095, ,D-glucose(aq) = D-fructose(aq),McKay G.A.; Tavlarides L.L.; J. Mol. Catal.; 6 57 (1979).,79MCK/TAV_1311, , ,323.15,7.0,0.84, ,polarimetry, , ,5.3.1.5, , , , , 
2717,,3861.0,xylose isomerase,kegg:C00031 = kegg:C00095, ,D-glucose(aq) = D-fructose(aq),McKay G.A.; Tavlarides L.L.; J. Mol. Catal.; 6 57 (1979).,79MCK/TAV_1311, , ,333.15,7.0,1.33, ,polarimetry, , ,5.3.1.5, , , , , 
2718,,3858.0,xylose isomerase,kegg:C00031 = kegg:C00095, ,D-glucose(aq) = D-fructose(aq),McKay G.A.; Tavlarides L.L.; J. Mol. Catal.; 6 57 (1979).,79MCK/TAV_1311, , ,343.15,7.0,1.06, ,polarimetry, , ,5.3.1.5, , , , , 
2719,,3859.0,xylose isomerase,kegg:C00031 = kegg:C00095, ,D-glucose(aq) = D-fructose(aq),McKay G.A.; Tavlarides L.L.; J. Mol. Catal.; 6 57 (1979).,79MCK/TAV_1311, , ,353.15,7.0,1.12, ,polarimetry, , ,5.3.1.5, , , , , 
2720,2918,2719.0,"2,3-dimethylmalate lyase",kegg:C03652 = kegg:C00163 + kegg:C00022,CHB_15590 = CHB_15361 + CHB_17272,"2,3-dimethylmalate(aq) = propanoate(aq) + pyruvate(aq)",Pirzer P.; Lill U.; Eggerer H.; Hoppe-Seyler's Z. Physiol. Chem.; 360 1693 (1979).,79PIR/LIL_1137,527937.0,10.1515/bchm2.1979.360.2.1693,298.15,8.0,0.5, ,gas chromatography and spectrophotometry,Tris (0.10 mol dm-3),"mol/L;Tris buffer=0.1;(Mg)1(Cl)2=0.002;DTT=0.005;propanoate=0.0192848;pyruvate=0.0192848;2,3-dimethylmalate=0.000715199;IS=0.09 _ nan _ ",4.1.3.32, , ,, , 
2721,2921.0,1420.0,pyruvate kinase,kegg:C00002 + kegg:C00022 = kegg:C00008 + kegg:C00074,CHB_15361 + CHB_15422 = CHB_16761 + CHB_18021,ATP(aq) + pyruvate(aq) = ADP(aq) + phosphoenolpyruvate(aq),Rao B.D.N.; Kayne F.J.; Cohn M.; J. Biol. Chem.; 254 2689 (1979).,79RAO/KAY_566,429312.0, ,288.15,8.0,0.0003, ,NMR,Hepes (0.1 mol dm-3),mol/L;phosphoenolpyruvate=0.000585577;ADP=0.00138558;pyruvate=0.212714;ATP=0.0127144;(K)1=0.2;(Mg)1(Cl)2=0.02;potassium HEPES=0.1;(K)1(Cl)1=0.05  ,2.7.1.40, , , , , 
2722,,1948.0,formate dehydrogenase,kegg:C00058 + kegg:C00003 + kegg:C00001 = kegg:C00288 + kegg:C00004, ,formate(aq) + NAD(aq) + H2O(l) = carbon dioxide(aq) + NADH(aq),Rekharsky M.V.; Egorov A.M.; Gal'chenko G.L.; Berezin I.V.; Dokl. Akad. Nauk. SSSR; 249 1156 (1979).,79REK/EGO_238, , ,298.15,6.02, , ,calorimetry,sodium phosphate (0.050 mol dm-3), ,1.2.1.2, , , , ,-15.19
2723,,1947.0,formate dehydrogenase,kegg:C00058 + kegg:C00003 + kegg:C00001 = kegg:C00288 + kegg:C00004, ,formate(aq) + NAD(aq) + H2O(l) = carbon dioxide(aq) + NADH(aq),Rekharsky M.V.; Egorov A.M.; Gal'chenko G.L.; Berezin I.V.; Dokl. Akad. Nauk. SSSR; 249 1156 (1979).,79REK/EGO_238, , ,298.15,6.44, , ,calorimetry,sodium phosphate (0.050 mol dm-3), ,1.2.1.2, , , , ,-14.85
2724,,1945.0,formate dehydrogenase,kegg:C00058 + kegg:C00003 + kegg:C00001 = kegg:C00288 + kegg:C00004, ,formate(aq) + NAD(aq) + H2O(l) = carbon dioxide(aq) + NADH(aq),Rekharsky M.V.; Egorov A.M.; Gal'chenko G.L.; Berezin I.V.; Dokl. Akad. Nauk. SSSR; 249 1156 (1979).,79REK/EGO_238, , ,298.15,7.48, , ,calorimetry,sodium phosphate (0.050 mol dm-3), ,1.2.1.2, , , , ,-14.02
2725,,1946.0,formate dehydrogenase,kegg:C00058 + kegg:C00003 + kegg:C00001 = kegg:C00288 + kegg:C00004, ,formate(aq) + NAD(aq) + H2O(l) = carbon dioxide(aq) + NADH(aq),Rekharsky M.V.; Egorov A.M.; Gal'chenko G.L.; Berezin I.V.; Dokl. Akad. Nauk. SSSR; 249 1156 (1979).,79REK/EGO_238, , ,298.15,8.01, , ,calorimetry,sodium phosphate (0.050 mol dm-3), ,1.2.1.2, , , , ,-14.18
2726,,4115.0,hydrogen dehydrogenase,kegg:C00282 + kegg:C00003 = kegg:C00004, ,H2(aq) + NAD(aq) = NADH(aq),Rekharsky M.V.; Egorov A.M.; Gal'chenko G.L.; Berezin I.V.; Dokl. Akad. Nauk. SSSR; 249 1156 (1979).,79REK/EGO_334, , ,298.15,7.2, , ,calorimetry,potassium phosphate (0.050 mol dm-3), ,1.12.1.2, , , , ,-27.4
2727,,1931.0,L-lactate dehydrogenase,kegg:C00186 + kegg:C00003 = kegg:C00022 + kegg:C00004, ,(S)-lactate(aq) + NAD(aq) = pyruvate(aq) + NADH(aq),Schmid F.X.; Hinz H.J.; Hoppe-Seyler's Z. Physiol. Chem.; 360 1501 (1979).,79SCH/HIN_108,500017.0, ,283.15,7.0, , ,calorimetry,phosphate (0.2 mol dm-3), ,1.1.1.27, , , , ,56.56
2728,,1929.0,L-lactate dehydrogenase,kegg:C00186 + kegg:C00003 = kegg:C00022 + kegg:C00004, ,(S)-lactate(aq) + NAD(aq) = pyruvate(aq) + NADH(aq),Schmid F.X.; Hinz H.J.; Hoppe-Seyler's Z. Physiol. Chem.; 360 1501 (1979).,79SCH/HIN_108,500017.0, ,298.15,7.0, , ,calorimetry,phosphate (0.2 mol dm-3), ,1.1.1.27, , , , ,54.58
2729,,1930.0,L-lactate dehydrogenase,kegg:C00186 + kegg:C00003 = kegg:C00022 + kegg:C00004, ,(S)-lactate(aq) + NAD(aq) = pyruvate(aq) + NADH(aq),Schmid F.X.; Hinz H.J.; Hoppe-Seyler's Z. Physiol. Chem.; 360 1501 (1979).,79SCH/HIN_108,500017.0, ,308.15,7.0, , ,calorimetry,phosphate (0.2 mol dm-3), ,1.1.1.27, , , , ,56.27
2730,2924.0,2233.0,orotate phosphoribosyltransferase,kegg:C01103 + kegg:C00013 = kegg:C00295 + kegg:C00119,CHB_15842 + CHB_18361 = CHB_17111 + CHB_30839,orotidine 5'-phosphate(aq) + pyrophosphate(aq) = orotate(aq) + 5-phospho-Î±-D-ribose 1-diphosphate(aq),Victor J.; Greenberg L.B.; Sloan D.L.; J. Biol. Chem.; 254 2647 (1979).,79VIC/GRE_482,218950.0, ,298.15,8.0,2, ,spectrophotometry,Tris (0.050 mol dm-3) + HCl,mol/L;Tris-HCl=0.05;(Mg)1(Cl)2=0.001;orotidine 5'-phosphate=0.0000642783;pyrophosphate=0.0000642783;orotate=0.000235722;5-phospho--D-ribose 1-diphosphate=0.0000357217  ,2.4.2.10, , , , , 
2731,, ,"glucan 1,4-a-glucosidase", , ,isomaltose(aq) + H2O(l) = 2 D-glucose(aq),van Beynum G.M.A.; Roels J.A.; van Tilburg R.; Biotechnol. Bioeng.; 22 643 (1980).,80BEY/ROE_886, , ,328, ,34, ,HPLC, , ,3.2.1.3, , , , , 
2732,, ,"glucan 1,4-a-glucosidase", , ,maltose(aq) + H2O(l) = 2 D-glucose(aq),van Beynum G.M.A.; Roels J.A.; van Tilburg R.; Biotechnol. Bioeng.; 22 643 (1980).,80BEY/ROE_894, , ,328, ,197, ,HPLC, , ,3.2.1.3, , , , , 
2733,2928.0,4119.0,purine-nucleoside phosphorylase,kegg:C00212 + kegg:C00009 = kegg:C00147 + kegg:C00620,CHB_16335 + CHB_26078 = CHB_16708 + CHB_35425,adenosine(aq) + orthophosphate(aq) = adenine(aq) + Î±-D-ribose 1-phosphate(aq),Camici M.; Sgarrella F.; Ipata P.L.; Mura U.; Arch. Biochem. Biophys.; 205 191 (1980).,80CAM/SGA_455, , ,298.15,7.0,0.00541, ,spectrophotometry,Tris (0.107 mol dm-3) + HCl,mol/L;Tris-HCl=0.107;orthophosphate=0.007214286  ,2.4.2.1, , , , , 
2734,2927.0,497.0,adenosine nucleosidase,kegg:C00212 + kegg:C00001 = kegg:C00147 + kegg:C00121,CHB_15377 + CHB_16335 = CHB_16708 + CHB_45506,adenosine(aq) + H2O(l) = adenine(aq) + D-ribose(aq),Camici M.; Sgarrella F.; Ipata P.L.; Mura U.; Arch. Biochem. Biophys.; 205 191 (1980).,80CAM/SGA_950,6778396.0,10.1016/0003-9861(80)90098-3,298.15,7.0,53, ,spectrophotometry,Tris + HCl (0.107 mol dm-3),mol/L;Tris-HCl=0.107  ,3.2.2.7, , , , , 
2735,,425.0,pyruvate kinase,kegg:C00002 + kegg:C00022 = kegg:C00008 + kegg:C00074, ,ATP(aq) + pyruvate(aq) = ADP(aq) + phosphoenolpyruvate(aq),Cheer R.L.; Hedwig G.R.; Watson I.D.; Biophys. Chem.; 12 73 (1980).,80CHE/HED_567,7437498.0,10.1016/0301-4622(80)80041-x,298.15,8.0, , ,flow microcalorimetry,(Tris + HCl) (triethanolamine + HCl) and (Hepes + KOH), ,2.7.1.40, , , , ,-38.28.8
2736,,422.0,pyruvate kinase,kegg:C00002 + kegg:C00022 = kegg:C00008 + kegg:C00074, ,ATP(aq) + pyruvate(aq) = ADP(aq) + phosphoenolpyruvate(aq),Cheer R.L.; Hedwig G.R.; Watson I.D.; Biophys. Chem.; 12 73 (1980).,80CHE/HED_567,7437498.0,10.1016/0301-4622(80)80041-x,298.15,8.02, , ,flow microcalorimetry,(Tris + HCl) (triethanolamine + HCl) and (Hepes + KOH), ,2.7.1.40, , , , ,-14.56.2
2737,,424.0,pyruvate kinase,kegg:C00002 + kegg:C00022 = kegg:C00008 + kegg:C00074, ,ATP(aq) + pyruvate(aq) = ADP(aq) + phosphoenolpyruvate(aq),Cheer R.L.; Hedwig G.R.; Watson I.D.; Biophys. Chem.; 12 73 (1980).,80CHE/HED_567,7437498.0,10.1016/0301-4622(80)80041-x,298.15,8.06, , ,flow microcalorimetry,(Tris + HCl) (triethanolamine + HCl) and (Hepes + KOH), ,2.7.1.40, , , , ,-26.47.4
2738,,423.0,pyruvate kinase,kegg:C00002 + kegg:C00022 = kegg:C00008 + kegg:C00074, ,ATP(aq) + pyruvate(aq) = ADP(aq) + phosphoenolpyruvate(aq),Cheer R.L.; Hedwig G.R.; Watson I.D.; Biophys. Chem.; 12 73 (1980).,80CHE/HED_567,7437498.0,10.1016/0301-4622(80)80041-x,298.15,8.54, , ,flow microcalorimetry,(Tris + HCl) (triethanolamine + HCl) and (Hepes + KOH), ,2.7.1.40, , , , ,-38.68.8
2739,2931.0,3990.0,L-lactate dehydrogenase,kegg:C00186 + kegg:C00003 = kegg:C00022 + kegg:C00004,CHB_15846 + CHB_16651 = CHB_15361 + CHB_16908,(S)-lactate(aq) + NAD(aq) = pyruvate(aq) + NADH(aq),Cook P.F.; Blanchard J.S.; Cleland W.W.; Biochemistry; 19 4853 (1980).,80COO/BLA_109, , ,298.15,8.0,0.00045, ,spectrophotometry,Tris (0.1 mol dm-3) + HCl,mol/L;Tris-HCl=0.1  ,1.1.1.27, , , , , 
2740,2934.0,486.0,fumarate hydratase,kegg:C00122 + kegg:C00001 = kegg:C00149,CHB_15377 + CHB_29806 = CHB_15589,fumarate(aq) + H2O(l) = (S)-malate(aq),Cook P.F.; Blanchard J.S.; Cleland W.W.; Biochemistry; 19 4853 (1980).,80COO/BLA_1152, , ,298.15,8.0,4.25, ,spectrophotometry,Tris (0.1 mol dm-3) + HCl,mol/L;Tris-HCl=0.1  ,4.2.1.2, , , , , 
2741,2933.0,758.0,malate dehydrogenase,kegg:C00149 + kegg:C00003 = kegg:C00036 + kegg:C00004,CHB_15589 + CHB_15846 = CHB_16452 + CHB_16908,(S)-malate(aq) + NAD(aq) = oxaloacetate(aq) + NADH(aq),Cook P.F.; Blanchard J.S.; Cleland W.W.; Biochemistry; 19 4853 (1980).,80COO/BLA_140, , ,298.15,9.0,0.00071, ,spectrophotometry,3-[tris(hydroxylmethyl)methyl]aminopropanesulfonic acid (0.1 mol dm-3),mol/L;potassium Taps=0.1;NAD=0.0031;(S)-malate=0.0018;oxaloacetate=0;NADH=0  ,1.1.1.37, , , , , 
2742,2941.0,1087.0,isocitrate dehydrogenase (NADP+),kegg:C00311 + kegg:C00006 + kegg:C00001 = kegg:C00026 + kegg:C00005 + kegg:C00288,CHB_16087 + CHB_18009 = CHB_16474 + CHB_16526 + CHB_16810,isocitrate(aq) + NADP(aq) + H2O(l) = 2-oxoglutarate(aq) + NADPH(aq) + carbon dioxide(aq),Cook P.F.; Blanchard J.S.; Cleland W.W.; Biochemistry; 19 4853 (1980).,80COO/BLA_156, , ,298.15,8.0,1, ,spectrophotometry,potassium phosphate (0.1 mol dm-3),mol/L;potassium phosphate=0.1;NADP=0.0002;isocitrate=0.000032;2-oxoglutarate=0.006;carbon dioxide=0.1;NADPH=0;(Mg)1(SO4)1=0.002  ,1.1.1.42, , , , , 
2743,2935.0,2893.0,alcohol dehydrogenase,kegg:C00469 + kegg:C00003 = kegg:C00084 + kegg:C00004,CHB_15846 + CHB_16236 = CHB_15343 + CHB_16908,ethanol(aq) + NAD(aq) = acetaldehyde(aq) + NADH(aq),Cook P.F.; Blanchard J.S.; Cleland W.W.; Biochemistry; 19 4853 (1980).,80COO/BLA_17, , ,298.15,9.0,0.0029, ,spectrophotometry,2-(N-cyclohexylamino)ethanesulfonic acid (0.1 mol dm-3),mol/L;Ches=0.1  ,1.1.1.1, , , , , 
2744,2936.0,2366.0,alcohol dehydrogenase,kegg:C00556 + kegg:C00003 = kegg:C00261 + kegg:C00004,CHB_15846 + CHB_17987 = CHB_16908 + CHB_17169,benzyl alcohol(aq) + NAD(aq) = benzaldehyde(aq) + NADH(aq),Cook P.F.; Blanchard J.S.; Cleland W.W.; Biochemistry; 19 4853 (1980).,80COO/BLA_2, , ,298.15,7.5,0.00098, ,spectrophotometry, ,   ,1.1.1.1, , , , , 
2745,2937.0,2363.0,alcohol dehydrogenase,kegg:C00556 + kegg:C00003 = kegg:C00261 + kegg:C00004,CHB_15846 + CHB_17987 = CHB_16908 + CHB_17169,benzyl alcohol(aq) + NAD(aq) = benzaldehyde(aq) + NADH(aq),Cook P.F.; Blanchard J.S.; Cleland W.W.; Biochemistry; 19 4853 (1980).,80COO/BLA_2, , ,298.15,8.0,0.0031, ,spectrophotometry, ,mol/L;Tris-HCl=0.1  ,1.1.1.1, , , , , 
2746,2938.0,2364.0,alcohol dehydrogenase,kegg:C00556 + kegg:C00003 = kegg:C00261 + kegg:C00004,CHB_15846 + CHB_17987 = CHB_16908 + CHB_17169,benzyl alcohol(aq) + NAD(aq) = benzaldehyde(aq) + NADH(aq),Cook P.F.; Blanchard J.S.; Cleland W.W.; Biochemistry; 19 4853 (1980).,80COO/BLA_2, , ,298.15,8.5,0.0098, ,spectrophotometry, ,   ,1.1.1.1, , , , , 
2747,2939.0,2367.0,alcohol dehydrogenase,kegg:C00556 + kegg:C00003 = kegg:C00261 + kegg:C00004,CHB_15846 + CHB_17987 = CHB_16908 + CHB_17169,benzyl alcohol(aq) + NAD(aq) = benzaldehyde(aq) + NADH(aq),Cook P.F.; Blanchard J.S.; Cleland W.W.; Biochemistry; 19 4853 (1980).,80COO/BLA_2, , ,298.15,9.0,0.031, ,spectrophotometry, ,   ,1.1.1.1, , , , , 
2748,2940.0,2365.0,alcohol dehydrogenase,kegg:C00556 + kegg:C00003 = kegg:C00261 + kegg:C00004,CHB_15846 + CHB_17987 = CHB_16908 + CHB_17169,benzyl alcohol(aq) + NAD(aq) = benzaldehyde(aq) + NADH(aq),Cook P.F.; Blanchard J.S.; Cleland W.W.; Biochemistry; 19 4853 (1980).,80COO/BLA_2, , ,298.15,9.5,0.098, ,spectrophotometry, ,   ,1.1.1.1, , , , , 
2749,2932.0,54.0,glutamate dehydrogenase (NAD(P)+),kegg:C00025 + kegg:C00006 + kegg:C00001 = kegg:C00026 + kegg:C00005 + kegg:C00014,CHB_15377 + CHB_15846 + CHB_29985 = CHB_16134 + CHB_16810 + CHB_16908,L-glutamate(aq) + NADP(aq) + H2O(l) = 2-oxoglutarate(aq) + NADPH(aq) + ammonia(aq),Cook P.F.; Blanchard J.S.; Cleland W.W.; Biochemistry; 19 4853 (1980).,80COO/BLA_286, , ,298.15,8.5,1.40E-05, ,spectrophotometry,3-[tris(hydroxylmethyl)methyl]aminopropanesulfonic acid (0.1 mol dm-3),mol/L;potassium Taps=0.1;NAD=0.001;L-glutamate=0.0013;2-oxoglutarate=0;NADH=0;ammonia=0  ,1.4.1.3, , , , , 
2750,2930.0,1964.0,alcohol dehydrogenase,kegg:C01845 + kegg:C00003 = kegg:C00207 + kegg:C00004,CHB_15846 + CHB_17824 = CHB_15347 + CHB_16908,2-propanol(aq) + NAD(aq) = acetone(aq) + NADH(aq),Cook P.F.; Blanchard J.S.; Cleland W.W.; Biochemistry; 19 4853 (1980).,80COO/BLA_32, , ,298.15,8.0,0.53, ,spectrophotometry,Tris (0.1 mol dm-3) + HCl,mol/L;Tris-HCl=0.1  ,1.1.1.1, , , , , 
2751,2929.0,2362.0,alcohol dehydrogenase,kegg:C00854 + kegg:C00003 = kegg:C00414 + kegg:C00004,CHB_15846 + CHB_18099 = CHB_16908 + CHB_17854,cyclohexanol(aq) + NAD(aq) = cyclohexanone(aq) + NADH(aq),Cook P.F.; Blanchard J.S.; Cleland W.W.; Biochemistry; 19 4853 (1980).,80COO/BLA_6,7000186.0,10.1021/bi00562a023,298.15,8.0,0.2, ,spectrophotometry,Tris (0.1 mol dm-3) + HCl,mol/L;Tris-HCl=0.1  ,1.1.1.1, , , , , 
2752,, ,protein kinase, , ,ATP(aq) + pyruvate kinase(aq) = ADP(aq) + phosphoenolpyruvate kinase(aq),El-Maghrabi M.R.; Haston W.S.; Flockhart D.A.; Claus T.H.; Pilkis S.J.; J. Biol. Chem.; 255 668 (1980).,80ELM/HAS_562,6243283.0, ,303.15,6.7,22, ,radioactivity and spectrophotometry,Tris(hydroxymethyl)methyl-2-aminoethanesulfonic acid (0.025 mol dm-3), ,2.7.1.37, , , , , 
2753,2942.0,4419.0,UDPglucose 4-epimerase,kegg:C00029 = kegg:C00052,CHB_18066 = CHB_18307,UDPglucose(aq) = UDPgalactose(aq),Fukasawa T.; Obonai K.; Segawa T.; Nogi Y.; J. Biol. Chem.; 255 2705 (1980).,80FUK/OBO_1256,6987227.0, ,298.15,8.7,0.29, ,spectrophotometry,glycine (0.1 mol dm-3) + NaOH,mol/L;glycine-NaOH=0.1  ,5.1.3.2, , , , , 
2754,2943, ,phosphoglycerate kinase, ,CHB_17794 + PBC_123766 = CHB_16001 + PBC_6912713,ATP-Î²-S(aq) + 3-phospho-D-glycerate(aq) = ADP-Î²-S(aq) + 3-phospho-D-glyceroyl phosphate(aq),Jaffe E.K.; Cohn M.; J. Biol. Chem.; 255 3240 (1980).,80JAF/COH_582,6988421.0, ,280.15,7.6,0.0023, ,NMR,triethylamine bicarbonate (0.20 mol dm-3),mol/L;triethylamine bicarbonate=0.03;(K)1(Cl)1=0.05;(Mg)1(Cl)2=0.0022;EDTA=0.0002;ADP-b--S=0.0002;3-phospho-D-glyceroyl phosphate=0.0002;ATP-b--S=0.0018;3-phospho-D-glycerate=0.0098 _ nan _ ,2.7.2.3, , ,, , 
2755,2944.0,2299.0,creatine kinase,kegg:C00002 + kegg:C00300 = kegg:C00008 + kegg:C02305,CHB_15422 + CHB_16919 = CHB_16761 + CHB_17287,ATP(aq) + creatine(aq) = ADP(aq) + phosphocreatine(aq),Lerman C.L.; Cohn M.; J. Biol. Chem.; 255 8756 (1980).,80LER/COH_599, , ,303.15,8.0,0.053, ,NMR,Hepes (0.2 mol dm-3),mol/L;HEPES=0.2;magnesium acetate=0.038;EDTA=0.005;ADP=0.00561406;phosphocreatine=0.00561406;ATP=0.0243859;creatine=0.0243859  ,2.7.3.2, , , , , 
2756,2946.0, ,creatine kinase, ,CHB_16919 + PBC_123766 = CHB_17287 + PBC_6912713,ATP-Î²-S(aq) + creatine(aq) = ADP-Î²-S(aq) + phosphocreatine(aq),Lerman C.L.; Cohn M.; J. Biol. Chem.; 255 8756 (1980).,80LER/COH_606, , ,303.15,8.0,3.1, ,NMR,Hepes (0.2 mol dm-3),mol/L;HEPES=0.2;magnesium acetate=0.038;EDTA=0.005;ADP-b--S=0.0191331;phosphocreatine=0.0191331;ATP-b--S=0.0108669;creatine=0.0108669  ,2.7.3.2, , , , , 
2757,2945.0,3803.0,arginine kinase,kegg:C00002 + kegg:C00062 = kegg:C00008 + kegg:C05945,CHB_15422 + CHB_16467 = CHB_16761 + CHB_18412,ATP(aq) + L-arginine(aq) = ADP(aq) + NÏ‰-phospho-L-arginine(aq),Lerman C.L.; Cohn M.; J. Biol. Chem.; 255 8756 (1980).,80LER/COH_619, , ,303.15,8.0,0.17, ,NMR,Hepes (0.2 mol dm-3),mol/L;HEPES=0.2;magnesium acetate=0.038;EDTA=0.005;ADP=0.00875821;N-w-phospho-L-arginine=0.00875821;ATP=0.0212418;L-arginine=0.0212418  ,2.7.3.3, , , , , 
2758,2947.0, ,arginine kinase, ,CHB_16467 + PBC_123766 = CHB_18412 + PBC_6912713,ATP-Î²-S(aq) + L-arginine(aq) = ADP-Î²-S(aq) + NÏ‰-phospho-L-arginine(aq),Lerman C.L.; Cohn M.; J. Biol. Chem.; 255 8756 (1980).,80LER/COH_623,6997302.0, ,303.15,8.0,11, ,NMR,Hepes (0.2 mol dm-3),mol/L;HEPES=0.2;magnesium acetate=0.038;EDTA=0.005;ADP-b--S=0.0230501;N-w-phospho-L-arginine=0.0230501;ATP-b--S=0.00694987;L-arginine=0.00694987  ,2.7.3.3, , , , , 
2759,2950,292.0,malate dehydrogenase and aspartate aminotransferase,kegg:C00025 + kegg:C00149 + kegg:C00003 = kegg:C00049 + kegg:C00026 + kegg:C00004,CHB_15589 + CHB_15846 + CHB_29985 = CHB_16810 + CHB_16908 + CHB_29991,L-glutamate(aq) + (S)-malate(aq) + NAD(aq) = L-aspartate(aq) + 2-oxoglutarate(aq) + NADH(aq),Petrucci D.; Amicarelli F.; Paponetti B.; Ragnelli A.M.; Comp. Biochem. Physiol. B; 66 1 (1980).,80PET/AMI_144, , ,298.15,7.4,4.10E-05, ,spectrophotometry,Tris (0.090 mol dm-3) + HCl,mol/L;Tris-HCl=0.09 _ nan _ ,1.1.1.37 & 1.1.1.37 & 2.6.1.1 & 2.6.1.1, , ,, , 
2760,,3654.0,malate dehydrogenase and aspartate transaminase,kegg:C00025 + kegg:C00149 + kegg:C00003 = kegg:C00049 + kegg:C00026 + kegg:C00004, ,L-glutamate(aq) + (S)-malate(aq) + NAD(aq) = L-aspartate(aq) + 2-oxoglutarate(aq) + NADH(aq),Petrucci D.; Amicarelli F.; Paponetti B.; Ragnelli A.M.; Comp. Biochem. Physiol. B; 66 1 (1980).,80PET/AMI_503, , ,298.15,7.4,4.10E-05, ,spectrophotometry,Tris (0.090 mol dm-3) + HCl, ,1.1.1.37 & 2.6.1.1, , , , , 
2761,,4320.0,formate dehydrogenase,kegg:C00058 + kegg:C00003 + kegg:C00001 = kegg:C00288 + kegg:C00004, ,formate(aq) + NAD(aq) + H2O(l) = carbon dioxide(aq) + NADH(aq),Rekharsky M.V.; Egorov A.M.; Gal'chenko G.L.; Berezin I.V.; Zh. Obsch. Khim. 50 2364 (1980); J. Gen. Chem. USSR Engl. Transl.; 50 1917 (1980).,80REK/EGO_239, , ,298.15,6.02, , ,calorimetry,sodium phosphate (0.050 mol dm-3), ,1.2.1.2, , , , ,-15.19
2762,,4323.0,formate dehydrogenase,kegg:C00058 + kegg:C00003 + kegg:C00001 = kegg:C00288 + kegg:C00004, ,formate(aq) + NAD(aq) + H2O(l) = carbon dioxide(aq) + NADH(aq),Rekharsky M.V.; Egorov A.M.; Gal'chenko G.L.; Berezin I.V.; Zh. Obsch. Khim. 50 2364 (1980); J. Gen. Chem. USSR Engl. Transl.; 50 1917 (1980).,80REK/EGO_239, , ,298.15,6.44, , ,calorimetry,sodium phosphate (0.050 mol dm-3), ,1.2.1.2, , , , ,-14.85
2763,,4321.0,formate dehydrogenase,kegg:C00058 + kegg:C00003 + kegg:C00001 = kegg:C00288 + kegg:C00004, ,formate(aq) + NAD(aq) + H2O(l) = carbon dioxide(aq) + NADH(aq),Rekharsky M.V.; Egorov A.M.; Gal'chenko G.L.; Berezin I.V.; Zh. Obsch. Khim. 50 2364 (1980); J. Gen. Chem. USSR Engl. Transl.; 50 1917 (1980).,80REK/EGO_239, , ,298.15,7.48, , ,calorimetry,sodium phosphate (0.050 mol dm-3), ,1.2.1.2, , , , ,-14.02
2764,,4322.0,formate dehydrogenase,kegg:C00058 + kegg:C00003 + kegg:C00001 = kegg:C00288 + kegg:C00004, ,formate(aq) + NAD(aq) + H2O(l) = carbon dioxide(aq) + NADH(aq),Rekharsky M.V.; Egorov A.M.; Gal'chenko G.L.; Berezin I.V.; Zh. Obsch. Khim. 50 2364 (1980); J. Gen. Chem. USSR Engl. Transl.; 50 1917 (1980).,80REK/EGO_239, , ,298.15,8.01, , ,calorimetry,sodium phosphate (0.050 mol dm-3), ,1.2.1.2, , , , ,-14.18
2765,,3349.0,hydrogen dehydrogenase,kegg:C00282 + kegg:C00003 = kegg:C00004, ,H2(aq) + NAD(aq) = NADH(aq),Rekharsky M.V.; Egorov A.M.; Gal'chenko G.L.; Berezin I.V.; Zh. Obsch. Khim. 50 2364 (1980); J. Gen. Chem. USSR Engl. Transl.; 50 1917 (1980).,80REK/EGO_335, , ,298.15,7.2, , ,calorimetry,potassium phosphate (0.050 mol dm-3), ,1.12.1.2, , , , ,-27.4
2766,, ,chymotrypsin, , ,3-(2-furyl)acryloylimidazole(aq) + H2O(l) = furylacrylic acid(aq) + imidazole(aq),Slightom J.L.; Bolen D.W.; J. Am. Chem. Soc.; 102 6318 (1980).,80SLI/BOL_975, , ,298.15,7.85, , ,calorimetry, , ,3.4.21.1, , , , ,-47.2
2767,2951.0,3000.0,aminoacylase,kegg:C02712 + kegg:C00001 = kegg:C00033 + kegg:C00073,CHB_15377 + CHB_21557 = CHB_16643 + CHB_30089,N-acetyl-L-methionine(aq) + H2O(l) = acetate(aq) + L-methionine(aq),Svedas V.K.; Galaev I.Yu.; Berezin I.V.; Biokhimiya; 45 1833 (1980).,80SVE/GAL_1023, , ,298.15,7.5,3.6, , ,none,   ,3.5.1.14, , , , , 
2768,2953.0, ,penicillin amidase, ,CHB_15377 + CHB_28971 = CHB_16705 + CHB_44962,ampicillin(aq) + H2O(l) = 6-aminopenicillanic acid(aq) + D(-)-Î±-aminophenylacetic acid(aq),Svedas V.K.; Margolin A.L.; Berezin I.V.; Enzyme Microb. Technol.; 2 138 (1980).,80SVE/MAR_1005, , ,298.15,4.5,0.006, ,spectrophotometry,citrate,mol/L;(K)1(Cl)1=0.1;ampicillin=0.01;6-aminopenicillanic acid=0;D(-)--aminophenylacetic acid=0  ,3.5.1.11, , , , , 
2769,2954.0, ,penicillin amidase, ,CHB_15377 + CHB_28971 = CHB_16705 + CHB_44962,ampicillin(aq) + H2O(l) = 6-aminopenicillanic acid(aq) + D(-)-Î±-aminophenylacetic acid(aq),Svedas V.K.; Margolin A.L.; Berezin I.V.; Enzyme Microb. Technol.; 2 138 (1980).,80SVE/MAR_1005, , ,298.15,5.0,0.013, ,spectrophotometry,citrate,mol/L;(K)1(Cl)1=0.1;ampicillin=0.01;6-aminopenicillanic acid=0;D(-)--aminophenylacetic acid=0  ,3.5.1.11, , , , , 
2770,2955.0, ,penicillin amidase, ,CHB_15377 + CHB_3534 = CHB_44962 + CHB_64984,cephalexin(aq) + H2O(l) = 7-aminodeacetoxycephalosporanic acid(aq) + D(-)-Î±-aminophenylacetic acid(aq),Svedas V.K.; Margolin A.L.; Berezin I.V.; Enzyme Microb. Technol.; 2 138 (1980).,80SVE/MAR_1006, , ,298.15,5.8,0.044, ,spectrophotometry,citrate,mol/L;(K)1(Cl)1=0.1;cephalexin=0.0173;7-aminodeacetoxycephalosporanic acid=0;D(-)--aminophenylacetic acid=0  ,3.5.1.11, , , , , 
2771,2956.0, ,penicillin amidase, ,CHB_15377 + CHB_3537 = CHB_45807 + MAN_10122,cephaloridine(aq) + H2O(l) = 2-thienylacetic acid(aq) + 7-amino-3-(1-pyridyl-methyl)-3-cephem-4-carboxylic acid(aq),Svedas V.K.; Margolin A.L.; Berezin I.V.; Enzyme Microb. Technol.; 2 138 (1980).,80SVE/MAR_1007, , ,298.15,5.0,0.015, ,spectrophotometry,citrate,mol/L;(K)1(Cl)1=0.1;cephaloridine=0.013;2-thienylacetic acid=0;7-amino-3-(1-pyridyl-methyl)-3-cephem-4-carboxylic acid=0  ,3.5.1.11, , , , , 
2772,2957.0,1868.0,penicillin amidase,kegg:C07761 + kegg:C00001 = kegg:C02595 + kegg:C07756,CHB_124991 + CHB_15377 = CHB_2255 + CHB_45807,cephalothin(aq) + H2O(l) = 2-thienylacetic acid(aq) + 7-aminocephalosporanic acid(aq),Svedas V.K.; Margolin A.L.; Berezin I.V.; Enzyme Microb. Technol.; 2 138 (1980).,80SVE/MAR_1008, , ,298.15,5.0,0.007, ,spectrophotometry,citrate,mol/L;(K)1(Cl)1=0.1;cephalothin=0.01;2-thienylacetic acid=0;7-aminocephalosporanic acid=0  ,3.5.1.11, , , , , 
2773,2958.0,2231.0,penicillin amidase,kegg:C05551 + kegg:C00001 = kegg:C02954 + kegg:C07086,CHB_15377 + CHB_18208 = CHB_16705 + CHB_30745,penicillin G(aq) + H2O(l) = 6-aminopenicillanic acid(aq) + phenylacetic acid(aq),Svedas V.K.; Margolin A.L.; Berezin I.V.; Enzyme Microb. Technol.; 2 138 (1980).,80SVE/MAR_1010, , ,298.15,5.0,0.004, ,spectrophotometry,citrate,mol/L;(K)1(Cl)1=0.1;penicillin G=0.00055;6-aminopenicillanic acid=0;phenylacetic acid=0  ,3.5.1.11, , , , , 
2774,2959.0,2232.0,penicillin amidase,kegg:C05551 + kegg:C00001 = kegg:C02954 + kegg:C07086,CHB_15377 + CHB_18208 = CHB_16705 + CHB_30745,penicillin G(aq) + H2O(l) = 6-aminopenicillanic acid(aq) + phenylacetic acid(aq),Svedas V.K.; Margolin A.L.; Berezin I.V.; Enzyme Microb. Technol.; 2 138 (1980).,80SVE/MAR_1010, , ,298.15,6.0,0.02, ,spectrophotometry,citrate,mol/L;(K)1(Cl)1=0.1;penicillin G=0.05;6-aminopenicillanic acid=0;phenylacetic acid=0  ,3.5.1.11, , , , , 
2775,2960.0, ,penicillin amidase, ,CHB_15377 + CHB_61222 = CHB_30745 + MAN_10074,penicillinoic acid(aq) + H2O(l) = penicic acid(aq) + phenylacetic acid(aq),Svedas V.K.; Margolin A.L.; Berezin I.V.; Enzyme Microb. Technol.; 2 138 (1980).,80SVE/MAR_1014, , ,298.15,7.0,1.8, ,spectrophotometry,citrate,mol/L;(K)1(Cl)1=0.1;penicillinoic acid=0.3;penicic acid=0;phenylacetic acid=0.1  ,3.5.1.11, , , , , 
2776,2952.0, ,penicillin amidase, ,CHB_15377 + MAN_10089 = CHB_30745 + CHB_64984,7-phenylacetamidodeacetoxycephalosporanic acid(aq) + H2O(l) = 7-aminodeacetoxycephalosporanic acid(aq) + phenylacetic acid(aq),Svedas V.K.; Margolin A.L.; Berezin I.V.; Enzyme Microb. Technol.; 2 138 (1980).,80SVE/MAR_1016, , ,298.15,5.0,0.0007, ,spectrophotometry,citrate,mol/L;(K)1(Cl)1=0.1;7-phenylacetamidodeacetoxycephalosporanic acid=0.002;7-aminodeacetoxycephalosporanic acid=0;phenylacetic acid=0  ,3.5.1.11, , , , , 
2777,2961.0,2337.0,penicillin amidase,kegg:C05598 + kegg:C00001 = kegg:C07086 + kegg:C00037,CHB_15377 + CHB_27480 = CHB_15428 + CHB_30745,phenylacetylglycine(aq) + H2O(l) = phenylacetic acid(aq) + glycine(aq),Svedas V.K.; Margolin A.L.; Berezin I.V.; Enzyme Microb. Technol.; 2 138 (1980).,80SVE/MAR_1017, , ,298.15,7.0,1.2, ,spectrophotometry,citrate,mol/L;(K)1(Cl)1=0.1;phenylacetylglycine=0.00185;phenylacetic acid=0.53;glycine=0  ,3.5.1.11, , , , , 
2778,4271.0,1338.0,urease,kegg:C01563 + kegg:C00001 = kegg:C00014 + kegg:C00288,CHB_13941 + CHB_15377 = CHB_16134 + CHB_17544,ammonium carbamate(aq) + H2O(l) = 2 ammonia(aq) + carbon dioxide(aq),Terekhina T.P.; Rabovskaya N.S.; Biokhimiya; 45 299 (1980).,80TER/RAB_994,7388069.0, ,293.15,6.5,1920, ,spectrophotometry, ,0.0 % DMSO _    ,3.5.1.5, , , , , 
2779,4274.0,1339.0,urease,kegg:C01563 + kegg:C00001 = kegg:C00014 + kegg:C00288,CHB_13941 + CHB_15377 = CHB_16134 + CHB_17544,ammonium carbamate(aq) + H2O(l) = 2 ammonia(aq) + carbon dioxide(aq),Terekhina T.P.; Rabovskaya N.S.; Biokhimiya; 45 299 (1980).,80TER/RAB_994,7388069.0, ,293.15,6.5,1500, ,spectrophotometry, ,10.0 % DMSO _    ,3.5.1.5, , , , , 
2780,4273.0,1340.0,urease,kegg:C01563 + kegg:C00001 = kegg:C00014 + kegg:C00288,CHB_13941 + CHB_15377 = CHB_16134 + CHB_17544,ammonium carbamate(aq) + H2O(l) = 2 ammonia(aq) + carbon dioxide(aq),Terekhina T.P.; Rabovskaya N.S.; Biokhimiya; 45 299 (1980).,80TER/RAB_994,7388069.0, ,293.15,6.5,1230, ,spectrophotometry, ,20.0 % DMSO _    ,3.5.1.5, , , , , 
2781,4275.0,1341.0,urease,kegg:C01563 + kegg:C00001 = kegg:C00014 + kegg:C00288,CHB_13941 + CHB_15377 = CHB_16134 + CHB_17544,ammonium carbamate(aq) + H2O(l) = 2 ammonia(aq) + carbon dioxide(aq),Terekhina T.P.; Rabovskaya N.S.; Biokhimiya; 45 299 (1980).,80TER/RAB_994,7388069.0, ,293.15,6.5,1710, ,spectrophotometry, ,5.0 % DMSO _    ,3.5.1.5, , , , , 
2782,4272.0,1342.0,urease,kegg:C01563 + kegg:C00001 = kegg:C00014 + kegg:C00288,CHB_13941 + CHB_15377 = CHB_16134 + CHB_17544,ammonium carbamate(aq) + H2O(l) = 2 ammonia(aq) + carbon dioxide(aq),Terekhina T.P.; Rabovskaya N.S.; Biokhimiya; 45 299 (1980).,80TER/RAB_994,7388069.0, ,310.15,6.5,1030, ,spectrophotometry, ,0.0 % DMSO _    ,3.5.1.5, , , , , 
2783,2962.0,170.0,xylose isomerase,kegg:C00181 = kegg:C00310,CHB_53455 = CHS_388344,D-xylose(aq) = D-xylulose(aq),Gong C.-S.; Chen L.-F.; Flickinger M.C.; Chiang L.-C.; Tsao G.T.; Appl. Environ. Microbiol.; 41 430 (1981).,81GON/CHE_1326,16345717.0, ,313.15,6.0,0.2, ,chemical analysis,sodium phosphate (0.05 mol dm-3),mol/L;sodium phosphate buffer=0.4  ,5.3.1.5, , , , , 
2784,2963.0,2397.0,alanine dehydrogenase,kegg:C00041 + kegg:C00003 + kegg:C00001 = kegg:C00022 + kegg:C00004 + kegg:C00014,CHB_15377 + CHB_15846 + CHB_16977 = CHB_15361 + CHB_16134 + CHB_16908,L-alanine(aq) + NAD(aq) + H2O(l) = pyruvate(aq) + NADH(aq) + ammonia(aq),Grimshaw C.E.; Cleland W.W.; Biochemistry; 20 5650 (1981).,81GRI/CLE_272,6794611.0,10.1021/bi00523a002,298.15,7.9,4.30E-06, ,spectrophotometry,N-tris(hydroxymethyl)methyl-2-amino-ethanesulfonic acid (0.050 mol dm-3),mol/L;IS=0.175;TES buffer=0.05  ,1.4.1.1, , , , , 
2785,,2342.0,myosin ATPase,kegg:C00044 + kegg:C00001 = kegg:C00035 + kegg:C00009, ,GTP(aq) + H2O(l) = GDP(aq) + orthophosphate(aq),Hinz H.J.; Pollwein P.; Schmidt R.; Zimmerman F.; Arch. Biochem. Biophys.; 212 72 (1981).,81HIN/POL_1076, , ,298.15,8.0, , ,calorimetry,Tris (0.1 mol dm-3), ,3.6.1.32, ,0.6 KCl, , ,-70.6
2786,,2343.0,myosin ATPase,kegg:C00044 + kegg:C00001 = kegg:C00035 + kegg:C00009, ,GTP(aq) + H2O(l) = GDP(aq) + orthophosphate(aq),Hinz H.J.; Pollwein P.; Schmidt R.; Zimmerman F.; Arch. Biochem. Biophys.; 212 72 (1981).,81HIN/POL_1076, , ,298.15,9.0, , ,calorimetry,Tris (0.1 mol dm-3), ,3.6.1.32, ,0.6 KCl, , ,-71.4
2787,,4263.0,alkaline phosphatase,kegg:C00035 + 2 kegg:C00001 = kegg:C00387 + 2 kegg:C00009, ,GDP(aq) + 2 H2O(l) = guanosine(aq) + 2 orthophosphate(aq),Hinz H.J.; Pollwein P.; Schmidt R.; Zimmerman F.; Arch. Biochem. Biophys.; 212 72 (1981).,81HIN/POL_769, , ,298.15,8.0, , ,calorimetry,Tris and Hepes, ,3.1.3.1, ,0.6 KCl, , ,-43.6
2788,,4264.0,alkaline phosphatase,kegg:C00035 + 2 kegg:C00001 = kegg:C00387 + 2 kegg:C00009, ,GDP(aq) + 2 H2O(l) = guanosine(aq) + 2 orthophosphate(aq),Hinz H.J.; Pollwein P.; Schmidt R.; Zimmerman F.; Arch. Biochem. Biophys.; 212 72 (1981).,81HIN/POL_769, , ,298.15,9.0, , ,calorimetry,Tris and Hepes, ,3.1.3.1, ,0.6 KCl, , ,-42.8
2789,,4265.0,alkaline phosphatase,kegg:C00035 + 2 kegg:C00001 = kegg:C00387 + 2 kegg:C00009, ,GDP(aq) + 2 H2O(l) = guanosine(aq) + 2 orthophosphate(aq),Hinz H.J.; Pollwein P.; Schmidt R.; Zimmerman F.; Arch. Biochem. Biophys.; 212 72 (1981).,81HIN/POL_769, , ,298.15,9.0, , ,calorimetry,Tris and Hepes, ,3.1.3.1, ,0.6 KCl, , ,-69.2
2790,,264.0,alkaline phosphatase,kegg:C00144 + kegg:C00001 = kegg:C00387 + kegg:C00009, ,GMP(aq) + H2O(l) = guanosine(aq) + orthophosphate(aq),Hinz H.J.; Pollwein P.; Schmidt R.; Zimmerman F.; Arch. Biochem. Biophys.; 212 72 (1981).,81HIN/POL_781, , ,298.15,9.0, , ,calorimetry,Tris and Hepes, ,3.1.3.1, ,0.6 KCl, , ,2.7
2791,,265.0,alkaline phosphatase,kegg:C00144 + kegg:C00001 = kegg:C00387 + kegg:C00009, ,GMP(aq) + H2O(l) = guanosine(aq) + orthophosphate(aq),Hinz H.J.; Pollwein P.; Schmidt R.; Zimmerman F.; Arch. Biochem. Biophys.; 212 72 (1981).,81HIN/POL_781, , ,298.15,9.0, , ,calorimetry,Tris and Hepes, ,3.1.3.1, ,0.6 KCl, , ,2.6
2792,,260.0,alkaline phosphatase,kegg:C00044 + 3 kegg:C00001 = kegg:C00387 + 3 kegg:C00009, ,GTP(aq) + 3 H2O(l) = guanosine(aq) + 3 orthophosphate(aq),Hinz H.J.; Pollwein P.; Schmidt R.; Zimmerman F.; Arch. Biochem. Biophys.; 212 72 (1981).,81HIN/POL_782,6272654.0,10.1016/0003-9861(81)90344-1,298.15,8.0, , ,calorimetry,Tris and Hepes, ,3.1.3.1, ,0.6 KCl, , ,-90
2793,,261.0,alkaline phosphatase,kegg:C00044 + 3 kegg:C00001 = kegg:C00387 + 3 kegg:C00009, ,GTP(aq) + 3 H2O(l) = guanosine(aq) + 3 orthophosphate(aq),Hinz H.J.; Pollwein P.; Schmidt R.; Zimmerman F.; Arch. Biochem. Biophys.; 212 72 (1981).,81HIN/POL_782,6272654.0,10.1016/0003-9861(81)90344-1,298.15,9.0, , ,calorimetry,Tris and Hepes, ,3.1.3.1, ,0.6 KCl, , ,-88.7
2794,,262.0,alkaline phosphatase,kegg:C00044 + 3 kegg:C00001 = kegg:C00387 + 3 kegg:C00009, ,GTP(aq) + 3 H2O(l) = guanosine(aq) + 3 orthophosphate(aq),Hinz H.J.; Pollwein P.; Schmidt R.; Zimmerman F.; Arch. Biochem. Biophys.; 212 72 (1981).,81HIN/POL_782,6272654.0,10.1016/0003-9861(81)90344-1,298.15,9.0, , ,calorimetry,Tris and Hepes, ,3.1.3.1, ,0.6 KCl, , ,-141.8
2795,,263.0,alkaline phosphatase,kegg:C00044 + 3 kegg:C00001 = kegg:C00387 + 3 kegg:C00009, ,GTP(aq) + 3 H2O(l) = guanosine(aq) + 3 orthophosphate(aq),Hinz H.J.; Pollwein P.; Schmidt R.; Zimmerman F.; Arch. Biochem. Biophys.; 212 72 (1981).,81HIN/POL_782,6272654.0,10.1016/0003-9861(81)90344-1,308.15,9.0, , ,calorimetry,Tris and Hepes, ,3.1.3.1, ,0.6 KCl, , ,-141.6
2796,2964.0,4113.0,sorbitol-6-phosphate dehydrogenase (NADP+),kegg:C01096 + kegg:C00006 = kegg:C00092 + kegg:C00005,CHB_17044 + CHB_18009 = CHB_16474 + CHB_4170,D-sorbitol 6-phosphate(aq) + NADP(aq) = D-glucose 6-phosphate(aq) + NADPH(aq),Hirai M.; Plant Physiol.; 67 221 (1981).,81HIR_225,16661650.0,10.1104/pp.67.2.221,303.15,8.66,0.234, , ,Tris (0.05 mol dm-3) + HCl,mol/L;Tris-HCl=0.05  ,1.1.1.-, , , , , 
2797,2965.0,1412.0,UTP-glucose-1-phosphate uridylyltransferase,kegg:C00075 + kegg:C00103 = kegg:C00013 + kegg:C00029,CHB_15713 + CHB_16077 = CHB_18066 + CHB_18361,UTP(aq) + Î±-D-glucose 1-phosphate(aq) = pyrophosphate(aq) + UDPglucose(aq),Hsiao P.-H.; Su J.-C.; Sung H.-Y.; Proc. Natl. Sci. Counc. Repub. China; 5 31 (1981).,81HSI/SU_694, , ,310.15,7.2,0.33, ,enzymatic assay and spectrophotometry,Tris (0.00020 mol dm-3) + HCl,3.7 = -log[Mg+2] _ mol/L;Tris-HCl=0.0002;(Mg)1(SO4)1=0.0002 _ MgSO4 (0.0002 mol/L) _ ,2.7.7.9, ,0.0002 MgSO4, , , 
2798,2966.0,1415.0,UTP-glucose-1-phosphate uridylyltransferase,kegg:C00075 + kegg:C00103 = kegg:C00013 + kegg:C00029,CHB_15713 + CHB_16077 = CHB_18066 + CHB_18361,UTP(aq) + Î±-D-glucose 1-phosphate(aq) = pyrophosphate(aq) + UDPglucose(aq),Hsiao P.-H.; Su J.-C.; Sung H.-Y.; Proc. Natl. Sci. Counc. Repub. China; 5 31 (1981).,81HSI/SU_694, , ,310.15,7.2,0.32, ,enzymatic assay and spectrophotometry,Tris (0.00020 mol dm-3) + HCl,3.4 = -log[Mg+2] _ mol/L;Tris-HCl=0.0002;(Mg)1(SO4)1=0.0004 _ MgSO4 (0.0004 mol/L) _ ,2.7.7.9, ,0.0004 MgSO4, , , 
2799,2967.0,1417.0,UTP-glucose-1-phosphate uridylyltransferase,kegg:C00075 + kegg:C00103 = kegg:C00013 + kegg:C00029,CHB_15713 + CHB_16077 = CHB_18066 + CHB_18361,UTP(aq) + Î±-D-glucose 1-phosphate(aq) = pyrophosphate(aq) + UDPglucose(aq),Hsiao P.-H.; Su J.-C.; Sung H.-Y.; Proc. Natl. Sci. Counc. Repub. China; 5 31 (1981).,81HSI/SU_694, , ,310.15,7.2,0.32, ,enzymatic assay and spectrophotometry,Tris (0.00020 mol dm-3) + HCl,3.0 = -log[Mg+2] _ mol/L;Tris-HCl=0.0002;(Mg)1(SO4)1=0.0006 _ MgSO4 (0.0006 mol/L) _ ,2.7.7.9, ,0.0006 MgSO4, , , 
2800,2968.0,1413.0,UTP-glucose-1-phosphate uridylyltransferase,kegg:C00075 + kegg:C00103 = kegg:C00013 + kegg:C00029,CHB_15713 + CHB_16077 = CHB_18066 + CHB_18361,UTP(aq) + Î±-D-glucose 1-phosphate(aq) = pyrophosphate(aq) + UDPglucose(aq),Hsiao P.-H.; Su J.-C.; Sung H.-Y.; Proc. Natl. Sci. Counc. Repub. China; 5 31 (1981).,81HSI/SU_694, , ,310.15,7.2,0.3, ,enzymatic assay and spectrophotometry,Tris (0.00020 mol dm-3) + HCl,3.1 = -log[Mg+2] _ mol/L;Tris-HCl=0.0002;(Mg)1(SO4)1=0.0008 _ MgSO4 (0.0008 mol/L) _ ,2.7.7.9, ,0.0008 MgSO4, , , 
2801,2969.0,1418.0,UTP-glucose-1-phosphate uridylyltransferase,kegg:C00075 + kegg:C00103 = kegg:C00013 + kegg:C00029,CHB_15713 + CHB_16077 = CHB_18066 + CHB_18361,UTP(aq) + Î±-D-glucose 1-phosphate(aq) = pyrophosphate(aq) + UDPglucose(aq),Hsiao P.-H.; Su J.-C.; Sung H.-Y.; Proc. Natl. Sci. Counc. Repub. China; 5 31 (1981).,81HSI/SU_694, , ,310.15,7.2,0.32, ,enzymatic assay and spectrophotometry,Tris (0.00020 mol dm-3) + HCl,3.22 = -log[Mg+2] _ mol/L;Tris-HCl=0.0002;(Mg)1(SO4)1=0.001 _ MgSO4 (0.001 mol/L) _ ,2.7.7.9, ,0.001 MgSO4, , , 
2802,2970.0,1414.0,UTP-glucose-1-phosphate uridylyltransferase,kegg:C00075 + kegg:C00103 = kegg:C00013 + kegg:C00029,CHB_15713 + CHB_16077 = CHB_18066 + CHB_18361,UTP(aq) + Î±-D-glucose 1-phosphate(aq) = pyrophosphate(aq) + UDPglucose(aq),Hsiao P.-H.; Su J.-C.; Sung H.-Y.; Proc. Natl. Sci. Counc. Repub. China; 5 31 (1981).,81HSI/SU_694, , ,310.15,7.2,0.36, ,enzymatic assay and spectrophotometry,Tris (0.00020 mol dm-3) + HCl,2.7 = -log[Mg+2] _ mol/L;Tris-HCl=0.0002;(Mg)1(SO4)1=0.002 _ MgSO4 (0.002 mol/L) _ ,2.7.7.9, ,0.002 MgSO4, , , 
2803,2971.0,1416.0,UTP-glucose-1-phosphate uridylyltransferase,kegg:C00075 + kegg:C00103 = kegg:C00013 + kegg:C00029,CHB_15713 + CHB_16077 = CHB_18066 + CHB_18361,UTP(aq) + Î±-D-glucose 1-phosphate(aq) = pyrophosphate(aq) + UDPglucose(aq),Hsiao P.-H.; Su J.-C.; Sung H.-Y.; Proc. Natl. Sci. Counc. Repub. China; 5 31 (1981).,81HSI/SU_694, , ,310.15,7.2,0.44, ,enzymatic assay and spectrophotometry,Tris (0.00020 mol dm-3) + HCl,2.0 = -log[Mg+2] _ mol/L;Tris-HCl=0.0002;(Mg)1(SO4)1=0.004 _ MgSO4 (0.004 mol/L) _ ,2.7.7.9, ,0.004 MgSO4, , , 
2804,2972.0,1419.0,UTP-glucose-1-phosphate uridylyltransferase,kegg:C00075 + kegg:C00103 = kegg:C00013 + kegg:C00029,CHB_15713 + CHB_16077 = CHB_18066 + CHB_18361,UTP(aq) + Î±-D-glucose 1-phosphate(aq) = pyrophosphate(aq) + UDPglucose(aq),Hsiao P.-H.; Su J.-C.; Sung H.-Y.; Proc. Natl. Sci. Counc. Repub. China; 5 31 (1981).,81HSI/SU_694, , ,310.15,7.2,0.44, ,enzymatic assay and spectrophotometry,Tris (0.00020 mol dm-3) + HCl,2.4 = -log[Mg+2] _ mol/L;Tris-HCl=0.0002;(Mg)1(SO4)1=0.01 _ MgSO4 (0.01 mol/L) _ ,2.7.7.9, ,0.01 MgSO4, , , 
2805,2991.0,4441.0,phosphoglycerate dehydrogenase,kegg:C00197 + kegg:C00003 = kegg:C03232 + kegg:C00004,CHB_15846 + CHB_17794 = CHB_16908 + CHB_18110,3-phospho-D-glycerate(aq) + NAD(aq) = 3-phosphohydroxypyruvate(aq) + NADH(aq),Merrill D.K.; McAlexander J.C.; Guynn R.W.; Arch. Biochem. Biophys.; 212 717 (1981).,81MER/MCA_204, , ,298.15,7.3,2.28E-06, ,enzymatic assay and spectrophotometry, ,mol/L; IS=0.25  ,1.1.1.95, ,0.0 MgCl2,0.25, , 
2806,2990.0,4440.0,phosphoglycerate dehydrogenase,kegg:C00197 + kegg:C00003 = kegg:C03232 + kegg:C00004,CHB_15846 + CHB_17794 = CHB_16908 + CHB_18110,3-phospho-D-glycerate(aq) + NAD(aq) = 3-phosphohydroxypyruvate(aq) + NADH(aq),Merrill D.K.; McAlexander J.C.; Guynn R.W.; Arch. Biochem. Biophys.; 212 717 (1981).,81MER/MCA_204, , ,298.15,7.32,2.45E-06, ,enzymatic assay and spectrophotometry, ,mol/L; IS=0.25  ,1.1.1.95, ,0.0 MgCl2,0.25, , 
2807,2974.0,4431.0,phosphoglycerate dehydrogenase,kegg:C00197 + kegg:C00003 = kegg:C03232 + kegg:C00004,CHB_15846 + CHB_17794 = CHB_16908 + CHB_18110,3-phospho-D-glycerate(aq) + NAD(aq) = 3-phosphohydroxypyruvate(aq) + NADH(aq),Merrill D.K.; McAlexander J.C.; Guynn R.W.; Arch. Biochem. Biophys.; 212 717 (1981).,81MER/MCA_204, , ,311.15,6.76,1.53E-06, ,enzymatic assay and spectrophotometry, ,mol/L; IS=0.25  ,1.1.1.95, ,0.0 MgCl2,0.25, , 
2808,2975.0,4432.0,phosphoglycerate dehydrogenase,kegg:C00197 + kegg:C00003 = kegg:C03232 + kegg:C00004,CHB_15846 + CHB_17794 = CHB_16908 + CHB_18110,3-phospho-D-glycerate(aq) + NAD(aq) = 3-phosphohydroxypyruvate(aq) + NADH(aq),Merrill D.K.; McAlexander J.C.; Guynn R.W.; Arch. Biochem. Biophys.; 212 717 (1981).,81MER/MCA_204, , ,311.15,6.77,1.64E-06, ,enzymatic assay and spectrophotometry, ,mol/L; IS=0.25  ,1.1.1.95, ,0.0 MgCl2,0.25, , 
2809,,4448.0,phosphoglycerate dehydrogenase,kegg:C00197 + kegg:C00003 = kegg:C03232 + kegg:C00004, ,3-phospho-D-glycerate(aq) + NAD(aq) = 3-phosphohydroxypyruvate(aq) + NADH(aq),Merrill D.K.; McAlexander J.C.; Guynn R.W.; Arch. Biochem. Biophys.; 212 717 (1981).,81MER/MCA_204, , ,311.15,7.0,2.57E-06, ,enzymatic assay and spectrophotometry, , ,1.1.1.95, ,0.0 MgCl2,0.15, , 
2810,2976.0,4443.0,phosphoglycerate dehydrogenase,kegg:C00197 + kegg:C00003 = kegg:C03232 + kegg:C00004,CHB_15846 + CHB_17794 = CHB_16908 + CHB_18110,3-phospho-D-glycerate(aq) + NAD(aq) = 3-phosphohydroxypyruvate(aq) + NADH(aq),Merrill D.K.; McAlexander J.C.; Guynn R.W.; Arch. Biochem. Biophys.; 212 717 (1981).,81MER/MCA_204, , ,311.15,7.0,3.14E-06, ,enzymatic assay and spectrophotometry, ,mol/L; IS=0.25  ,1.1.1.95, ,0.0 MgCl2,0.25, , 
2811,,4439.0,phosphoglycerate dehydrogenase,kegg:C00197 + kegg:C00003 = kegg:C03232 + kegg:C00004, ,3-phospho-D-glycerate(aq) + NAD(aq) = 3-phosphohydroxypyruvate(aq) + NADH(aq),Merrill D.K.; McAlexander J.C.; Guynn R.W.; Arch. Biochem. Biophys.; 212 717 (1981).,81MER/MCA_204, , ,311.15,7.0,3.77E-06, ,enzymatic assay and spectrophotometry, , ,1.1.1.95, ,0.0 MgCl2,0.75, , 
2812,2977.0,4433.0,phosphoglycerate dehydrogenase,kegg:C00197 + kegg:C00003 = kegg:C03232 + kegg:C00004,CHB_15846 + CHB_17794 = CHB_16908 + CHB_18110,3-phospho-D-glycerate(aq) + NAD(aq) = 3-phosphohydroxypyruvate(aq) + NADH(aq),Merrill D.K.; McAlexander J.C.; Guynn R.W.; Arch. Biochem. Biophys.; 212 717 (1981).,81MER/MCA_204, , ,311.15,7.02,3.10E-06, ,enzymatic assay and spectrophotometry, ,mol/L; IS=0.25  ,1.1.1.95, ,0.0 MgCl2,0.25, , 
2813,2978.0,4446.0,phosphoglycerate dehydrogenase,kegg:C00197 + kegg:C00003 = kegg:C03232 + kegg:C00004,CHB_15846 + CHB_17794 = CHB_16908 + CHB_18110,3-phospho-D-glycerate(aq) + NAD(aq) = 3-phosphohydroxypyruvate(aq) + NADH(aq),Merrill D.K.; McAlexander J.C.; Guynn R.W.; Arch. Biochem. Biophys.; 212 717 (1981).,81MER/MCA_204, , ,311.15,7.03,3.14E-06, ,enzymatic assay and spectrophotometry, ,mol/L; IS=0.25  ,1.1.1.95, ,0.0 MgCl2,0.25, , 
2814,2989.0,4444.0,phosphoglycerate dehydrogenase,kegg:C00197 + kegg:C00003 = kegg:C03232 + kegg:C00004,CHB_15846 + CHB_17794 = CHB_16908 + CHB_18110,3-phospho-D-glycerate(aq) + NAD(aq) = 3-phosphohydroxypyruvate(aq) + NADH(aq),Merrill D.K.; McAlexander J.C.; Guynn R.W.; Arch. Biochem. Biophys.; 212 717 (1981).,81MER/MCA_204, , ,311.15,7.12,2.83E-06, ,enzymatic assay and spectrophotometry, ,2.3 = -log[Mg+2] _ mol/L; IS=0.25;(Mg)1=0.02;NADH=0.0000229;3-phosphohydroxypyruvate=0.0000263;NAD=0.0117;3-phospho-D-glycerate=0.014;Mg2+_free=0.00709  ,1.1.1.95, ,0.005 MgCl2,0.25, , 
2815,,4442.0,phosphoglycerate dehydrogenase,kegg:C00197 + kegg:C00003 = kegg:C03232 + kegg:C00004, ,3-phospho-D-glycerate(aq) + NAD(aq) = 3-phosphohydroxypyruvate(aq) + NADH(aq),Merrill D.K.; McAlexander J.C.; Guynn R.W.; Arch. Biochem. Biophys.; 212 717 (1981).,81MER/MCA_204, , ,311.15,7.12,2.61E-06, ,enzymatic assay and spectrophotometry, ,1.7 = -log[Mg+2],1.1.1.95, ,0.02 MgCl2,0.25, , 
2816,2979.0,4434.0,phosphoglycerate dehydrogenase,kegg:C00197 + kegg:C00003 = kegg:C03232 + kegg:C00004,CHB_15846 + CHB_17794 = CHB_16908 + CHB_18110,3-phospho-D-glycerate(aq) + NAD(aq) = 3-phosphohydroxypyruvate(aq) + NADH(aq),Merrill D.K.; McAlexander J.C.; Guynn R.W.; Arch. Biochem. Biophys.; 212 717 (1981).,81MER/MCA_204, , ,311.15,7.34,1.28E-05, ,enzymatic assay and spectrophotometry, ,mol/L; IS=0.25  ,1.1.1.95, ,0.0 MgCl2,0.25, , 
2817,2980.0,4447.0,phosphoglycerate dehydrogenase,kegg:C00197 + kegg:C00003 = kegg:C03232 + kegg:C00004,CHB_15846 + CHB_17794 = CHB_16908 + CHB_18110,3-phospho-D-glycerate(aq) + NAD(aq) = 3-phosphohydroxypyruvate(aq) + NADH(aq),Merrill D.K.; McAlexander J.C.; Guynn R.W.; Arch. Biochem. Biophys.; 212 717 (1981).,81MER/MCA_204, , ,311.15,7.53,1.12E-05, ,enzymatic assay and spectrophotometry, ,mol/L; IS=0.25  ,1.1.1.95, ,0.0 MgCl2,0.25, , 
2818,2981.0,4445.0,phosphoglycerate dehydrogenase,kegg:C00197 + kegg:C00003 = kegg:C03232 + kegg:C00004,CHB_15846 + CHB_17794 = CHB_16908 + CHB_18110,3-phospho-D-glycerate(aq) + NAD(aq) = 3-phosphohydroxypyruvate(aq) + NADH(aq),Merrill D.K.; McAlexander J.C.; Guynn R.W.; Arch. Biochem. Biophys.; 212 717 (1981).,81MER/MCA_204, , ,311.15,7.54,1.23E-05, ,enzymatic assay and spectrophotometry, ,mol/L; IS=0.25  ,1.1.1.95, ,0.0 MgCl2,0.25, , 
2819,2982.0,4435.0,phosphoglycerate dehydrogenase,kegg:C00197 + kegg:C00003 = kegg:C03232 + kegg:C00004,CHB_15846 + CHB_17794 = CHB_16908 + CHB_18110,3-phospho-D-glycerate(aq) + NAD(aq) = 3-phosphohydroxypyruvate(aq) + NADH(aq),Merrill D.K.; McAlexander J.C.; Guynn R.W.; Arch. Biochem. Biophys.; 212 717 (1981).,81MER/MCA_204, , ,311.15,7.56,1.09E-05, ,enzymatic assay and spectrophotometry, ,mol/L; IS=0.25  ,1.1.1.95, ,0.0 MgCl2,0.25, , 
2820,2983.0,4436.0,phosphoglycerate dehydrogenase,kegg:C00197 + kegg:C00003 = kegg:C03232 + kegg:C00004,CHB_15846 + CHB_17794 = CHB_16908 + CHB_18110,3-phospho-D-glycerate(aq) + NAD(aq) = 3-phosphohydroxypyruvate(aq) + NADH(aq),Merrill D.K.; McAlexander J.C.; Guynn R.W.; Arch. Biochem. Biophys.; 212 717 (1981).,81MER/MCA_204, , ,311.15,7.64,1.46E-05, ,enzymatic assay and spectrophotometry, ,mol/L; IS=0.25  ,1.1.1.95, ,0.0 MgCl2,0.25, , 
2821,2984.0,4437.0,phosphoglycerate dehydrogenase,kegg:C00197 + kegg:C00003 = kegg:C03232 + kegg:C00004,CHB_15846 + CHB_17794 = CHB_16908 + CHB_18110,3-phospho-D-glycerate(aq) + NAD(aq) = 3-phosphohydroxypyruvate(aq) + NADH(aq),Merrill D.K.; McAlexander J.C.; Guynn R.W.; Arch. Biochem. Biophys.; 212 717 (1981).,81MER/MCA_204, , ,311.15,7.92,2.86E-05, ,enzymatic assay and spectrophotometry, ,mol/L; IS=0.25  ,1.1.1.95, ,0.0 MgCl2,0.25, , 
2822,2985.0,4438.0,phosphoglycerate dehydrogenase,kegg:C00197 + kegg:C00003 = kegg:C03232 + kegg:C00004,CHB_15846 + CHB_17794 = CHB_16908 + CHB_18110,3-phospho-D-glycerate(aq) + NAD(aq) = 3-phosphohydroxypyruvate(aq) + NADH(aq),Merrill D.K.; McAlexander J.C.; Guynn R.W.; Arch. Biochem. Biophys.; 212 717 (1981).,81MER/MCA_204, , ,311.15,8.1,3.28E-05, ,enzymatic assay and spectrophotometry, ,mol/L; IS=0.25  ,1.1.1.95, ,0.0 MgCl2,0.25, , 
2823,2992.0,428.0,phosphoserine transaminase,kegg:C03232 + kegg:C00025 = kegg:C00026 + kegg:C01005,CHB_18110 + CHB_29985 = CHB_15811 + CHB_16810,3-phosphonooxypyruvate(aq) + L-glutamate(aq) = 2-oxoglutarate(aq) + O-phospho-L-serine(aq),Merrill D.K.; McAlexander J.C.; Guynn R.W.; Arch. Biochem. Biophys.; 212 717 (1981).,81MER/MCA_539,7198894.0,10.1016/0003-9861(81)90416-1,311.15,6.81,85.4, ,enzymatic assay and spectrophotometry,phosphate (0.025 mol dm-3),mol/L; IS=0.25  ,2.6.1.52, ,0.0 Mg2+,0.25, , 
2824,2993.0,429.0,phosphoserine transaminase,kegg:C03232 + kegg:C00025 = kegg:C00026 + kegg:C01005,CHB_18110 + CHB_29985 = CHB_15811 + CHB_16810,3-phosphonooxypyruvate(aq) + L-glutamate(aq) = 2-oxoglutarate(aq) + O-phospho-L-serine(aq),Merrill D.K.; McAlexander J.C.; Guynn R.W.; Arch. Biochem. Biophys.; 212 717 (1981).,81MER/MCA_539,7198894.0,10.1016/0003-9861(81)90416-1,311.15,6.83,78, ,enzymatic assay and spectrophotometry,phosphate (0.025 mol dm-3),mol/L; IS=0.25  ,2.6.1.52, ,0.0 Mg2+,0.25, , 
2825,2994.0,481.0,phosphoserine transaminase,kegg:C03232 + kegg:C00025 = kegg:C00026 + kegg:C01005,CHB_18110 + CHB_29985 = CHB_15811 + CHB_16810,3-phosphonooxypyruvate(aq) + L-glutamate(aq) = 2-oxoglutarate(aq) + O-phospho-L-serine(aq),Merrill D.K.; McAlexander J.C.; Guynn R.W.; Arch. Biochem. Biophys.; 212 717 (1981).,81MER/MCA_539,7198894.0,10.1016/0003-9861(81)90416-1,311.15,6.91,87.7, ,enzymatic assay and spectrophotometry,phosphate (0.025 mol dm-3),mol/L; IS=0.25  ,2.6.1.52, ,0.0 Mg2+,0.25, , 
2826,,465.0,phosphoserine transaminase,kegg:C03232 + kegg:C00025 = kegg:C00026 + kegg:C01005, ,3-phosphonooxypyruvate(aq) + L-glutamate(aq) = 2-oxoglutarate(aq) + O-phospho-L-serine(aq),Merrill D.K.; McAlexander J.C.; Guynn R.W.; Arch. Biochem. Biophys.; 212 717 (1981).,81MER/MCA_539,7198894.0,10.1016/0003-9861(81)90416-1,311.15,6.92,100, ,enzymatic assay and spectrophotometry,phosphate (0.025 mol dm-3), ,2.6.1.52, ,0.0 Mg2+,0.25, , 
2827,,430.0,phosphoserine transaminase,kegg:C03232 + kegg:C00025 = kegg:C00026 + kegg:C01005, ,3-phosphonooxypyruvate(aq) + L-glutamate(aq) = 2-oxoglutarate(aq) + O-phospho-L-serine(aq),Merrill D.K.; McAlexander J.C.; Guynn R.W.; Arch. Biochem. Biophys.; 212 717 (1981).,81MER/MCA_539,7198894.0,10.1016/0003-9861(81)90416-1,311.15,6.92,82.6, ,enzymatic assay and spectrophotometry,phosphate (0.025 mol dm-3), ,2.6.1.52, ,0.0 Mg2+,0.25, , 
2828,,433.0,phosphoserine transaminase,kegg:C03232 + kegg:C00025 = kegg:C00026 + kegg:C01005, ,3-phosphonooxypyruvate(aq) + L-glutamate(aq) = 2-oxoglutarate(aq) + O-phospho-L-serine(aq),Merrill D.K.; McAlexander J.C.; Guynn R.W.; Arch. Biochem. Biophys.; 212 717 (1981).,81MER/MCA_539,7198894.0,10.1016/0003-9861(81)90416-1,311.15,6.94,83.7, ,enzymatic assay and spectrophotometry,phosphate (0.025 mol dm-3), ,2.6.1.52, ,0.0 Mg2+,0.25, , 
2829,2995.0,478.0,phosphoserine transaminase,kegg:C03232 + kegg:C00025 = kegg:C00026 + kegg:C01005,CHB_18110 + CHB_29985 = CHB_15811 + CHB_16810,3-phosphonooxypyruvate(aq) + L-glutamate(aq) = 2-oxoglutarate(aq) + O-phospho-L-serine(aq),Merrill D.K.; McAlexander J.C.; Guynn R.W.; Arch. Biochem. Biophys.; 212 717 (1981).,81MER/MCA_539,7198894.0,10.1016/0003-9861(81)90416-1,311.15,6.94,90.7, ,enzymatic assay and spectrophotometry,phosphate (0.025 mol dm-3),mol/L; IS=0.25  ,2.6.1.52, ,0.0 Mg2+,0.25, , 
2830,2996,432.0,phosphoserine transaminase,kegg:C03232 + kegg:C00025 = kegg:C00026 + kegg:C01005,CHB_18110 + CHB_29985 = CHB_15811 + CHB_16810,3-phosphonooxypyruvate(aq) + L-glutamate(aq) = 2-oxoglutarate(aq) + O-phospho-L-serine(aq),Merrill D.K.; McAlexander J.C.; Guynn R.W.; Arch. Biochem. Biophys.; 212 717 (1981).,81MER/MCA_539,7198894.0,10.1016/0003-9861(81)90416-1,311.15,6.94,93.9, ,enzymatic assay and spectrophotometry,phosphate (0.025 mol dm-3),mol/L; IS=0.25 _ nan _ ,2.6.1.52, ,0.0 Mg2+,0.25, , 
2831,,431.0,phosphoserine transaminase,kegg:C03232 + kegg:C00025 = kegg:C00026 + kegg:C01005, ,3-phosphonooxypyruvate(aq) + L-glutamate(aq) = 2-oxoglutarate(aq) + O-phospho-L-serine(aq),Merrill D.K.; McAlexander J.C.; Guynn R.W.; Arch. Biochem. Biophys.; 212 717 (1981).,81MER/MCA_539,7198894.0,10.1016/0003-9861(81)90416-1,311.15,6.94,98.8, ,enzymatic assay and spectrophotometry,phosphate (0.025 mol dm-3), ,2.6.1.52, ,0.0 Mg2+,0.25, , 
2832,2997.0,434.0,phosphoserine transaminase,kegg:C03232 + kegg:C00025 = kegg:C00026 + kegg:C01005,CHB_18110 + CHB_29985 = CHB_15811 + CHB_16810,3-phosphonooxypyruvate(aq) + L-glutamate(aq) = 2-oxoglutarate(aq) + O-phospho-L-serine(aq),Merrill D.K.; McAlexander J.C.; Guynn R.W.; Arch. Biochem. Biophys.; 212 717 (1981).,81MER/MCA_539,7198894.0,10.1016/0003-9861(81)90416-1,311.15,6.96,81.8, ,enzymatic assay and spectrophotometry,phosphate (0.025 mol dm-3),mol/L; IS=0.25  ,2.6.1.52, ,0.0 Mg2+,0.25, , 
2833,,466.0,phosphoserine transaminase,kegg:C03232 + kegg:C00025 = kegg:C00026 + kegg:C01005, ,3-phosphonooxypyruvate(aq) + L-glutamate(aq) = 2-oxoglutarate(aq) + O-phospho-L-serine(aq),Merrill D.K.; McAlexander J.C.; Guynn R.W.; Arch. Biochem. Biophys.; 212 717 (1981).,81MER/MCA_539,7198894.0,10.1016/0003-9861(81)90416-1,311.15,6.98,101, ,enzymatic assay and spectrophotometry,phosphate (0.025 mol dm-3), ,2.6.1.52, ,0.0 Mg2+,0.25, , 
2834,3021.0,435.0,phosphoserine transaminase,kegg:C03232 + kegg:C00025 = kegg:C00026 + kegg:C01005,CHB_18110 + CHB_29985 = CHB_15811 + CHB_16810,3-phosphonooxypyruvate(aq) + L-glutamate(aq) = 2-oxoglutarate(aq) + O-phospho-L-serine(aq),Merrill D.K.; McAlexander J.C.; Guynn R.W.; Arch. Biochem. Biophys.; 212 717 (1981).,81MER/MCA_539,7198894.0,10.1016/0003-9861(81)90416-1,311.15,6.98,85, ,enzymatic assay and spectrophotometry,phosphate (0.025 mol dm-3),mol/L; IS=0.25;(Mg)1=0.01;2-oxoglutarate=0.00497;O-phospho-L-serine=0.00515;3-phosphonooxypyruvate=0.000533;L-glutamate=0.000566; Mg2+_free=0.00558  ,2.6.1.52, ,0.0 Mg2+,0.25, , 
2835,,461.0,phosphoserine transaminase,kegg:C03232 + kegg:C00025 = kegg:C00026 + kegg:C01005, ,3-phosphonooxypyruvate(aq) + L-glutamate(aq) = 2-oxoglutarate(aq) + O-phospho-L-serine(aq),Merrill D.K.; McAlexander J.C.; Guynn R.W.; Arch. Biochem. Biophys.; 212 717 (1981).,81MER/MCA_539,7198894.0,10.1016/0003-9861(81)90416-1,311.15,6.98,88.1, ,enzymatic assay and spectrophotometry,phosphate (0.025 mol dm-3), ,2.6.1.52, ,0.0 Mg2+,0.25, , 
2836,,471.0,phosphoserine transaminase,kegg:C03232 + kegg:C00025 = kegg:C00026 + kegg:C01005, ,3-phosphonooxypyruvate(aq) + L-glutamate(aq) = 2-oxoglutarate(aq) + O-phospho-L-serine(aq),Merrill D.K.; McAlexander J.C.; Guynn R.W.; Arch. Biochem. Biophys.; 212 717 (1981).,81MER/MCA_539,7198894.0,10.1016/0003-9861(81)90416-1,311.15,7.0,101, ,enzymatic assay and spectrophotometry,phosphate (0.025 mol dm-3), ,2.6.1.52, ,0.0 Mg2+,0.07, , 
2837,,455.0,phosphoserine transaminase,kegg:C03232 + kegg:C00025 = kegg:C00026 + kegg:C01005, ,3-phosphonooxypyruvate(aq) + L-glutamate(aq) = 2-oxoglutarate(aq) + O-phospho-L-serine(aq),Merrill D.K.; McAlexander J.C.; Guynn R.W.; Arch. Biochem. Biophys.; 212 717 (1981).,81MER/MCA_539,7198894.0,10.1016/0003-9861(81)90416-1,311.15,7.0,103, ,enzymatic assay and spectrophotometry,phosphate (0.025 mol dm-3), ,2.6.1.52, ,0.0 Mg2+,0.07, , 
2838,3024.0,477.0,phosphoserine transaminase,kegg:C03232 + kegg:C00025 = kegg:C00026 + kegg:C01005,CHB_18110 + CHB_29985 = CHB_15811 + CHB_16810,3-phosphonooxypyruvate(aq) + L-glutamate(aq) = 2-oxoglutarate(aq) + O-phospho-L-serine(aq),Merrill D.K.; McAlexander J.C.; Guynn R.W.; Arch. Biochem. Biophys.; 212 717 (1981).,81MER/MCA_539,7198894.0,10.1016/0003-9861(81)90416-1,311.15,7.0,110, ,enzymatic assay and spectrophotometry,phosphate (0.025 mol dm-3),mol/L; IS=0.07  ,2.6.1.52, ,0.0 Mg2+,0.07, , 
2839,,456.0,phosphoserine transaminase,kegg:C03232 + kegg:C00025 = kegg:C00026 + kegg:C01005, ,3-phosphonooxypyruvate(aq) + L-glutamate(aq) = 2-oxoglutarate(aq) + O-phospho-L-serine(aq),Merrill D.K.; McAlexander J.C.; Guynn R.W.; Arch. Biochem. Biophys.; 212 717 (1981).,81MER/MCA_539,7198894.0,10.1016/0003-9861(81)90416-1,311.15,7.0,112, ,enzymatic assay and spectrophotometry,phosphate (0.025 mol dm-3), ,2.6.1.52, ,0.0 Mg2+,0.07, , 
2840,2999.0,436.0,phosphoserine transaminase,kegg:C03232 + kegg:C00025 = kegg:C00026 + kegg:C01005,CHB_18110 + CHB_29985 = CHB_15811 + CHB_16810,3-phosphonooxypyruvate(aq) + L-glutamate(aq) = 2-oxoglutarate(aq) + O-phospho-L-serine(aq),Merrill D.K.; McAlexander J.C.; Guynn R.W.; Arch. Biochem. Biophys.; 212 717 (1981).,81MER/MCA_539,7198894.0,10.1016/0003-9861(81)90416-1,311.15,7.0,89.5, ,enzymatic assay and spectrophotometry,phosphate (0.025 mol dm-3),mol/L; IS=0.25  ,2.6.1.52, ,0.0 Mg2+,0.25, , 
2841,,457.0,phosphoserine transaminase,kegg:C03232 + kegg:C00025 = kegg:C00026 + kegg:C01005, ,3-phosphonooxypyruvate(aq) + L-glutamate(aq) = 2-oxoglutarate(aq) + O-phospho-L-serine(aq),Merrill D.K.; McAlexander J.C.; Guynn R.W.; Arch. Biochem. Biophys.; 212 717 (1981).,81MER/MCA_539,7198894.0,10.1016/0003-9861(81)90416-1,311.15,7.0,69.5, ,enzymatic assay and spectrophotometry,phosphate (0.025 mol dm-3), ,2.6.1.52, ,0.0 Mg2+,0.5, , 
2842,3022.0,472.0,phosphoserine transaminase,kegg:C03232 + kegg:C00025 = kegg:C00026 + kegg:C01005,CHB_18110 + CHB_29985 = CHB_15811 + CHB_16810,3-phosphonooxypyruvate(aq) + L-glutamate(aq) = 2-oxoglutarate(aq) + O-phospho-L-serine(aq),Merrill D.K.; McAlexander J.C.; Guynn R.W.; Arch. Biochem. Biophys.; 212 717 (1981).,81MER/MCA_539,7198894.0,10.1016/0003-9861(81)90416-1,311.15,7.0,73.9, ,enzymatic assay and spectrophotometry,phosphate (0.025 mol dm-3),mol/L; IS=0.25;(Mg)1=0.02;2-oxoglutarate=0.00486;O-phospho-L-serine=0.00475;3-phosphonooxypyruvate=0.000479;L-glutamate=0.000656; Mg2+_free=0.0112  ,2.6.1.52, ,0.0 Mg2+,0.5 & 0.25, , 
2843,3018.0,480.0,phosphoserine transaminase,kegg:C03232 + kegg:C00025 = kegg:C00026 + kegg:C01005,CHB_18110 + CHB_29985 = CHB_15811 + CHB_16810,3-phosphonooxypyruvate(aq) + L-glutamate(aq) = 2-oxoglutarate(aq) + O-phospho-L-serine(aq),Merrill D.K.; McAlexander J.C.; Guynn R.W.; Arch. Biochem. Biophys.; 212 717 (1981).,81MER/MCA_539,7198894.0,10.1016/0003-9861(81)90416-1,311.15,7.0,74.6, ,enzymatic assay and spectrophotometry,phosphate (0.025 mol dm-3),mol/L; IS=0.25;(Mg)1=0.01;2-oxoglutarate=0.00486;O-phospho-L-serine=0.0048;3-phosphonooxypyruvate=0.000462;L-glutamate=0.000674; Mg2+_free=0.00534  ,2.6.1.52, ,0.0 Mg2+,0.5 & 0.25, , 
2844,,458.0,phosphoserine transaminase,kegg:C03232 + kegg:C00025 = kegg:C00026 + kegg:C01005, ,3-phosphonooxypyruvate(aq) + L-glutamate(aq) = 2-oxoglutarate(aq) + O-phospho-L-serine(aq),Merrill D.K.; McAlexander J.C.; Guynn R.W.; Arch. Biochem. Biophys.; 212 717 (1981).,81MER/MCA_539,7198894.0,10.1016/0003-9861(81)90416-1,311.15,7.0,84.7, ,enzymatic assay and spectrophotometry,phosphate (0.025 mol dm-3), ,2.6.1.52, ,0.0 Mg2+,0.5, , 
2845,3027,464.0,phosphoserine transaminase,kegg:C03232 + kegg:C00025 = kegg:C00026 + kegg:C01005,CHB_18110 + CHB_29985 = CHB_15811 + CHB_16810,3-phosphonooxypyruvate(aq) + L-glutamate(aq) = 2-oxoglutarate(aq) + O-phospho-L-serine(aq),Merrill D.K.; McAlexander J.C.; Guynn R.W.; Arch. Biochem. Biophys.; 212 717 (1981).,81MER/MCA_539,7198894.0,10.1016/0003-9861(81)90416-1,311.15,7.0,64, ,enzymatic assay and spectrophotometry,phosphate (0.025 mol dm-3),mol/L; IS=0.95 _ nan _ ,2.6.1.52, ,0.0 Mg2+,0.75 & 0.95, , 
2846,,473.0,phosphoserine transaminase,kegg:C03232 + kegg:C00025 = kegg:C00026 + kegg:C01005, ,3-phosphonooxypyruvate(aq) + L-glutamate(aq) = 2-oxoglutarate(aq) + O-phospho-L-serine(aq),Merrill D.K.; McAlexander J.C.; Guynn R.W.; Arch. Biochem. Biophys.; 212 717 (1981).,81MER/MCA_539,7198894.0,10.1016/0003-9861(81)90416-1,311.15,7.0,65.5, ,enzymatic assay and spectrophotometry,phosphate (0.025 mol dm-3), ,2.6.1.52, ,0.0 Mg2+,0.75, , 
2847,3026.0,459.0,phosphoserine transaminase,kegg:C03232 + kegg:C00025 = kegg:C00026 + kegg:C01005,CHB_18110 + CHB_29985 = CHB_15811 + CHB_16810,3-phosphonooxypyruvate(aq) + L-glutamate(aq) = 2-oxoglutarate(aq) + O-phospho-L-serine(aq),Merrill D.K.; McAlexander J.C.; Guynn R.W.; Arch. Biochem. Biophys.; 212 717 (1981).,81MER/MCA_539,7198894.0,10.1016/0003-9861(81)90416-1,311.15,7.0,67.9, ,enzymatic assay and spectrophotometry,phosphate (0.025 mol dm-3),mol/L; IS=0.75  ,2.6.1.52, ,0.0 Mg2+,0.75, , 
2848,,460.0,phosphoserine transaminase,kegg:C03232 + kegg:C00025 = kegg:C00026 + kegg:C01005, ,3-phosphonooxypyruvate(aq) + L-glutamate(aq) = 2-oxoglutarate(aq) + O-phospho-L-serine(aq),Merrill D.K.; McAlexander J.C.; Guynn R.W.; Arch. Biochem. Biophys.; 212 717 (1981).,81MER/MCA_539,7198894.0,10.1016/0003-9861(81)90416-1,311.15,7.0,68, ,enzymatic assay and spectrophotometry,phosphate (0.025 mol dm-3), ,2.6.1.52, ,0.0 Mg2+,0.75, , 
2849,3023.0,454.0,phosphoserine transaminase,kegg:C03232 + kegg:C00025 = kegg:C00026 + kegg:C01005,CHB_18110 + CHB_29985 = CHB_15811 + CHB_16810,3-phosphonooxypyruvate(aq) + L-glutamate(aq) = 2-oxoglutarate(aq) + O-phospho-L-serine(aq),Merrill D.K.; McAlexander J.C.; Guynn R.W.; Arch. Biochem. Biophys.; 212 717 (1981).,81MER/MCA_539,7198894.0,10.1016/0003-9861(81)90416-1,311.15,7.0,73, ,enzymatic assay and spectrophotometry,phosphate (0.025 mol dm-3),1.96 = -log[Mg+2] _ mol/L; IS=0.25;(Mg)1=0.02;2-oxoglutarate=0.00551;O-phospho-L-serine=0.0054;3-phosphonooxypyruvate=0.000651;L-glutamate=0.000626; Mg2+_free=0.011  ,2.6.1.52, ,0.011 Mg2+,0.25, , 
2850,,453.0,phosphoserine transaminase,kegg:C03232 + kegg:C00025 = kegg:C00026 + kegg:C01005, ,3-phosphonooxypyruvate(aq) + L-glutamate(aq) = 2-oxoglutarate(aq) + O-phospho-L-serine(aq),Merrill D.K.; McAlexander J.C.; Guynn R.W.; Arch. Biochem. Biophys.; 212 717 (1981).,81MER/MCA_539,7198894.0,10.1016/0003-9861(81)90416-1,311.15,7.0,73.5, ,enzymatic assay and spectrophotometry,phosphate (0.025 mol dm-3),1.95 = -log[Mg+2],2.6.1.52, ,0.0112 Mg2+,0.25, , 
2851,3001.0,475.0,phosphoserine transaminase,kegg:C03232 + kegg:C00025 = kegg:C00026 + kegg:C01005,CHB_18110 + CHB_29985 = CHB_15811 + CHB_16810,3-phosphonooxypyruvate(aq) + L-glutamate(aq) = 2-oxoglutarate(aq) + O-phospho-L-serine(aq),Merrill D.K.; McAlexander J.C.; Guynn R.W.; Arch. Biochem. Biophys.; 212 717 (1981).,81MER/MCA_539,7198894.0,10.1016/0003-9861(81)90416-1,311.15,7.0,93.4, ,enzymatic assay and spectrophotometry,phosphate (0.025 mol dm-3),2.88 = -log[Mg+2] _ mol/L; IS=0.25  ,2.6.1.52, ,0.00131 Mg2+,0.25, , 
2852,3011.0,445.0,phosphoserine transaminase,kegg:C03232 + kegg:C00025 = kegg:C00026 + kegg:C01005,CHB_18110 + CHB_29985 = CHB_15811 + CHB_16810,3-phosphonooxypyruvate(aq) + L-glutamate(aq) = 2-oxoglutarate(aq) + O-phospho-L-serine(aq),Merrill D.K.; McAlexander J.C.; Guynn R.W.; Arch. Biochem. Biophys.; 212 717 (1981).,81MER/MCA_539,7198894.0,10.1016/0003-9861(81)90416-1,311.15,7.0,95.1, ,enzymatic assay and spectrophotometry,phosphate (0.025 mol dm-3),2.88 = -log[Mg+2] _ mol/L; IS=0.25;(Mg)1=0.0025;2-oxoglutarate=0.00503;O-phospho-L-serine=0.00515;3-phosphonooxypyruvate=0.000509;L-glutamate=0.000535; Mg2+_free=0.00131  ,2.6.1.52, ,0.00131 Mg2+,0.25, , 
2853,3012.0,462.0,phosphoserine transaminase,kegg:C03232 + kegg:C00025 = kegg:C00026 + kegg:C01005,CHB_18110 + CHB_29985 = CHB_15811 + CHB_16810,3-phosphonooxypyruvate(aq) + L-glutamate(aq) = 2-oxoglutarate(aq) + O-phospho-L-serine(aq),Merrill D.K.; McAlexander J.C.; Guynn R.W.; Arch. Biochem. Biophys.; 212 717 (1981).,81MER/MCA_539,7198894.0,10.1016/0003-9861(81)90416-1,311.15,7.0,79.6, ,enzymatic assay and spectrophotometry,phosphate (0.025 mol dm-3),2.69 = -log[Mg+2] _ mol/L; IS=0.25;(Mg)1=0.004;2-oxoglutarate=0.00486;O-phospho-L-serine=0.00586;3-phosphonooxypyruvate=0.000444;L-glutamate=0.000668; Mg2+_free=0.00202  ,2.6.1.52, ,0.00202 Mg2+,0.25, , 
2854,3013.0,446.0,phosphoserine transaminase,kegg:C03232 + kegg:C00025 = kegg:C00026 + kegg:C01005,CHB_18110 + CHB_29985 = CHB_15811 + CHB_16810,3-phosphonooxypyruvate(aq) + L-glutamate(aq) = 2-oxoglutarate(aq) + O-phospho-L-serine(aq),Merrill D.K.; McAlexander J.C.; Guynn R.W.; Arch. Biochem. Biophys.; 212 717 (1981).,81MER/MCA_539,7198894.0,10.1016/0003-9861(81)90416-1,311.15,7.0,80.6, ,enzymatic assay and spectrophotometry,phosphate (0.025 mol dm-3),2.69 = -log[Mg+2] _ mol/L; IS=0.25;(Mg)1=0.004;2-oxoglutarate=0.00551;O-phospho-L-serine=0.00598;3-phosphonooxypyruvate=0.000615;L-glutamate=0.00062; Mg2+_free=0.00203  ,2.6.1.52, ,0.00203 Mg2+,0.25, , 
2855,3014.0,447.0,phosphoserine transaminase,kegg:C03232 + kegg:C00025 = kegg:C00026 + kegg:C01005,CHB_18110 + CHB_29985 = CHB_15811 + CHB_16810,3-phosphonooxypyruvate(aq) + L-glutamate(aq) = 2-oxoglutarate(aq) + O-phospho-L-serine(aq),Merrill D.K.; McAlexander J.C.; Guynn R.W.; Arch. Biochem. Biophys.; 212 717 (1981).,81MER/MCA_539,7198894.0,10.1016/0003-9861(81)90416-1,311.15,7.0,91.6, ,enzymatic assay and spectrophotometry,phosphate (0.025 mol dm-3),2.58 = -log[Mg+2] _ mol/L; IS=0.25;(Mg)1=0.005;2-oxoglutarate=0.00527;O-phospho-L-serine=0.00539;3-phosphonooxypyruvate=0.000515;L-glutamate=0.000602; Mg2+_free=0.00265  ,2.6.1.52, ,0.00265 Mg2+,0.25, , 
2856,3015.0,448.0,phosphoserine transaminase,kegg:C03232 + kegg:C00025 = kegg:C00026 + kegg:C01005,CHB_18110 + CHB_29985 = CHB_15811 + CHB_16810,3-phosphonooxypyruvate(aq) + L-glutamate(aq) = 2-oxoglutarate(aq) + O-phospho-L-serine(aq),Merrill D.K.; McAlexander J.C.; Guynn R.W.; Arch. Biochem. Biophys.; 212 717 (1981).,81MER/MCA_539,7198894.0,10.1016/0003-9861(81)90416-1,311.15,7.0,88.9, ,enzymatic assay and spectrophotometry,phosphate (0.025 mol dm-3),2.57 = -log[Mg+2] _ mol/L; IS=0.25;(Mg)1=0.005;2-oxoglutarate=0.00503;O-phospho-L-serine=0.00503;3-phosphonooxypyruvate=0.000509;L-glutamate=0.000559; Mg2+_free=0.00268  ,2.6.1.52, ,0.00268 Mg2+,0.25, , 
2857,3016.0,450.0,phosphoserine transaminase,kegg:C03232 + kegg:C00025 = kegg:C00026 + kegg:C01005,CHB_18110 + CHB_29985 = CHB_15811 + CHB_16810,3-phosphonooxypyruvate(aq) + L-glutamate(aq) = 2-oxoglutarate(aq) + O-phospho-L-serine(aq),Merrill D.K.; McAlexander J.C.; Guynn R.W.; Arch. Biochem. Biophys.; 212 717 (1981).,81MER/MCA_539,7198894.0,10.1016/0003-9861(81)90416-1,311.15,7.0,83.6, ,enzymatic assay and spectrophotometry,phosphate (0.025 mol dm-3),2.39 = -log[Mg+2] _ mol/L; IS=0.25;(Mg)1=0.0075;2-oxoglutarate=0.00515;O-phospho-L-serine=0.00509;3-phosphonooxypyruvate=0.000521;L-glutamate=0.000602; Mg2+_free=0.0041  ,2.6.1.52, ,0.0041 Mg2+,0.25, , 
2858,3017.0,469.0,phosphoserine transaminase,kegg:C03232 + kegg:C00025 = kegg:C00026 + kegg:C01005,CHB_18110 + CHB_29985 = CHB_15811 + CHB_16810,3-phosphonooxypyruvate(aq) + L-glutamate(aq) = 2-oxoglutarate(aq) + O-phospho-L-serine(aq),Merrill D.K.; McAlexander J.C.; Guynn R.W.; Arch. Biochem. Biophys.; 212 717 (1981).,81MER/MCA_539,7198894.0,10.1016/0003-9861(81)90416-1,311.15,7.0,88.6, ,enzymatic assay and spectrophotometry,phosphate (0.025 mol dm-3),2.39 = -log[Mg+2] _ mol/L; IS=0.25;(Mg)1=0.0075;2-oxoglutarate=0.00503;O-phospho-L-serine=0.00503;3-phosphonooxypyruvate=0.000527;L-glutamate=0.000542; Mg2+_free=0.00412  ,2.6.1.52, ,0.00412 Mg2+,0.25, , 
2859,3019.0,451.0,phosphoserine transaminase,kegg:C03232 + kegg:C00025 = kegg:C00026 + kegg:C01005,CHB_18110 + CHB_29985 = CHB_15811 + CHB_16810,3-phosphonooxypyruvate(aq) + L-glutamate(aq) = 2-oxoglutarate(aq) + O-phospho-L-serine(aq),Merrill D.K.; McAlexander J.C.; Guynn R.W.; Arch. Biochem. Biophys.; 212 717 (1981).,81MER/MCA_539,7198894.0,10.1016/0003-9861(81)90416-1,311.15,7.0,76.9, ,enzymatic assay and spectrophotometry,phosphate (0.025 mol dm-3),2.28 = -log[Mg+2] _ mol/L; IS=0.25;(Mg)1=0.01;2-oxoglutarate=0.00557;O-phospho-L-serine=0.00552;3-phosphonooxypyruvate=0.000615;L-glutamate=0.00065; Mg2+_free=0.00526  ,2.6.1.52, ,0.00526 Mg2+,0.25, , 
2860,3025,476.0,phosphoserine transaminase,kegg:C03232 + kegg:C00025 = kegg:C00026 + kegg:C01005,CHB_18110 + CHB_29985 = CHB_15811 + CHB_16810,3-phosphonooxypyruvate(aq) + L-glutamate(aq) = 2-oxoglutarate(aq) + O-phospho-L-serine(aq),Merrill D.K.; McAlexander J.C.; Guynn R.W.; Arch. Biochem. Biophys.; 212 717 (1981).,81MER/MCA_539,7198894.0,10.1016/0003-9861(81)90416-1,311.15,7.0,74.9, ,enzymatic assay and spectrophotometry,phosphate (0.025 mol dm-3),2.27 = -log[Mg+2] _ mol/L; IS=0.5 _ nan _ ,2.6.1.52, ,0.00534 Mg2+,0.25 & 0.5, , 
2861,3020.0,463.0,phosphoserine transaminase,kegg:C03232 + kegg:C00025 = kegg:C00026 + kegg:C01005,CHB_18110 + CHB_29985 = CHB_15811 + CHB_16810,3-phosphonooxypyruvate(aq) + L-glutamate(aq) = 2-oxoglutarate(aq) + O-phospho-L-serine(aq),Merrill D.K.; McAlexander J.C.; Guynn R.W.; Arch. Biochem. Biophys.; 212 717 (1981).,81MER/MCA_539,7198894.0,10.1016/0003-9861(81)90416-1,311.15,7.0,86.1, ,enzymatic assay and spectrophotometry,phosphate (0.025 mol dm-3),2.26 = -log[Mg+2] _ mol/L; IS=0.25;(Mg)1=0.01;2-oxoglutarate=0.00503;O-phospho-L-serine=0.00527;3-phosphonooxypyruvate=0.000527;L-glutamate=0.000584; Mg2+_free=0.00555  ,2.6.1.52, ,0.00555 Mg2+,0.25, , 
2862,,452.0,phosphoserine transaminase,kegg:C03232 + kegg:C00025 = kegg:C00026 + kegg:C01005, ,3-phosphonooxypyruvate(aq) + L-glutamate(aq) = 2-oxoglutarate(aq) + O-phospho-L-serine(aq),Merrill D.K.; McAlexander J.C.; Guynn R.W.; Arch. Biochem. Biophys.; 212 717 (1981).,81MER/MCA_539,7198894.0,10.1016/0003-9861(81)90416-1,311.15,7.0,84.8, ,enzymatic assay and spectrophotometry,phosphate (0.025 mol dm-3),2.25 = -log[Mg+2],2.6.1.52, ,0.00558 Mg2+,0.25, , 
2863,,437.0,phosphoserine transaminase,kegg:C03232 + kegg:C00025 = kegg:C00026 + kegg:C01005, ,3-phosphonooxypyruvate(aq) + L-glutamate(aq) = 2-oxoglutarate(aq) + O-phospho-L-serine(aq),Merrill D.K.; McAlexander J.C.; Guynn R.W.; Arch. Biochem. Biophys.; 212 717 (1981).,81MER/MCA_539,7198894.0,10.1016/0003-9861(81)90416-1,311.15,7.01,81.5, ,enzymatic assay and spectrophotometry,phosphate (0.025 mol dm-3), ,2.6.1.52, ,0.0 Mg2+,0.25, , 
2864,,479.0,phosphoserine transaminase,kegg:C03232 + kegg:C00025 = kegg:C00026 + kegg:C01005, ,3-phosphonooxypyruvate(aq) + L-glutamate(aq) = 2-oxoglutarate(aq) + O-phospho-L-serine(aq),Merrill D.K.; McAlexander J.C.; Guynn R.W.; Arch. Biochem. Biophys.; 212 717 (1981).,81MER/MCA_539,7198894.0,10.1016/0003-9861(81)90416-1,311.15,7.01,84.4, ,enzymatic assay and spectrophotometry,phosphate (0.025 mol dm-3), ,2.6.1.52, ,0.0 Mg2+,0.25, , 
2865,3010.0,438.0,phosphoserine transaminase,kegg:C03232 + kegg:C00025 = kegg:C00026 + kegg:C01005,CHB_18110 + CHB_29985 = CHB_15811 + CHB_16810,3-phosphonooxypyruvate(aq) + L-glutamate(aq) = 2-oxoglutarate(aq) + O-phospho-L-serine(aq),Merrill D.K.; McAlexander J.C.; Guynn R.W.; Arch. Biochem. Biophys.; 212 717 (1981).,81MER/MCA_539,7198894.0,10.1016/0003-9861(81)90416-1,311.15,7.02,93, ,enzymatic assay and spectrophotometry,phosphate (0.025 mol dm-3),mol/L; IS=0.25;(Mg)1=0.0025;2-oxoglutarate=0.00527;O-phospho-L-serine=0.00515;3-phosphonooxypyruvate=0.000503;L-glutamate=0.000578; Mg2+_free=0.00131  ,2.6.1.52, ,0.0 Mg2+,0.25, , 
2866,3002.0,439.0,phosphoserine transaminase,kegg:C03232 + kegg:C00025 = kegg:C00026 + kegg:C01005,CHB_18110 + CHB_29985 = CHB_15811 + CHB_16810,3-phosphonooxypyruvate(aq) + L-glutamate(aq) = 2-oxoglutarate(aq) + O-phospho-L-serine(aq),Merrill D.K.; McAlexander J.C.; Guynn R.W.; Arch. Biochem. Biophys.; 212 717 (1981).,81MER/MCA_539,7198894.0,10.1016/0003-9861(81)90416-1,311.15,7.03,99.5, ,enzymatic assay and spectrophotometry,phosphate (0.025 mol dm-3),mol/L; IS=0.25  ,2.6.1.52, ,0.0 Mg2+,0.25, , 
2867,3003,440.0,phosphoserine transaminase,kegg:C03232 + kegg:C00025 = kegg:C00026 + kegg:C01005,CHB_18110 + CHB_29985 = CHB_15811 + CHB_16810,3-phosphonooxypyruvate(aq) + L-glutamate(aq) = 2-oxoglutarate(aq) + O-phospho-L-serine(aq),Merrill D.K.; McAlexander J.C.; Guynn R.W.; Arch. Biochem. Biophys.; 212 717 (1981).,81MER/MCA_539,7198894.0,10.1016/0003-9861(81)90416-1,311.15,7.15,88.4, ,enzymatic assay and spectrophotometry,phosphate (0.025 mol dm-3),mol/L; IS=0.25 _ nan _ ,2.6.1.52, ,0.0 Mg2+,0.25, , 
2868,3000,467.0,phosphoserine transaminase,kegg:C03232 + kegg:C00025 = kegg:C00026 + kegg:C01005,CHB_18110 + CHB_29985 = CHB_15811 + CHB_16810,3-phosphonooxypyruvate(aq) + L-glutamate(aq) = 2-oxoglutarate(aq) + O-phospho-L-serine(aq),Merrill D.K.; McAlexander J.C.; Guynn R.W.; Arch. Biochem. Biophys.; 212 717 (1981).,81MER/MCA_539,7198894.0,10.1016/0003-9861(81)90416-1,311.15,7.15,89.6, ,enzymatic assay and spectrophotometry,phosphate (0.025 mol dm-3),mol/L; IS=0.25 _ nan _ ,2.6.1.52, ,0.0 Mg2+,0.25, , 
2869,3004.0,474.0,phosphoserine transaminase,kegg:C03232 + kegg:C00025 = kegg:C00026 + kegg:C01005,CHB_18110 + CHB_29985 = CHB_15811 + CHB_16810,3-phosphonooxypyruvate(aq) + L-glutamate(aq) = 2-oxoglutarate(aq) + O-phospho-L-serine(aq),Merrill D.K.; McAlexander J.C.; Guynn R.W.; Arch. Biochem. Biophys.; 212 717 (1981).,81MER/MCA_539,7198894.0,10.1016/0003-9861(81)90416-1,311.15,7.17,93.6, ,enzymatic assay and spectrophotometry,phosphate (0.025 mol dm-3),mol/L; IS=0.25  ,2.6.1.52, ,0.0 Mg2+,0.25, , 
2870,3005.0,441.0,phosphoserine transaminase,kegg:C03232 + kegg:C00025 = kegg:C00026 + kegg:C01005,CHB_18110 + CHB_29985 = CHB_15811 + CHB_16810,3-phosphonooxypyruvate(aq) + L-glutamate(aq) = 2-oxoglutarate(aq) + O-phospho-L-serine(aq),Merrill D.K.; McAlexander J.C.; Guynn R.W.; Arch. Biochem. Biophys.; 212 717 (1981).,81MER/MCA_539,7198894.0,10.1016/0003-9861(81)90416-1,311.15,7.19,96.4, ,enzymatic assay and spectrophotometry,phosphate (0.025 mol dm-3),mol/L; IS=0.25  ,2.6.1.52, ,0.0 Mg2+,0.25, , 
2871,3006.0,442.0,phosphoserine transaminase,kegg:C03232 + kegg:C00025 = kegg:C00026 + kegg:C01005,CHB_18110 + CHB_29985 = CHB_15811 + CHB_16810,3-phosphonooxypyruvate(aq) + L-glutamate(aq) = 2-oxoglutarate(aq) + O-phospho-L-serine(aq),Merrill D.K.; McAlexander J.C.; Guynn R.W.; Arch. Biochem. Biophys.; 212 717 (1981).,81MER/MCA_539,7198894.0,10.1016/0003-9861(81)90416-1,311.15,7.22,92.2, ,enzymatic assay and spectrophotometry,phosphate (0.025 mol dm-3),mol/L; IS=0.25  ,2.6.1.52, ,0.0 Mg2+,0.25, , 
2872,3007.0,443.0,phosphoserine transaminase,kegg:C03232 + kegg:C00025 = kegg:C00026 + kegg:C01005,CHB_18110 + CHB_29985 = CHB_15811 + CHB_16810,3-phosphonooxypyruvate(aq) + L-glutamate(aq) = 2-oxoglutarate(aq) + O-phospho-L-serine(aq),Merrill D.K.; McAlexander J.C.; Guynn R.W.; Arch. Biochem. Biophys.; 212 717 (1981).,81MER/MCA_539,7198894.0,10.1016/0003-9861(81)90416-1,311.15,7.23,96.2, ,enzymatic assay and spectrophotometry,phosphate (0.025 mol dm-3),mol/L; IS=0.25  ,2.6.1.52, ,0.0 Mg2+,0.25, , 
2873,3008.0,444.0,phosphoserine transaminase,kegg:C03232 + kegg:C00025 = kegg:C00026 + kegg:C01005,CHB_18110 + CHB_29985 = CHB_15811 + CHB_16810,3-phosphonooxypyruvate(aq) + L-glutamate(aq) = 2-oxoglutarate(aq) + O-phospho-L-serine(aq),Merrill D.K.; McAlexander J.C.; Guynn R.W.; Arch. Biochem. Biophys.; 212 717 (1981).,81MER/MCA_539,7198894.0,10.1016/0003-9861(81)90416-1,311.15,7.51,86.1, ,enzymatic assay and spectrophotometry,phosphate (0.025 mol dm-3),mol/L; IS=0.25  ,2.6.1.52, ,0.0 Mg2+,0.25, , 
2874,3009.0,468.0,phosphoserine transaminase,kegg:C03232 + kegg:C00025 = kegg:C00026 + kegg:C01005,CHB_18110 + CHB_29985 = CHB_15811 + CHB_16810,3-phosphonooxypyruvate(aq) + L-glutamate(aq) = 2-oxoglutarate(aq) + O-phospho-L-serine(aq),Merrill D.K.; McAlexander J.C.; Guynn R.W.; Arch. Biochem. Biophys.; 212 717 (1981).,81MER/MCA_539,7198894.0,10.1016/0003-9861(81)90416-1,311.15,7.53,88.6, ,enzymatic assay and spectrophotometry,phosphate (0.025 mol dm-3),mol/L; IS=0.25  ,2.6.1.52, ,0.0 Mg2+,0.25, , 
2875,3028.0,3932.0,pyrroline-5-carboxylate reductase,kegg:C00148 + kegg:C00006 = kegg:C03912 + kegg:C00005,CHB_17203 + CHB_18009 = CHB_16474 + CHB_58667,(S)-proline(aq) + NADP(aq) = Î”1-pyrroline-2-carboxylate(aq) + NADPH(aq),Pahlich E.; Jdger H.-J.; Kaschel E.; Z. Pflanzenphysiol.; 101 137 (1981).,81PAH/JAG_294, , ,298.15,9.23,4.30E-05, ,spectrophotometry,glycine + NaOH (0.15 mol dm-3),mol/L;glycine-NaOH=0.15  ,1.5.1.2, , , , , 
2876,3029.0,712.0,adenylate kinase,2 kegg:C00008 = kegg:C00020 + kegg:C00002,2 CHB_16761 = CHB_15422 + CHB_16027,2 ADP(aq) = AMP(aq) + ATP(aq),Ramotar K.; Pickard M.A.; Can. J. Microbiol.; 27 1053 (1981).,81RAM/PIC_652, , ,303.15,7.4,1.09, ,radioactivity,Tris (0.075 mol dm-3) + HCl,mol/L;Tris-HCl=0.075;(Mg)1(Cl)2=0.015  ,2.7.4.3, , , , , 
2877,3030.0,3804.0,creatine kinase,kegg:C00002 + kegg:C00300 = kegg:C00008 + kegg:C02305,CHB_15422 + CHB_16919 = CHB_16761 + CHB_17287,ATP(aq) + creatine(aq) = ADP(aq) + phosphocreatine(aq),Rao B.D.N.; Cohn M.; J. Biol. Chem.; 256 1716 (1981).,81RAO/COH_600,7462219.0, ,277.15,7.8,0.08, ,NMR,potassium Hepes (0.15 mol dm-3),mol/L;potassium HEPES=0.15;magnesium acetate=0.006;(K)1(Cl)1=0.05  ,2.7.3.2, , , , , 
2878,3031.0,2368.0,D-xylulose reductase,kegg:C00379 + kegg:C00003 = kegg:C00310 + kegg:C00004,CHB_15846 + CHB_17151 = CHB_16908 + CHS_388344,xylitol(aq) + NAD(aq) = D-xylulose(aq) + NADH(aq),Sugai J.K.; Veiga L.A.; An. Acad. Brasil Cienc.; 53 183 (1981).,81SUG/VEI_53,7197134.0, ,298.15,9.5,0.06, ,spectrophotometry,glycine (0.030 mol dm-3) + NaOH,mol/L;glycine-NaOH=0.03  ,1.1.1.9, , , , , 
2879,3032.0,3642.0,"GDP-D-mannose 3,5-epimerase",kegg:C00096 = kegg:C02280,CHB_15820 = CHB_18038,GDPmannose(aq) = GDP-L-galactose(aq),Barber G.A.; Hebda P.A.; Methods Enzymol.; 83 522 (1982).,82BAR/HEB_1277, , ,310.15,8.0,0.52, , ,Tris (0.04 mol dm-3) + HCl,mol/L;Tris-HCl=0.04  ,5.1.3.18, , , , , 
2880,3045.0,2550.0,inorganic pyrophosphatase,kegg:C00013 + kegg:C00001 = 2 kegg:C00009,CHB_15377 + CHB_18361 = 2 CHB_26078,pyrophosphate(aq) + H2O(l) = 2 orthophosphate(aq),de Meis L.; Ann. N.Y. Acad. Sci.; 402 535 (1982).,82DEM_1064, , ,293.15,7.8,126, ,radioactivity,Tris + maleate (0.10 mol dm-3),2.0 = -log[Mg+2] _ mol/L;Tris-maleate=0.1;(Mg)1(Cl)2=0.01 _ MgCl2 (0.01 mol/L) _ ,3.6.1.1, ,0.01 MgCl2, , , 
2881,3038.0,2552.0,inorganic pyrophosphatase,kegg:C00013 + kegg:C00001 = 2 kegg:C00009,CHB_15377 + CHB_18361 = 2 CHB_26078,pyrophosphate(aq) + H2O(l) = 2 orthophosphate(aq),de Meis L.; Ann. N.Y. Acad. Sci.; 402 535 (1982).,82DEM_1064, , ,293.15,7.8,320, ,radioactivity,Tris + maleate (0.10 mol dm-3),1.6 = -log[Mg+2] _ mol/L;Tris-maleate=0.1;(Mg)1(Cl)2=0.025 _ MgCl2 (0.025 mol/L) _ ,3.6.1.1, ,0.025 MgCl2, , , 
2882,3046.0,2558.0,inorganic pyrophosphatase,kegg:C00013 + kegg:C00001 = 2 kegg:C00009,CHB_15377 + CHB_18361 = 2 CHB_26078,pyrophosphate(aq) + H2O(l) = 2 orthophosphate(aq),de Meis L.; Ann. N.Y. Acad. Sci.; 402 535 (1982).,82DEM_1064, , ,299.15,7.8,156, ,radioactivity,Tris + maleate (0.10 mol dm-3),2.0 = -log[Mg+2] _ mol/L;Tris-maleate=0.1;(Mg)1(Cl)2=0.01 _ MgCl2 (0.01 mol/L) _ ,3.6.1.1, ,0.01 MgCl2, , , 
2883,3039.0,2564.0,inorganic pyrophosphatase,kegg:C00013 + kegg:C00001 = 2 kegg:C00009,CHB_15377 + CHB_18361 = 2 CHB_26078,pyrophosphate(aq) + H2O(l) = 2 orthophosphate(aq),de Meis L.; Ann. N.Y. Acad. Sci.; 402 535 (1982).,82DEM_1064, , ,299.15,7.8,372, ,radioactivity,Tris + maleate (0.10 mol dm-3),1.6 = -log[Mg+2] _ mol/L;Tris-maleate=0.1;(Mg)1(Cl)2=0.025 _ MgCl2 (0.025 mol/L) _ ,3.6.1.1, ,0.025 MgCl2, , , 
2884,3047.0,2561.0,inorganic pyrophosphatase,kegg:C00013 + kegg:C00001 = 2 kegg:C00009,CHB_15377 + CHB_18361 = 2 CHB_26078,pyrophosphate(aq) + H2O(l) = 2 orthophosphate(aq),de Meis L.; Ann. N.Y. Acad. Sci.; 402 535 (1982).,82DEM_1064, , ,303.15,7.8,187, ,radioactivity,Tris + maleate (0.10 mol dm-3),2.0 = -log[Mg+2] _ mol/L;Tris-maleate=0.1;(Mg)1(Cl)2=0.01 _ MgCl2 (0.01 mol/L) _ ,3.6.1.1, ,0.01 MgCl2, , , 
2885,3040.0,2553.0,inorganic pyrophosphatase,kegg:C00013 + kegg:C00001 = 2 kegg:C00009,CHB_15377 + CHB_18361 = 2 CHB_26078,pyrophosphate(aq) + H2O(l) = 2 orthophosphate(aq),de Meis L.; Ann. N.Y. Acad. Sci.; 402 535 (1982).,82DEM_1064, , ,303.15,7.8,466, ,radioactivity,Tris + maleate (0.10 mol dm-3),1.6 = -log[Mg+2] _ mol/L;Tris-maleate=0.1;(Mg)1(Cl)2=0.025 _ MgCl2 (0.025 mol/L) _ ,3.6.1.1, ,0.025 MgCl2, , , 
2886,3050.0,2545.0,inorganic pyrophosphatase,kegg:C00013 + kegg:C00001 = 2 kegg:C00009,CHB_15377 + CHB_18361 = 2 CHB_26078,pyrophosphate(aq) + H2O(l) = 2 orthophosphate(aq),de Meis L.; Ann. N.Y. Acad. Sci.; 402 535 (1982).,82DEM_1064, , ,308.15,6.0,303, ,radioactivity,Tris + maleate (0.10 mol dm-3),2.0 = -log[Mg+2] _ mol/L;Tris-maleate=0.1;(Mg)1(Cl)2=0.01 _ MgCl2 (0.01 mol/L) _ ,3.6.1.1, ,0.01 MgCl2, , , 
2887,3041.0,2546.0,inorganic pyrophosphatase,kegg:C00013 + kegg:C00001 = 2 kegg:C00009,CHB_15377 + CHB_18361 = 2 CHB_26078,pyrophosphate(aq) + H2O(l) = 2 orthophosphate(aq),de Meis L.; Ann. N.Y. Acad. Sci.; 402 535 (1982).,82DEM_1064, , ,308.15,6.0,520, ,radioactivity,Tris + maleate (0.10 mol dm-3),1.6 = -log[Mg+2] _ mol/L;Tris-maleate=0.1;(Mg)1(Cl)2=0.025 _ MgCl2 (0.025 mol/L) _ ,3.6.1.1, ,0.025 MgCl2, , , 
2888,3036.0,2547.0,inorganic pyrophosphatase,kegg:C00013 + kegg:C00001 = 2 kegg:C00009,CHB_15377 + CHB_18361 = 2 CHB_26078,pyrophosphate(aq) + H2O(l) = 2 orthophosphate(aq),de Meis L.; Ann. N.Y. Acad. Sci.; 402 535 (1982).,82DEM_1064, , ,308.15,6.0,949, ,radioactivity,Tris + maleate (0.10 mol dm-3),1.3 = -log[Mg+2] _ mol/L;Tris-maleate=0.1;(Mg)1(Cl)2=0.05 _ MgCl2 (0.05 mol/L) _ ,3.6.1.1, ,0.05 MgCl2, , , 
2889,3033.0,2557.0,inorganic pyrophosphatase,kegg:C00013 + kegg:C00001 = 2 kegg:C00009,CHB_15377 + CHB_18361 = 2 CHB_26078,pyrophosphate(aq) + H2O(l) = 2 orthophosphate(aq),de Meis L.; Ann. N.Y. Acad. Sci.; 402 535 (1982).,82DEM_1064, , ,308.15,6.0,2660, ,radioactivity,Tris + maleate (0.10 mol dm-3),1.0 = -log[Mg+2] _ mol/L;Tris-maleate=0.1;(Mg)1(Cl)2=0.1 _ MgCl2 (0.1 mol/L) _ ,3.6.1.1, ,0.1 MgCl2, , , 
2890,3052.0,2548.0,inorganic pyrophosphatase,kegg:C00013 + kegg:C00001 = 2 kegg:C00009,CHB_15377 + CHB_18361 = 2 CHB_26078,pyrophosphate(aq) + H2O(l) = 2 orthophosphate(aq),de Meis L.; Ann. N.Y. Acad. Sci.; 402 535 (1982).,82DEM_1064, , ,308.15,7.0,79, ,radioactivity,Tris + maleate (0.10 mol dm-3),4.0 = -log[Mg+2] _ mol/L;Tris-maleate=0.1;(Mg)1(Cl)2=0.0001 _ MgCl2 (0.0001 mol/L) _ ,3.6.1.1, ,0.0001 MgCl2, , , 
2891,3051.0,2556.0,inorganic pyrophosphatase,kegg:C00013 + kegg:C00001 = 2 kegg:C00009,CHB_15377 + CHB_18361 = 2 CHB_26078,pyrophosphate(aq) + H2O(l) = 2 orthophosphate(aq),de Meis L.; Ann. N.Y. Acad. Sci.; 402 535 (1982).,82DEM_1064, , ,308.15,7.0,125, ,radioactivity,Tris + maleate (0.10 mol dm-3),3.0 = -log[Mg+2] _ mol/L;Tris-maleate=0.1;(Mg)1(Cl)2=0.001 _ MgCl2 (0.001 mol/L) _ ,3.6.1.1, ,0.001 MgCl2, , , 
2892,3043.0,2549.0,inorganic pyrophosphatase,kegg:C00013 + kegg:C00001 = 2 kegg:C00009,CHB_15377 + CHB_18361 = 2 CHB_26078,pyrophosphate(aq) + H2O(l) = 2 orthophosphate(aq),de Meis L.; Ann. N.Y. Acad. Sci.; 402 535 (1982).,82DEM_1064, , ,308.15,7.0,687, ,radioactivity,Tris + maleate (0.10 mol dm-3),1.6 = -log[Mg+2] _ mol/L;Tris-maleate=0.1;(Mg)1(Cl)2=0.025 _ MgCl2 (0.025 mol/L) _ ,3.6.1.1, ,0.025 MgCl2, , , 
2893,3037.0,2559.0,inorganic pyrophosphatase,kegg:C00013 + kegg:C00001 = 2 kegg:C00009,CHB_15377 + CHB_18361 = 2 CHB_26078,pyrophosphate(aq) + H2O(l) = 2 orthophosphate(aq),de Meis L.; Ann. N.Y. Acad. Sci.; 402 535 (1982).,82DEM_1064, , ,308.15,7.0,2060, ,radioactivity,Tris + maleate (0.10 mol dm-3),1.3 = -log[Mg+2] _ mol/L;Tris-maleate=0.1;(Mg)1(Cl)2=0.05 _ MgCl2 (0.05 mol/L) _ ,3.6.1.1, ,0.05 MgCl2, , , 
2894,3035.0,2560.0,inorganic pyrophosphatase,kegg:C00013 + kegg:C00001 = 2 kegg:C00009,CHB_15377 + CHB_18361 = 2 CHB_26078,pyrophosphate(aq) + H2O(l) = 2 orthophosphate(aq),de Meis L.; Ann. N.Y. Acad. Sci.; 402 535 (1982).,82DEM_1064, , ,308.15,7.0,231, ,radioactivity,Tris + maleate (0.10 mol dm-3),1.2 = -log[Mg+2] _ mol/L;Tris-maleate=0.1;(Mg)1(Cl)2=0.063 _ MgCl2 (0.063 mol/L) _ ,3.6.1.1, ,0.063 MgCl2, , , 
2895,3034.0,2563.0,inorganic pyrophosphatase,kegg:C00013 + kegg:C00001 = 2 kegg:C00009,CHB_15377 + CHB_18361 = 2 CHB_26078,pyrophosphate(aq) + H2O(l) = 2 orthophosphate(aq),de Meis L.; Ann. N.Y. Acad. Sci.; 402 535 (1982).,82DEM_1064, , ,308.15,7.0,12400, ,radioactivity,Tris + maleate (0.10 mol dm-3),1.0 = -log[Mg+2] _ mol/L;Tris-maleate=0.1;(Mg)1(Cl)2=0.1 _ MgCl2 (0.1 mol/L) _ ,3.6.1.1, ,0.1 MgCl2, , , 
2896,3048.0,2551.0,inorganic pyrophosphatase,kegg:C00013 + kegg:C00001 = 2 kegg:C00009,CHB_15377 + CHB_18361 = 2 CHB_26078,pyrophosphate(aq) + H2O(l) = 2 orthophosphate(aq),de Meis L.; Ann. N.Y. Acad. Sci.; 402 535 (1982).,82DEM_1064, , ,308.15,7.8,235, ,radioactivity,Tris + maleate (0.10 mol dm-3),2.0 = -log[Mg+2] _ mol/L;Tris-maleate=0.1;(Mg)1(Cl)2=0.01 _ MgCl2 (0.01 mol/L) _ ,3.6.1.1, ,0.01 MgCl2, , , 
2897,3042.0,2554.0,inorganic pyrophosphatase,kegg:C00013 + kegg:C00001 = 2 kegg:C00009,CHB_15377 + CHB_18361 = 2 CHB_26078,pyrophosphate(aq) + H2O(l) = 2 orthophosphate(aq),de Meis L.; Ann. N.Y. Acad. Sci.; 402 535 (1982).,82DEM_1064, , ,308.15,7.8,572, ,radioactivity,Tris + maleate (0.10 mol dm-3),1.6 = -log[Mg+2] _ mol/L;Tris-maleate=0.1;(Mg)1(Cl)2=0.025 _ MgCl2 (0.025 mol/L) _ ,3.6.1.1, ,0.025 MgCl2, , , 
2898,3049.0,2562.0,inorganic pyrophosphatase,kegg:C00013 + kegg:C00001 = 2 kegg:C00009,CHB_15377 + CHB_18361 = 2 CHB_26078,pyrophosphate(aq) + H2O(l) = 2 orthophosphate(aq),de Meis L.; Ann. N.Y. Acad. Sci.; 402 535 (1982).,82DEM_1064, , ,313.15,7.8,294, ,radioactivity,Tris + maleate (0.10 mol dm-3),2.0 = -log[Mg+2] _ mol/L;Tris-maleate=0.1;(Mg)1(Cl)2=0.01 _ MgCl2 (0.01 mol/L) _ ,3.6.1.1, ,0.01 MgCl2, , , 
2899,3044.0,2555.0,inorganic pyrophosphatase,kegg:C00013 + kegg:C00001 = 2 kegg:C00009,CHB_15377 + CHB_18361 = 2 CHB_26078,pyrophosphate(aq) + H2O(l) = 2 orthophosphate(aq),de Meis L.; Ann. N.Y. Acad. Sci.; 402 535 (1982).,82DEM_1064, , ,313.15,7.8,865, ,radioactivity,Tris + maleate (0.10 mol dm-3),1.6 = -log[Mg+2] _ mol/L;Tris-maleate=0.1;(Mg)1(Cl)2=0.025 _ MgCl2 (0.025 mol/L) _ ,3.6.1.1, ,0.025 MgCl2, , , 
2900,3054.0, ,aminoacylase, ,CHB_15377 + CHB_40992 = CHB_16977 + CHB_30089,N-acetyl-L-alanine(aq) + H2O(l) = acetate(aq) + L-alanine(aq),Galaev I.Yu.; Svedas V.K.; Biochim. Biophys. Acta; 701 389 (1982).,82GAL/SVE_1019, , ,298.15,7.5,5.6, ,spectrophotometry,phosphate (0.1 mol dm-3),mol/L;phosphate buffer=0.1;N-acetyl-L-alanine=0.03;acetate=0;L-alanine=0  ,3.5.1.14, , , , , 
2901,3055, ,aminoacylase, ,CHB_15377 + CHB_17645 = CHB_30089 + CHB_35619,N-acetyl-L-Î±-amino-n-butyrate(aq) + H2O(l) = acetate(aq) + L-Î±-amino-n-butyrate(aq),Galaev I.Yu.; Svedas V.K.; Biochim. Biophys. Acta; 701 389 (1982).,82GAL/SVE_1021, , ,298.15,7.5,5.5, ,spectrophotometry,phosphate (0.1 mol dm-3),mol/L;phosphate buffer=0.1;N-acetyl-L-amino-n-butyrate=0.03;acetate=0;L-amino-n-butyrate=0 _ nan _ ,3.5.1.14, , ,, , 
2902,3053.0, ,aminoacylase, ,CHB_15377 + PBC_10972 = CHB_15428 + CHB_30089,N-acetyl-L-glycine(aq) + H2O(l) = acetate(aq) + glycine(aq),Galaev I.Yu.; Svedas V.K.; Biochim. Biophys. Acta; 701 389 (1982).,82GAL/SVE_1022, , ,298.15,7.5,4.5, ,spectrophotometry,phosphate (0.1 mol dm-3),mol/L;phosphate buffer=0.1;N-acetyl-L-glycine=0.03;acetate=0;glycine=0  ,3.5.1.14, , , , , 
2903,3056.0,3356.0,aminoacylase,kegg:C02712 + kegg:C00001 = kegg:C00033 + kegg:C00073,CHB_15377 + CHB_21557 = CHB_16643 + CHB_30089,N-acetyl-L-methionine(aq) + H2O(l) = acetate(aq) + L-methionine(aq),Galaev I.Yu.; Svedas V.K.; Biochim. Biophys. Acta; 701 389 (1982).,82GAL/SVE_1024, , ,298.15,7.5,3.7, ,spectrophotometry,phosphate (0.1 mol dm-3),mol/L;phosphate buffer=0.1;N-acetyl-L-methionine=0.03;acetate=0;L-methionine=0  ,3.5.1.14, , , , , 
2904,3057.0, ,aminoacylase, ,CHB_15377 + PBC_306142 = CHB_18347 + CHB_30089,N-acetyl-L-norleucine(aq) + H2O(l) = acetate(aq) + L-norleucine(aq),Galaev I.Yu.; Svedas V.K.; Biochim. Biophys. Acta; 701 389 (1982).,82GAL/SVE_1028, , ,298.15,7.5,12.5, ,spectrophotometry,phosphate (0.1 mol dm-3),mol/L;phosphate buffer=0.1;N-acetyl-L-norleucine=0.03;acetate=0;L-norleucine=0  ,3.5.1.14, , , , , 
2905,3058.0, ,aminoacylase, ,CHB_15377 + PBC_5708661 = CHB_18314 + CHB_30089,N-acetyl-L-norvaline(aq) + H2O(l) = acetate(aq) + L-norvaline(aq),Galaev I.Yu.; Svedas V.K.; Biochim. Biophys. Acta; 701 389 (1982).,82GAL/SVE_1029, , ,298.15,7.5,10.5, ,spectrophotometry,phosphate (0.1 mol dm-3),mol/L;phosphate buffer=0.1;N-acetyl-L-norvaline=0.03;acetate=0;L-norvaline=0  ,3.5.1.14, , , , , 
2906,3156.0,3161.0,phosphoserine phosphatase,kegg:C01005 + kegg:C00001 = kegg:C00065 + kegg:C00009,CHB_15377 + CHB_15811 = CHB_17115 + CHB_26078,L-O-phosphoserine(aq) + H2O(l) = L-serine(aq) + orthophosphate(aq),Guynn R.W.; Thames H.; Arch. Biochem. Biophys.; 215 514 (1982).,82GUY/THA_828,6284052.0,10.1016/0003-9861(82)90110-2,311.15,5.9,125, ,spectrophotometry, ,mol/L;L-O-phosphoserine=0.000163;orthophosphate=0.1015;L-serine=0.2014;K+_tot=0.163;IS=0.25  ,3.1.3.3, ,0.0 MgCl2,0.25, , 
2907,3157.0,3162.0,phosphoserine phosphatase,kegg:C01005 + kegg:C00001 = kegg:C00065 + kegg:C00009,CHB_15377 + CHB_15811 = CHB_17115 + CHB_26078,L-O-phosphoserine(aq) + H2O(l) = L-serine(aq) + orthophosphate(aq),Guynn R.W.; Thames H.; Arch. Biochem. Biophys.; 215 514 (1982).,82GUY/THA_828,6284052.0,10.1016/0003-9861(82)90110-2,311.15,5.99,122.3, ,spectrophotometry, ,mol/L;L-O-phosphoserine=0.000163;orthophosphate=0.1;L-serine=0.1998;K+_tot=0.155;IS=0.25  ,3.1.3.3, ,0.0 MgCl2,0.25, , 
2908,3158.0,3163.0,phosphoserine phosphatase,kegg:C01005 + kegg:C00001 = kegg:C00065 + kegg:C00009,CHB_15377 + CHB_15811 = CHB_17115 + CHB_26078,L-O-phosphoserine(aq) + H2O(l) = L-serine(aq) + orthophosphate(aq),Guynn R.W.; Thames H.; Arch. Biochem. Biophys.; 215 514 (1982).,82GUY/THA_828,6284052.0,10.1016/0003-9861(82)90110-2,311.15,6.47,76.8, ,spectrophotometry, ,mol/L;L-O-phosphoserine=0.000266;orthophosphate=0.1015;L-serine=0.2012;K+_tot=0.181;IS=0.25  ,3.1.3.3, ,0.0 MgCl2,0.25, , 
2909,3159.0,3182.0,phosphoserine phosphatase,kegg:C01005 + kegg:C00001 = kegg:C00065 + kegg:C00009,CHB_15377 + CHB_15811 = CHB_17115 + CHB_26078,L-O-phosphoserine(aq) + H2O(l) = L-serine(aq) + orthophosphate(aq),Guynn R.W.; Thames H.; Arch. Biochem. Biophys.; 215 514 (1982).,82GUY/THA_828,6284052.0,10.1016/0003-9861(82)90110-2,311.15,6.49,68.6, ,spectrophotometry, ,mol/L;L-O-phosphoserine=0.000298;orthophosphate=0.1015;L-serine=0.2012;K+_tot=0.181;IS=0.25  ,3.1.3.3, ,0.0 MgCl2,0.25, , 
2910,3160.0,3164.0,phosphoserine phosphatase,kegg:C01005 + kegg:C00001 = kegg:C00065 + kegg:C00009,CHB_15377 + CHB_15811 = CHB_17115 + CHB_26078,L-O-phosphoserine(aq) + H2O(l) = L-serine(aq) + orthophosphate(aq),Guynn R.W.; Thames H.; Arch. Biochem. Biophys.; 215 514 (1982).,82GUY/THA_828,6284052.0,10.1016/0003-9861(82)90110-2,311.15,6.52,70.4, ,spectrophotometry, ,mol/L;L-O-phosphoserine=0.000284;orthophosphate=0.1;L-serine=0.1997;K+_tot=0.181;IS=0.25  ,3.1.3.3, ,0.0 MgCl2,0.25, , 
2911,3161.0,3165.0,phosphoserine phosphatase,kegg:C01005 + kegg:C00001 = kegg:C00065 + kegg:C00009,CHB_15377 + CHB_15811 = CHB_17115 + CHB_26078,L-O-phosphoserine(aq) + H2O(l) = L-serine(aq) + orthophosphate(aq),Guynn R.W.; Thames H.; Arch. Biochem. Biophys.; 215 514 (1982).,82GUY/THA_828,6284052.0,10.1016/0003-9861(82)90110-2,311.15,6.53,74.2, ,spectrophotometry, ,mol/L;L-O-phosphoserine=0.000269;orthophosphate=0.1;L-serine=0.1997;K+_tot=0.181;IS=0.25  ,3.1.3.3, ,0.0 MgCl2,0.25, , 
2912,3163.0,3166.0,phosphoserine phosphatase,kegg:C01005 + kegg:C00001 = kegg:C00065 + kegg:C00009,CHB_15377 + CHB_15811 = CHB_17115 + CHB_26078,L-O-phosphoserine(aq) + H2O(l) = L-serine(aq) + orthophosphate(aq),Guynn R.W.; Thames H.; Arch. Biochem. Biophys.; 215 514 (1982).,82GUY/THA_828,6284052.0,10.1016/0003-9861(82)90110-2,311.15,6.89,55.1, ,spectrophotometry, ,mol/L;L-O-phosphoserine=0.000205;orthophosphate=0.0752;L-serine=0.1503;K+_tot=0.225;IS=0.25  ,3.1.3.3, ,0.0 MgCl2,0.25, , 
2913,3165.0, ,phosphoserine phosphatase, ,CHB_15377 + CHB_15811 = CHB_17115 + CHB_26078,L-O-phosphoserine(aq) + H2O(l) = L-serine(aq) + orthophosphate(aq),Guynn R.W.; Thames H.; Arch. Biochem. Biophys.; 215 514 (1982).,82GUY/THA_828,6284052.0,10.1016/0003-9861(82)90110-2,311.15,6.89,55.1, ,spectrophotometry, ,mol/L;L-O-phosphoserine=0.000205;orthophosphate=0.0752;L-serine=0.1503;K+_tot=0.225;IS=0.25  ,3.1.3.3, ,0.0 MgCl2,0.25, , 
2914,3162.0,3179.0,phosphoserine phosphatase,kegg:C01005 + kegg:C00001 = kegg:C00065 + kegg:C00009,CHB_15377 + CHB_15811 = CHB_17115 + CHB_26078,L-O-phosphoserine(aq) + H2O(l) = L-serine(aq) + orthophosphate(aq),Guynn R.W.; Thames H.; Arch. Biochem. Biophys.; 215 514 (1982).,82GUY/THA_828,6284052.0,10.1016/0003-9861(82)90110-2,311.15,6.89,56.5, ,spectrophotometry, ,mol/L;L-O-phosphoserine=0.000205;orthophosphate=0.0764;L-serine=0.1515;K+_tot=0.225;IS=0.25  ,3.1.3.3, ,0.0 MgCl2,0.25, , 
2915,3164.0,3167.0,phosphoserine phosphatase,kegg:C01005 + kegg:C00001 = kegg:C00065 + kegg:C00009,CHB_15377 + CHB_15811 = CHB_17115 + CHB_26078,L-O-phosphoserine(aq) + H2O(l) = L-serine(aq) + orthophosphate(aq),Guynn R.W.; Thames H.; Arch. Biochem. Biophys.; 215 514 (1982).,82GUY/THA_828,6284052.0,10.1016/0003-9861(82)90110-2,311.15,6.89,58.4, ,spectrophotometry, ,mol/L;L-O-phosphoserine=0.000199;orthophosphate=0.0765;L-serine=0.1516;K+_tot=0.225;IS=0.25  ,3.1.3.3, ,0.0 MgCl2,0.25, , 
2916,3168.0,3185.0,phosphoserine phosphatase,kegg:C01005 + kegg:C00001 = kegg:C00065 + kegg:C00009,CHB_15377 + CHB_15811 = CHB_17115 + CHB_26078,L-O-phosphoserine(aq) + H2O(l) = L-serine(aq) + orthophosphate(aq),Guynn R.W.; Thames H.; Arch. Biochem. Biophys.; 215 514 (1982).,82GUY/THA_828,6284052.0,10.1016/0003-9861(82)90110-2,311.15,6.91,57.7, ,spectrophotometry, ,mol/L;L-O-phosphoserine=0.000352;orthophosphate=0.1012;L-serine=0.2012;K+_tot=0.21;IS=0.25  ,3.1.3.3, ,0.0 MgCl2,0.25, , 
2917,3167.0,3169.0,phosphoserine phosphatase,kegg:C01005 + kegg:C00001 = kegg:C00065 + kegg:C00009,CHB_15377 + CHB_15811 = CHB_17115 + CHB_26078,L-O-phosphoserine(aq) + H2O(l) = L-serine(aq) + orthophosphate(aq),Guynn R.W.; Thames H.; Arch. Biochem. Biophys.; 215 514 (1982).,82GUY/THA_828,6284052.0,10.1016/0003-9861(82)90110-2,311.15,6.91,59.4, ,spectrophotometry, ,mol/L;L-O-phosphoserine=0.000343;orthophosphate=0.1012;L-serine=0.2012;K+_tot=0.21;IS=0.25  ,3.1.3.3, ,0.0 MgCl2,0.25, , 
2918,3166.0,3168.0,phosphoserine phosphatase,kegg:C01005 + kegg:C00001 = kegg:C00065 + kegg:C00009,CHB_15377 + CHB_15811 = CHB_17115 + CHB_26078,L-O-phosphoserine(aq) + H2O(l) = L-serine(aq) + orthophosphate(aq),Guynn R.W.; Thames H.; Arch. Biochem. Biophys.; 215 514 (1982).,82GUY/THA_828,6284052.0,10.1016/0003-9861(82)90110-2,311.15,6.91,59.8, ,spectrophotometry, ,mol/L;L-O-phosphoserine=0.00034;orthophosphate=0.1012;L-serine=0.2012;K+_tot=0.21;IS=0.25  ,3.1.3.3, ,0.0 MgCl2,0.25, , 
2919,3169.0,3171.0,phosphoserine phosphatase,kegg:C01005 + kegg:C00001 = kegg:C00065 + kegg:C00009,CHB_15377 + CHB_15811 = CHB_17115 + CHB_26078,L-O-phosphoserine(aq) + H2O(l) = L-serine(aq) + orthophosphate(aq),Guynn R.W.; Thames H.; Arch. Biochem. Biophys.; 215 514 (1982).,82GUY/THA_828,6284052.0,10.1016/0003-9861(82)90110-2,311.15,6.92,59.8, ,spectrophotometry, ,mol/L;L-O-phosphoserine=0.000343;orthophosphate=0.1017;L-serine=0.2018;K+_tot=0.21;IS=0.25  ,3.1.3.3, ,0.0 MgCl2,0.25, , 
2920,3172.0,3172.0,phosphoserine phosphatase,kegg:C01005 + kegg:C00001 = kegg:C00065 + kegg:C00009,CHB_15377 + CHB_15811 = CHB_17115 + CHB_26078,L-O-phosphoserine(aq) + H2O(l) = L-serine(aq) + orthophosphate(aq),Guynn R.W.; Thames H.; Arch. Biochem. Biophys.; 215 514 (1982).,82GUY/THA_828,6284052.0,10.1016/0003-9861(82)90110-2,311.15,6.95,52.8, ,spectrophotometry, ,mol/L;L-O-phosphoserine=0.000377;orthophosphate=0.0996;L-serine=0.1996;K+_tot=0.21;IS=0.25  ,3.1.3.3, ,0.0 MgCl2,0.25, , 
2921,3170.0,3183.0,phosphoserine phosphatase,kegg:C01005 + kegg:C00001 = kegg:C00065 + kegg:C00009,CHB_15377 + CHB_15811 = CHB_17115 + CHB_26078,L-O-phosphoserine(aq) + H2O(l) = L-serine(aq) + orthophosphate(aq),Guynn R.W.; Thames H.; Arch. Biochem. Biophys.; 215 514 (1982).,82GUY/THA_828,6284052.0,10.1016/0003-9861(82)90110-2,311.15,6.95,57.2, ,spectrophotometry, ,mol/L;L-O-phosphoserine=0.000348;orthophosphate=0.0996;L-serine=0.1996;K+_tot=0.21;IS=0.25  ,3.1.3.3, ,0.0 MgCl2,0.25, , 
2922,3171.0, ,phosphoserine phosphatase, ,CHB_15377 + CHB_15811 = CHB_17115 + CHB_26078,L-O-phosphoserine(aq) + H2O(l) = L-serine(aq) + orthophosphate(aq),Guynn R.W.; Thames H.; Arch. Biochem. Biophys.; 215 514 (1982).,82GUY/THA_828,6284052.0,10.1016/0003-9861(82)90110-2,311.15,6.95,57.2, ,spectrophotometry, ,mol/L;L-O-phosphoserine=0.000348;orthophosphate=0.0996;L-serine=0.1996;K+_tot=0.21;IS=0.25  ,3.1.3.3, ,0.0 MgCl2,0.25, , 
2923,3173.0, ,phosphoserine phosphatase, ,CHB_15377 + CHB_15811 = CHB_17115 + CHB_26078,L-O-phosphoserine(aq) + H2O(l) = L-serine(aq) + orthophosphate(aq),Guynn R.W.; Thames H.; Arch. Biochem. Biophys.; 215 514 (1982).,82GUY/THA_828,6284052.0,10.1016/0003-9861(82)90110-2,311.15,6.95,57.2, ,spectrophotometry, ,mol/L;L-O-phosphoserine=0.000348;orthophosphate=0.0996;L-serine=0.1996;K+_tot=0.21;IS=0.25  ,3.1.3.3, ,0.0 MgCl2,0.25, , 
2924,3192.0,3158.0,phosphoserine phosphatase,kegg:C01005 + kegg:C00001 = kegg:C00065 + kegg:C00009,CHB_15377 + CHB_15811 = CHB_17115 + CHB_26078,L-O-phosphoserine(aq) + H2O(l) = L-serine(aq) + orthophosphate(aq),Guynn R.W.; Thames H.; Arch. Biochem. Biophys.; 215 514 (1982).,82GUY/THA_828,6284052.0,10.1016/0003-9861(82)90110-2,311.15,6.98,50.6, ,spectrophotometry, ,mol/L;L-O-phosphoserine=0.000039;orthophosphate=0.00997;L-serine=0.1998;K+_tot=0.17;IS=0.25;Mg2+_tot=0.02  ,3.1.3.3, ,0.0 MgCl2,0.12 & 0.25, , 
2925,3174.0,3193.0,phosphoserine phosphatase,kegg:C01005 + kegg:C00001 = kegg:C00065 + kegg:C00009,CHB_15377 + CHB_15811 = CHB_17115 + CHB_26078,L-O-phosphoserine(aq) + H2O(l) = L-serine(aq) + orthophosphate(aq),Guynn R.W.; Thames H.; Arch. Biochem. Biophys.; 215 514 (1982).,82GUY/THA_828,6284052.0,10.1016/0003-9861(82)90110-2,311.15,6.98,54.8, ,spectrophotometry, ,mol/L;L-O-phosphoserine=0.000365;orthophosphate=0.1002;L-serine=0.2;K+_tot=0.21;IS=0.25  ,3.1.3.3, ,0.0 MgCl2,0.12 & 0.25, , 
2926,3193.0,3173.0,phosphoserine phosphatase,kegg:C01005 + kegg:C00001 = kegg:C00065 + kegg:C00009,CHB_15377 + CHB_15811 = CHB_17115 + CHB_26078,L-O-phosphoserine(aq) + H2O(l) = L-serine(aq) + orthophosphate(aq),Guynn R.W.; Thames H.; Arch. Biochem. Biophys.; 215 514 (1982).,82GUY/THA_828,6284052.0,10.1016/0003-9861(82)90110-2,311.15,6.98,54.9, ,spectrophotometry, ,mol/L;L-O-phosphoserine=0.000189;orthophosphate=0.0515;L-serine=0.201;K+_tot=0.1;IS=0.12  ,3.1.3.3, ,0.0 MgCl2,0.25 & 0.12, , 
2927,3196.0,3187.0,phosphoserine phosphatase,kegg:C01005 + kegg:C00001 = kegg:C00065 + kegg:C00009,CHB_15377 + CHB_15811 = CHB_17115 + CHB_26078,L-O-phosphoserine(aq) + H2O(l) = L-serine(aq) + orthophosphate(aq),Guynn R.W.; Thames H.; Arch. Biochem. Biophys.; 215 514 (1982).,82GUY/THA_828,6284052.0,10.1016/0003-9861(82)90110-2,311.15,6.98,56.1, ,spectrophotometry, ,mol/L;L-O-phosphoserine=0.000178;orthophosphate=0.05;L-serine=0.2;K+_tot=0.39;IS=0.41  ,3.1.3.3, ,0.0 MgCl2,0.41, , 
2928,3195.0,3159.0,phosphoserine phosphatase,kegg:C01005 + kegg:C00001 = kegg:C00065 + kegg:C00009,CHB_15377 + CHB_15811 = CHB_17115 + CHB_26078,L-O-phosphoserine(aq) + H2O(l) = L-serine(aq) + orthophosphate(aq),Guynn R.W.; Thames H.; Arch. Biochem. Biophys.; 215 514 (1982).,82GUY/THA_828,6284052.0,10.1016/0003-9861(82)90110-2,311.15,6.98,58.9, ,spectrophotometry, ,mol/L;L-O-phosphoserine=0.000176;orthophosphate=0.0515;L-serine=0.201;K+_tot=0.39;IS=0.41  ,3.1.3.3, ,0.0 MgCl2,0.41, , 
2929,3198.0,3192.0,phosphoserine phosphatase,kegg:C01005 + kegg:C00001 = kegg:C00065 + kegg:C00009,CHB_15377 + CHB_15811 = CHB_17115 + CHB_26078,L-O-phosphoserine(aq) + H2O(l) = L-serine(aq) + orthophosphate(aq),Guynn R.W.; Thames H.; Arch. Biochem. Biophys.; 215 514 (1982).,82GUY/THA_828,6284052.0,10.1016/0003-9861(82)90110-2,311.15,6.98,53.9, ,spectrophotometry, ,mol/L;L-O-phosphoserine=0.000185;orthophosphate=0.05;L-serine=0.2;K+_tot=0.54;IS=0.56  ,3.1.3.3, ,0.0 MgCl2,0.56, , 
2930,3197.0,3160.0,phosphoserine phosphatase,kegg:C01005 + kegg:C00001 = kegg:C00065 + kegg:C00009,CHB_15377 + CHB_15811 = CHB_17115 + CHB_26078,L-O-phosphoserine(aq) + H2O(l) = L-serine(aq) + orthophosphate(aq),Guynn R.W.; Thames H.; Arch. Biochem. Biophys.; 215 514 (1982).,82GUY/THA_828,6284052.0,10.1016/0003-9861(82)90110-2,311.15,6.98,57.5, ,spectrophotometry, ,mol/L;L-O-phosphoserine=0.00018;orthophosphate=0.0515;L-serine=0.201;K+_tot=0.54;IS=0.56  ,3.1.3.3, ,0.0 MgCl2,0.56, , 
2931,3200.0,3176.0,phosphoserine phosphatase,kegg:C01005 + kegg:C00001 = kegg:C00065 + kegg:C00009,CHB_15377 + CHB_15811 = CHB_17115 + CHB_26078,L-O-phosphoserine(aq) + H2O(l) = L-serine(aq) + orthophosphate(aq),Guynn R.W.; Thames H.; Arch. Biochem. Biophys.; 215 514 (1982).,82GUY/THA_828,6284052.0,10.1016/0003-9861(82)90110-2,311.15,6.98,55.8, ,spectrophotometry, ,mol/L;L-O-phosphoserine=0.000179;orthophosphate=0.05;L-serine=0.2;K+_tot=0.69;IS=0.71  ,3.1.3.3, ,0.0 MgCl2,0.71, , 
2932,3199.0,3184.0,phosphoserine phosphatase,kegg:C01005 + kegg:C00001 = kegg:C00065 + kegg:C00009,CHB_15377 + CHB_15811 = CHB_17115 + CHB_26078,L-O-phosphoserine(aq) + H2O(l) = L-serine(aq) + orthophosphate(aq),Guynn R.W.; Thames H.; Arch. Biochem. Biophys.; 215 514 (1982).,82GUY/THA_828,6284052.0,10.1016/0003-9861(82)90110-2,311.15,6.98,58.2, ,spectrophotometry, ,mol/L;L-O-phosphoserine=0.000178;orthophosphate=0.0515;L-serine=0.201;K+_tot=0.69;IS=0.71  ,3.1.3.3, ,0.0 MgCl2,0.71, , 
2933,3202.0,3177.0,phosphoserine phosphatase,kegg:C01005 + kegg:C00001 = kegg:C00065 + kegg:C00009,CHB_15377 + CHB_15811 = CHB_17115 + CHB_26078,L-O-phosphoserine(aq) + H2O(l) = L-serine(aq) + orthophosphate(aq),Guynn R.W.; Thames H.; Arch. Biochem. Biophys.; 215 514 (1982).,82GUY/THA_828,6284052.0,10.1016/0003-9861(82)90110-2,311.15,6.98,55.8, ,spectrophotometry, ,mol/L;L-O-phosphoserine=0.000179;orthophosphate=0.05;L-serine=0.2;K+_tot=0.98;IS=1  ,3.1.3.3, ,0.0 MgCl2,1.0 & 1, , 
2934,3201.0,3178.0,phosphoserine phosphatase,kegg:C01005 + kegg:C00001 = kegg:C00065 + kegg:C00009,CHB_15377 + CHB_15811 = CHB_17115 + CHB_26078,L-O-phosphoserine(aq) + H2O(l) = L-serine(aq) + orthophosphate(aq),Guynn R.W.; Thames H.; Arch. Biochem. Biophys.; 215 514 (1982).,82GUY/THA_828,6284052.0,10.1016/0003-9861(82)90110-2,311.15,6.98,58.9, ,spectrophotometry, ,mol/L;L-O-phosphoserine=0.000176;orthophosphate=0.0515;L-serine=0.201;K+_tot=0.98;IS=1  ,3.1.3.3, ,0.0 MgCl2,1.0 & 1, , 
2935,3184.0,3188.0,phosphoserine phosphatase,kegg:C01005 + kegg:C00001 = kegg:C00065 + kegg:C00009,CHB_15377 + CHB_15811 = CHB_17115 + CHB_26078,L-O-phosphoserine(aq) + H2O(l) = L-serine(aq) + orthophosphate(aq),Guynn R.W.; Thames H.; Arch. Biochem. Biophys.; 215 514 (1982).,82GUY/THA_828,6284052.0,10.1016/0003-9861(82)90110-2,311.15,7.0,47.4, ,spectrophotometry, ,mol/L;L-O-phosphoserine=0.000042;orthophosphate=0.00997;L-serine=0.1997;K+_tot=0.23;IS=0.25  ,3.1.3.3, ,0.0067 MgCl2,0.25, , 
2936,3185.0,3153.0,phosphoserine phosphatase,kegg:C01005 + kegg:C00001 = kegg:C00065 + kegg:C00009,CHB_15377 + CHB_15811 = CHB_17115 + CHB_26078,L-O-phosphoserine(aq) + H2O(l) = L-serine(aq) + orthophosphate(aq),Guynn R.W.; Thames H.; Arch. Biochem. Biophys.; 215 514 (1982).,82GUY/THA_828,6284052.0,10.1016/0003-9861(82)90110-2,311.15,7.0,47.8, ,spectrophotometry, ,2.0 = -log[Mg+2] _ mol/L;L-O-phosphoserine=0.000046;orthophosphate=0.0109;L-serine=0.2008;K+_tot=0.21;IS=0.25;Mg2+_tot=0.0067  ,3.1.3.3, ,0.0067 MgCl2,0.25, , 
2937,3187.0,3190.0,phosphoserine phosphatase,kegg:C01005 + kegg:C00001 = kegg:C00065 + kegg:C00009,CHB_15377 + CHB_15811 = CHB_17115 + CHB_26078,L-O-phosphoserine(aq) + H2O(l) = L-serine(aq) + orthophosphate(aq),Guynn R.W.; Thames H.; Arch. Biochem. Biophys.; 215 514 (1982).,82GUY/THA_828,6284052.0,10.1016/0003-9861(82)90110-2,311.15,7.0,47.8, ,spectrophotometry, ,2.17 = -log[Mg+2] _ mol/L;L-O-phosphoserine=0.000046;orthophosphate=0.0109;L-serine=0.2008;K+_tot=0.2;IS=0.25;Mg2+_tot=0.01  ,3.1.3.3, ,0.01 MgCl2,0.25, , 
2938,3183.0,3154.0,phosphoserine phosphatase,kegg:C01005 + kegg:C00001 = kegg:C00065 + kegg:C00009,CHB_15377 + CHB_15811 = CHB_17115 + CHB_26078,L-O-phosphoserine(aq) + H2O(l) = L-serine(aq) + orthophosphate(aq),Guynn R.W.; Thames H.; Arch. Biochem. Biophys.; 215 514 (1982).,82GUY/THA_828,6284052.0,10.1016/0003-9861(82)90110-2,311.15,7.0,49.8, ,spectrophotometry, ,2.0 = -log[Mg+2] _ mol/L;L-O-phosphoserine=0.000044;orthophosphate=0.0109;L-serine=0.2007;K+_tot=0.23;IS=0.25  ,3.1.3.3, ,0.01 MgCl2,0.25, , 
2939,3188.0,3181.0,phosphoserine phosphatase,kegg:C01005 + kegg:C00001 = kegg:C00065 + kegg:C00009,CHB_15377 + CHB_15811 = CHB_17115 + CHB_26078,L-O-phosphoserine(aq) + H2O(l) = L-serine(aq) + orthophosphate(aq),Guynn R.W.; Thames H.; Arch. Biochem. Biophys.; 215 514 (1982).,82GUY/THA_828,6284052.0,10.1016/0003-9861(82)90110-2,311.15,7.0,49.8, ,spectrophotometry, ,1.88 = -log[Mg+2] _ mol/L;L-O-phosphoserine=0.00004;orthophosphate=0.00997;L-serine=0.1998;K+_tot=0.2;IS=0.25;Mg2+_tot=0.01  ,3.1.3.3, ,0.0133 MgCl2,0.25, , 
2940,3189.0,3155.0,phosphoserine phosphatase,kegg:C01005 + kegg:C00001 = kegg:C00065 + kegg:C00009,CHB_15377 + CHB_15811 = CHB_17115 + CHB_26078,L-O-phosphoserine(aq) + H2O(l) = L-serine(aq) + orthophosphate(aq),Guynn R.W.; Thames H.; Arch. Biochem. Biophys.; 215 514 (1982).,82GUY/THA_828,6284052.0,10.1016/0003-9861(82)90110-2,311.15,7.0,50, ,spectrophotometry, ,1.88 = -log[Mg+2] _ mol/L;L-O-phosphoserine=0.000044;orthophosphate=0.0109;L-serine=0.2008;K+_tot=0.19;IS=0.25;Mg2+_tot=0.0133  ,3.1.3.3, ,0.0133 MgCl2,0.25, , 
2941,3190.0,3156.0,phosphoserine phosphatase,kegg:C01005 + kegg:C00001 = kegg:C00065 + kegg:C00009,CHB_15377 + CHB_15811 = CHB_17115 + CHB_26078,L-O-phosphoserine(aq) + H2O(l) = L-serine(aq) + orthophosphate(aq),Guynn R.W.; Thames H.; Arch. Biochem. Biophys.; 215 514 (1982).,82GUY/THA_828,6284052.0,10.1016/0003-9861(82)90110-2,311.15,7.0,50, ,spectrophotometry, ,1.7 = -log[Mg+2] _ mol/L;L-O-phosphoserine=0.000044;orthophosphate=0.00997;L-serine=0.1998;K+_tot=0.19;IS=0.25;Mg2+_tot=0.0133  ,3.1.3.3, ,0.02 MgCl2,0.25, , 
2942,3194.0,3157.0,phosphoserine phosphatase,kegg:C01005 + kegg:C00001 = kegg:C00065 + kegg:C00009,CHB_15377 + CHB_15811 = CHB_17115 + CHB_26078,L-O-phosphoserine(aq) + H2O(l) = L-serine(aq) + orthophosphate(aq),Guynn R.W.; Thames H.; Arch. Biochem. Biophys.; 215 514 (1982).,82GUY/THA_828,6284052.0,10.1016/0003-9861(82)90110-2,311.15,7.0,51.1, ,spectrophotometry, ,1.7 = -log[Mg+2] _ mol/L;L-O-phosphoserine=0.000197;orthophosphate=0.05;L-serine=0.2;K+_tot=0.1;IS=0.12  ,3.1.3.3, ,0.02 MgCl2,0.25 & 0.12, , 
2943,3186.0,3194.0,phosphoserine phosphatase,kegg:C01005 + kegg:C00001 = kegg:C00065 + kegg:C00009,CHB_15377 + CHB_15811 = CHB_17115 + CHB_26078,L-O-phosphoserine(aq) + H2O(l) = L-serine(aq) + orthophosphate(aq),Guynn R.W.; Thames H.; Arch. Biochem. Biophys.; 215 514 (1982).,82GUY/THA_828,6284052.0,10.1016/0003-9861(82)90110-2,311.15,7.0,47.4, ,spectrophotometry, ,2.17 = -log[Mg+2] _ mol/L;L-O-phosphoserine=0.000042;orthophosphate=0.00997;L-serine=0.1998;K+_tot=0.21;IS=0.25;Mg2+_tot=0.0067  ,3.1.3.3, ,0.0 MgCl2,0.25, , 
2944,3191.0,3152.0,phosphoserine phosphatase,kegg:C01005 + kegg:C00001 = kegg:C00065 + kegg:C00009,CHB_15377 + CHB_15811 = CHB_17115 + CHB_26078,L-O-phosphoserine(aq) + H2O(l) = L-serine(aq) + orthophosphate(aq),Guynn R.W.; Thames H.; Arch. Biochem. Biophys.; 215 514 (1982).,82GUY/THA_828,6284052.0,10.1016/0003-9861(82)90110-2,311.15,7.0,49.9, ,spectrophotometry, ,mol/L;L-O-phosphoserine=0.000044;orthophosphate=0.0109;L-serine=0.2008;K+_tot=0.17;IS=0.25;Mg2+_tot=0.02  ,3.1.3.3, ,0.0 MgCl2,0.25, , 
2945,3175.0,3174.0,phosphoserine phosphatase,kegg:C01005 + kegg:C00001 = kegg:C00065 + kegg:C00009,CHB_15377 + CHB_15811 = CHB_17115 + CHB_26078,L-O-phosphoserine(aq) + H2O(l) = L-serine(aq) + orthophosphate(aq),Guynn R.W.; Thames H.; Arch. Biochem. Biophys.; 215 514 (1982).,82GUY/THA_828,6284052.0,10.1016/0003-9861(82)90110-2,311.15,7.36,49.8, ,spectrophotometry, ,mol/L;L-O-phosphoserine=0.000409;orthophosphate=0.1011;L-serine=0.2011;K+_tot=0.23;IS=0.25  ,3.1.3.3, ,0.0 MgCl2,0.25, , 
2946,3176.0,3180.0,phosphoserine phosphatase,kegg:C01005 + kegg:C00001 = kegg:C00065 + kegg:C00009,CHB_15377 + CHB_15811 = CHB_17115 + CHB_26078,L-O-phosphoserine(aq) + H2O(l) = L-serine(aq) + orthophosphate(aq),Guynn R.W.; Thames H.; Arch. Biochem. Biophys.; 215 514 (1982).,82GUY/THA_828,6284052.0,10.1016/0003-9861(82)90110-2,311.15,7.43,46.1, ,spectrophotometry, ,mol/L;L-O-phosphoserine=0.000431;orthophosphate=0.0996;L-serine=0.1996;K+_tot=0.23;IS=0.25  ,3.1.3.3, ,0.0 MgCl2,0.25, , 
2947,3177.0,3175.0,phosphoserine phosphatase,kegg:C01005 + kegg:C00001 = kegg:C00065 + kegg:C00009,CHB_15377 + CHB_15811 = CHB_17115 + CHB_26078,L-O-phosphoserine(aq) + H2O(l) = L-serine(aq) + orthophosphate(aq),Guynn R.W.; Thames H.; Arch. Biochem. Biophys.; 215 514 (1982).,82GUY/THA_828,6284052.0,10.1016/0003-9861(82)90110-2,311.15,7.66,45, ,spectrophotometry, ,mol/L;L-O-phosphoserine=0.000453;orthophosphate=0.1013;L-serine=0.2015;K+_tot=0.238;IS=0.25  ,3.1.3.3, ,0.0 MgCl2,0.25, , 
2948,3178.0,3149.0,phosphoserine phosphatase,kegg:C01005 + kegg:C00001 = kegg:C00065 + kegg:C00009,CHB_15377 + CHB_15811 = CHB_17115 + CHB_26078,L-O-phosphoserine(aq) + H2O(l) = L-serine(aq) + orthophosphate(aq),Guynn R.W.; Thames H.; Arch. Biochem. Biophys.; 215 514 (1982).,82GUY/THA_828,6284052.0,10.1016/0003-9861(82)90110-2,311.15,7.73,46.8, ,spectrophotometry, ,mol/L;L-O-phosphoserine=0.000426;orthophosphate=0.0998;L-serine=0.2;K+_tot=0.238;IS=0.25  ,3.1.3.3, ,0.0 MgCl2,0.25, , 
2949,3179.0,3189.0,phosphoserine phosphatase,kegg:C01005 + kegg:C00001 = kegg:C00065 + kegg:C00009,CHB_15377 + CHB_15811 = CHB_17115 + CHB_26078,L-O-phosphoserine(aq) + H2O(l) = L-serine(aq) + orthophosphate(aq),Guynn R.W.; Thames H.; Arch. Biochem. Biophys.; 215 514 (1982).,82GUY/THA_828,6284052.0,10.1016/0003-9861(82)90110-2,311.15,8.02,47, ,spectrophotometry, ,mol/L;L-O-phosphoserine=0.000434;orthophosphate=0.1014;L-serine=0.2013;K+_tot=0.24;IS=0.25  ,3.1.3.3, ,0.0 MgCl2,0.25, , 
2950,3181.0,3151.0,phosphoserine phosphatase,kegg:C01005 + kegg:C00001 = kegg:C00065 + kegg:C00009,CHB_15377 + CHB_15811 = CHB_17115 + CHB_26078,L-O-phosphoserine(aq) + H2O(l) = L-serine(aq) + orthophosphate(aq),Guynn R.W.; Thames H.; Arch. Biochem. Biophys.; 215 514 (1982).,82GUY/THA_828,6284052.0,10.1016/0003-9861(82)90110-2,311.15,8.12,48.3, ,spectrophotometry, ,mol/L;L-O-phosphoserine=0.000413;orthophosphate=0.0999;L-serine=0.1998;K+_tot=0.243;IS=0.25  ,3.1.3.3, ,0.0 MgCl2,0.25, , 
2951,3180.0,3150.0,phosphoserine phosphatase,kegg:C01005 + kegg:C00001 = kegg:C00065 + kegg:C00009,CHB_15377 + CHB_15811 = CHB_17115 + CHB_26078,L-O-phosphoserine(aq) + H2O(l) = L-serine(aq) + orthophosphate(aq),Guynn R.W.; Thames H.; Arch. Biochem. Biophys.; 215 514 (1982).,82GUY/THA_828,6284052.0,10.1016/0003-9861(82)90110-2,311.15,8.13,49.4, ,spectrophotometry, ,mol/L;L-O-phosphoserine=0.000404;orthophosphate=0.0999;L-serine=0.1998;K+_tot=0.243;IS=0.25  ,3.1.3.3, ,0.0 MgCl2,0.25, , 
2952,3182.0,3186.0,phosphoserine phosphatase,kegg:C01005 + kegg:C00001 = kegg:C00065 + kegg:C00009,CHB_15377 + CHB_15811 = CHB_17115 + CHB_26078,L-O-phosphoserine(aq) + H2O(l) = L-serine(aq) + orthophosphate(aq),Guynn R.W.; Thames H.; Arch. Biochem. Biophys.; 215 514 (1982).,82GUY/THA_828,6284052.0,10.1016/0003-9861(82)90110-2,311.15,8.16,51, ,spectrophotometry, ,mol/L;L-O-phosphoserine=0.0004;orthophosphate=0.1014;L-serine=0.2013;K+_tot=0.243;IS=0.25  ,3.1.3.3, ,0.0 MgCl2,0.25, , 
2953,,3296.0,glycerate dehydrogenase,kegg:C00258 + kegg:C00003 = kegg:C00168 + kegg:C00004, ,(R)-glycerate(aq) + NAD(aq) = hydroxypyruvate(aq) + NADH(aq),Guynn R.W.; Arch. Biochem. Biophys.; 218 14 (1982).,82GUY_115, , ,298.15,6.41,1.09E-06, ,spectrophotometry,potassium phosphate (0.025 mol dm-3), ,1.1.1.29, ,0.0 MgCl2,0.25, , 
2954,,3273.0,glycerate dehydrogenase,kegg:C00258 + kegg:C00003 = kegg:C00168 + kegg:C00004, ,(R)-glycerate(aq) + NAD(aq) = hydroxypyruvate(aq) + NADH(aq),Guynn R.W.; Arch. Biochem. Biophys.; 218 14 (1982).,82GUY_115, , ,298.15,6.41,1.15E-06, ,spectrophotometry,potassium phosphate (0.025 mol dm-3), ,1.1.1.29, ,0.0 MgCl2,0.25, , 
2955,,3274.0,glycerate dehydrogenase,kegg:C00258 + kegg:C00003 = kegg:C00168 + kegg:C00004, ,(R)-glycerate(aq) + NAD(aq) = hydroxypyruvate(aq) + NADH(aq),Guynn R.W.; Arch. Biochem. Biophys.; 218 14 (1982).,82GUY_115, , ,298.15,6.49,9.49E-07, ,spectrophotometry,potassium phosphate (0.025 mol dm-3), ,1.1.1.29, ,0.0 MgCl2,0.25, , 
2956,,3269.0,glycerate dehydrogenase,kegg:C00258 + kegg:C00003 = kegg:C00168 + kegg:C00004, ,(R)-glycerate(aq) + NAD(aq) = hydroxypyruvate(aq) + NADH(aq),Guynn R.W.; Arch. Biochem. Biophys.; 218 14 (1982).,82GUY_115, , ,298.15,6.96,3.36E-06, ,spectrophotometry,potassium phosphate (0.025 mol dm-3), ,1.1.1.29, ,0.0 MgCl2,0.25, , 
2957,,3281.0,glycerate dehydrogenase,kegg:C00258 + kegg:C00003 = kegg:C00168 + kegg:C00004, ,(R)-glycerate(aq) + NAD(aq) = hydroxypyruvate(aq) + NADH(aq),Guynn R.W.; Arch. Biochem. Biophys.; 218 14 (1982).,82GUY_115, , ,298.15,6.96,3.72E-06, ,spectrophotometry,potassium phosphate (0.025 mol dm-3), ,1.1.1.29, ,0.0 MgCl2,0.25, , 
2958,,3283.0,glycerate dehydrogenase,kegg:C00258 + kegg:C00003 = kegg:C00168 + kegg:C00004, ,(R)-glycerate(aq) + NAD(aq) = hydroxypyruvate(aq) + NADH(aq),Guynn R.W.; Arch. Biochem. Biophys.; 218 14 (1982).,82GUY_115, , ,298.15,6.97,4.13E-06, ,spectrophotometry,potassium phosphate (0.025 mol dm-3), ,1.1.1.29, ,0.0 MgCl2,0.25, , 
2959,,3282.0,glycerate dehydrogenase,kegg:C00258 + kegg:C00003 = kegg:C00168 + kegg:C00004, ,(R)-glycerate(aq) + NAD(aq) = hydroxypyruvate(aq) + NADH(aq),Guynn R.W.; Arch. Biochem. Biophys.; 218 14 (1982).,82GUY_115, , ,298.15,6.98,3.77E-06, ,spectrophotometry,potassium phosphate (0.025 mol dm-3), ,1.1.1.29, ,0.0 MgCl2,0.25, , 
2960,,3279.0,glycerate dehydrogenase,kegg:C00258 + kegg:C00003 = kegg:C00168 + kegg:C00004, ,(R)-glycerate(aq) + NAD(aq) = hydroxypyruvate(aq) + NADH(aq),Guynn R.W.; Arch. Biochem. Biophys.; 218 14 (1982).,82GUY_115, , ,298.15,6.98,3.82E-06, ,spectrophotometry,potassium phosphate (0.025 mol dm-3), ,1.1.1.29, ,0.0 MgCl2,0.25, , 
2961,,3280.0,glycerate dehydrogenase,kegg:C00258 + kegg:C00003 = kegg:C00168 + kegg:C00004, ,(R)-glycerate(aq) + NAD(aq) = hydroxypyruvate(aq) + NADH(aq),Guynn R.W.; Arch. Biochem. Biophys.; 218 14 (1982).,82GUY_115, , ,298.15,6.98,3.84E-06, ,spectrophotometry,potassium phosphate (0.025 mol dm-3), ,1.1.1.29, ,0.0 MgCl2,0.25, , 
2962,,3278.0,glycerate dehydrogenase,kegg:C00258 + kegg:C00003 = kegg:C00168 + kegg:C00004, ,(R)-glycerate(aq) + NAD(aq) = hydroxypyruvate(aq) + NADH(aq),Guynn R.W.; Arch. Biochem. Biophys.; 218 14 (1982).,82GUY_115, , ,298.15,6.98,4.11E-06, ,spectrophotometry,potassium phosphate (0.025 mol dm-3), ,1.1.1.29, ,0.0 MgCl2,0.25, , 
2963,,3297.0,glycerate dehydrogenase,kegg:C00258 + kegg:C00003 = kegg:C00168 + kegg:C00004, ,(R)-glycerate(aq) + NAD(aq) = hydroxypyruvate(aq) + NADH(aq),Guynn R.W.; Arch. Biochem. Biophys.; 218 14 (1982).,82GUY_115, , ,298.15,6.98,4.19E-06, ,spectrophotometry,potassium phosphate (0.025 mol dm-3), ,1.1.1.29, ,0.0 MgCl2,0.25, , 
2964,,3291.0,glycerate dehydrogenase,kegg:C00258 + kegg:C00003 = kegg:C00168 + kegg:C00004, ,(R)-glycerate(aq) + NAD(aq) = hydroxypyruvate(aq) + NADH(aq),Guynn R.W.; Arch. Biochem. Biophys.; 218 14 (1982).,82GUY_115, , ,298.15,6.98,4.22E-06, ,spectrophotometry,potassium phosphate (0.025 mol dm-3), ,1.1.1.29, ,0.0 MgCl2,0.25, , 
2965,,3294.0,glycerate dehydrogenase,kegg:C00258 + kegg:C00003 = kegg:C00168 + kegg:C00004, ,(R)-glycerate(aq) + NAD(aq) = hydroxypyruvate(aq) + NADH(aq),Guynn R.W.; Arch. Biochem. Biophys.; 218 14 (1982).,82GUY_115, , ,298.15,6.98,5.44E-06, ,spectrophotometry,potassium phosphate (0.025 mol dm-3), ,1.1.1.29, ,0.0 MgCl2,0.25, , 
2966,,3290.0,glycerate dehydrogenase,kegg:C00258 + kegg:C00003 = kegg:C00168 + kegg:C00004, ,(R)-glycerate(aq) + NAD(aq) = hydroxypyruvate(aq) + NADH(aq),Guynn R.W.; Arch. Biochem. Biophys.; 218 14 (1982).,82GUY_115, , ,298.15,6.98,5.53E-06, ,spectrophotometry,potassium phosphate (0.025 mol dm-3), ,1.1.1.29, ,0.0 MgCl2,0.25, , 
2967,,3268.0,glycerate dehydrogenase,kegg:C00258 + kegg:C00003 = kegg:C00168 + kegg:C00004, ,(R)-glycerate(aq) + NAD(aq) = hydroxypyruvate(aq) + NADH(aq),Guynn R.W.; Arch. Biochem. Biophys.; 218 14 (1982).,82GUY_115, , ,298.15,6.99,3.79E-06, ,spectrophotometry,potassium phosphate (0.025 mol dm-3), ,1.1.1.29, ,0.0 MgCl2,0.25, , 
2968,3109.0,3288.0,glycerate dehydrogenase,kegg:C00258 + kegg:C00003 = kegg:C00168 + kegg:C00004,CHB_15846 + CHB_16659 = CHB_16908 + CHB_30841,(R)-glycerate(aq) + NAD(aq) = hydroxypyruvate(aq) + NADH(aq),Guynn R.W.; Arch. Biochem. Biophys.; 218 14 (1982).,82GUY_115, , ,298.15,7.0,1.98E-06, ,spectrophotometry,potassium phosphate (0.025 mol dm-3),mol/L;IS=0.25;K+_tot=0.234625  ,1.1.1.29, ,0.0 MgCl2,0.25, , 
2969,,3276.0,glycerate dehydrogenase,kegg:C00258 + kegg:C00003 = kegg:C00168 + kegg:C00004, ,(R)-glycerate(aq) + NAD(aq) = hydroxypyruvate(aq) + NADH(aq),Guynn R.W.; Arch. Biochem. Biophys.; 218 14 (1982).,82GUY_115, , ,298.15,7.03,4.36E-06, ,spectrophotometry,potassium phosphate (0.025 mol dm-3), ,1.1.1.29, ,0.0 MgCl2,0.25, , 
2970,,3275.0,glycerate dehydrogenase,kegg:C00258 + kegg:C00003 = kegg:C00168 + kegg:C00004, ,(R)-glycerate(aq) + NAD(aq) = hydroxypyruvate(aq) + NADH(aq),Guynn R.W.; Arch. Biochem. Biophys.; 218 14 (1982).,82GUY_115, , ,298.15,7.03,4.54E-06, ,spectrophotometry,potassium phosphate (0.025 mol dm-3), ,1.1.1.29, ,0.0 MgCl2,0.25, , 
2971,,3270.0,glycerate dehydrogenase,kegg:C00258 + kegg:C00003 = kegg:C00168 + kegg:C00004, ,(R)-glycerate(aq) + NAD(aq) = hydroxypyruvate(aq) + NADH(aq),Guynn R.W.; Arch. Biochem. Biophys.; 218 14 (1982).,82GUY_115, , ,298.15,7.22,6.91E-06, ,spectrophotometry,potassium phosphate (0.025 mol dm-3), ,1.1.1.29, ,0.0 MgCl2,0.25, , 
2972,,3271.0,glycerate dehydrogenase,kegg:C00258 + kegg:C00003 = kegg:C00168 + kegg:C00004, ,(R)-glycerate(aq) + NAD(aq) = hydroxypyruvate(aq) + NADH(aq),Guynn R.W.; Arch. Biochem. Biophys.; 218 14 (1982).,82GUY_115, , ,298.15,7.72,2.17E-05, ,spectrophotometry,potassium phosphate (0.025 mol dm-3), ,1.1.1.29, ,0.0 MgCl2,0.25, , 
2973,,3293.0,glycerate dehydrogenase,kegg:C00258 + kegg:C00003 = kegg:C00168 + kegg:C00004, ,(R)-glycerate(aq) + NAD(aq) = hydroxypyruvate(aq) + NADH(aq),Guynn R.W.; Arch. Biochem. Biophys.; 218 14 (1982).,82GUY_115, , ,298.15,7.72,2.22E-05, ,spectrophotometry,potassium phosphate (0.025 mol dm-3), ,1.1.1.29, ,0.0 MgCl2,0.25, , 
2974,,3272.0,glycerate dehydrogenase,kegg:C00258 + kegg:C00003 = kegg:C00168 + kegg:C00004, ,(R)-glycerate(aq) + NAD(aq) = hydroxypyruvate(aq) + NADH(aq),Guynn R.W.; Arch. Biochem. Biophys.; 218 14 (1982).,82GUY_115, , ,298.15,7.8,3.28E-05, ,spectrophotometry,potassium phosphate (0.025 mol dm-3), ,1.1.1.29, ,0.0 MgCl2,0.25, , 
2975,,3277.0,glycerate dehydrogenase,kegg:C00258 + kegg:C00003 = kegg:C00168 + kegg:C00004, ,(R)-glycerate(aq) + NAD(aq) = hydroxypyruvate(aq) + NADH(aq),Guynn R.W.; Arch. Biochem. Biophys.; 218 14 (1982).,82GUY_115, , ,298.15,8.05,6.10E-05, ,spectrophotometry,potassium phosphate (0.025 mol dm-3), ,1.1.1.29, ,0.0 MgCl2,0.25, , 
2976,3108.0,3287.0,glycerate dehydrogenase,kegg:C00258 + kegg:C00003 = kegg:C00168 + kegg:C00004,CHB_15846 + CHB_16659 = CHB_16908 + CHB_30841,(R)-glycerate(aq) + NAD(aq) = hydroxypyruvate(aq) + NADH(aq),Guynn R.W.; Arch. Biochem. Biophys.; 218 14 (1982).,82GUY_115, , ,303.15,7.0,2.64E-06, ,spectrophotometry,potassium phosphate (0.025 mol dm-3),mol/L;IS=0.25;K+_tot=0.234625  ,1.1.1.29, ,0.0 MgCl2,0.25, , 
2977,3082.0,3295.0,glycerate dehydrogenase,kegg:C00258 + kegg:C00003 = kegg:C00168 + kegg:C00004,CHB_15846 + CHB_16659 = CHB_16908 + CHB_30841,(R)-glycerate(aq) + NAD(aq) = hydroxypyruvate(aq) + NADH(aq),Guynn R.W.; Arch. Biochem. Biophys.; 218 14 (1982).,82GUY_115, , ,311.15,7.0,3.80E-06, ,spectrophotometry,potassium phosphate (0.025 mol dm-3),mol/L;IS=0.25;(R)-glycerate=0.0101;hydroxypyruvate=0.0000167;NADH=0.0000167;NAD=0.0073133;K+_tot=0.234625  ,1.1.1.29, ,0.0 MgCl2,0.0595 & 0.25, , 
2978,3100.0,3292.0,glycerate dehydrogenase,kegg:C00258 + kegg:C00003 = kegg:C00168 + kegg:C00004,CHB_15846 + CHB_16659 = CHB_16908 + CHB_30841,(R)-glycerate(aq) + NAD(aq) = hydroxypyruvate(aq) + NADH(aq),Guynn R.W.; Arch. Biochem. Biophys.; 218 14 (1982).,82GUY_115, , ,311.15,7.0,4.19E-06, ,spectrophotometry,potassium phosphate (0.025 mol dm-3),2.52 = -log[Mg+2] _ mol/L;IS=0.25;(R)-glycerate=0.0681;hydroxypyruvate=0.0000556;NADH=0.0000447;NAD=0.0086653;K+_tot=0.234625  ,1.1.1.29, ,0.003 MgCl2,0.25, , 
2979,3104.0,3284.0,glycerate dehydrogenase,kegg:C00258 + kegg:C00003 = kegg:C00168 + kegg:C00004,CHB_15846 + CHB_16659 = CHB_16908 + CHB_30841,(R)-glycerate(aq) + NAD(aq) = hydroxypyruvate(aq) + NADH(aq),Guynn R.W.; Arch. Biochem. Biophys.; 218 14 (1982).,82GUY_115, , ,311.15,7.0,4.52E-06, ,spectrophotometry,potassium phosphate (0.025 mol dm-3),mol/L;IS=0.5;K+_tot=0.484625  ,1.1.1.29, ,0.0 MgCl2,0.5, , 
2980,3091.0,3286.0,glycerate dehydrogenase,kegg:C00258 + kegg:C00003 = kegg:C00168 + kegg:C00004,CHB_15846 + CHB_16659 = CHB_16908 + CHB_30841,(R)-glycerate(aq) + NAD(aq) = hydroxypyruvate(aq) + NADH(aq),Guynn R.W.; Arch. Biochem. Biophys.; 218 14 (1982).,82GUY_115, , ,311.15,7.0,4.36E-06, ,spectrophotometry,potassium phosphate (0.025 mol dm-3),2.0 = -log[Mg+2] _ mol/L;IS=0.25;(R)-glycerate=0.0645;hydroxypyruvate=0.0000506;NADH=0.0000506;NAD=0.0090494;K+_tot=0.234625  ,1.1.1.29, ,0.01 MgCl2,0.25, , 
2981,3092.0,3285.0,glycerate dehydrogenase,kegg:C00258 + kegg:C00003 = kegg:C00168 + kegg:C00004,CHB_15846 + CHB_16659 = CHB_16908 + CHB_30841,(R)-glycerate(aq) + NAD(aq) = hydroxypyruvate(aq) + NADH(aq),Guynn R.W.; Arch. Biochem. Biophys.; 218 14 (1982).,82GUY_115, , ,311.15,7.0,5.40E-06, ,spectrophotometry,potassium phosphate (0.025 mol dm-3),mol/L;IS=0.25;(R)-glycerate=0.0683;hydroxypyruvate=0.0000407;NADH=0.0000851;NAD=0.0094659;K+_tot=0.234625  ,1.1.1.29, ,0.0 MgCl2,1.0 & 0.25, , 
2982,3122.0,4141.0,phosphoglycerate mutase,kegg:C00631 = kegg:C00197,CHB_17835 = CHB_17794,2-phospho-D-glycerate(aq) = 3-phospho-D-glycerate(aq),Guynn R.W.; Arch. Biochem. Biophys.; 218 14 (1982).,82GUY_1398, , ,311.15,6.48,10.8, ,spectrophotometry,potassium phosphate (0.025 mol dm-3),1.84 = -log[Mg+2] _ mol/L;IS=0.25;3-phospho-D-glycerate=0.00173;2-phospho-D-glycerate=0.00016;Mg2+_tot=0.02;K+_tot=0.177825  ,5.4.2.1, ,0.0144 Mg2+,0.25, , 
2983,3123.0,4147.0,phosphoglycerate mutase,kegg:C00631 = kegg:C00197,CHB_17835 = CHB_17794,2-phospho-D-glycerate(aq) = 3-phospho-D-glycerate(aq),Guynn R.W.; Arch. Biochem. Biophys.; 218 14 (1982).,82GUY_1398, , ,311.15,6.48,11, ,spectrophotometry,potassium phosphate (0.025 mol dm-3),1.84 = -log[Mg+2] _ mol/L;IS=0.25;3-phospho-D-glycerate=0.00172;2-phospho-D-glycerate=0.000157;Mg2+_tot=0.0201;K+_tot=0.177525  ,5.4.2.1, ,0.0144 Mg2+,0.25, , 
2984,3115.0,4137.0,phosphoglycerate mutase,kegg:C00631 = kegg:C00197,CHB_17835 = CHB_17794,2-phospho-D-glycerate(aq) = 3-phospho-D-glycerate(aq),Guynn R.W.; Arch. Biochem. Biophys.; 218 14 (1982).,82GUY_1398, , ,311.15,6.57,10.8, ,spectrophotometry,potassium phosphate (0.025 mol dm-3),2.03 = -log[Mg+2] _ mol/L;IS=0.25;3-phospho-D-glycerate=0.00174;2-phospho-D-glycerate=0.000164;Mg2+_tot=0.0073;K+_tot=0.215925  ,5.4.2.1, ,0.0093 Mg2+,0.25, , 
2985,3118.0,4143.0,phosphoglycerate mutase,kegg:C00631 = kegg:C00197,CHB_17835 = CHB_17794,2-phospho-D-glycerate(aq) = 3-phospho-D-glycerate(aq),Guynn R.W.; Arch. Biochem. Biophys.; 218 14 (1982).,82GUY_1398, , ,311.15,6.63,11.3, ,spectrophotometry,potassium phosphate (0.025 mol dm-3),1.85 = -log[Mg+2] _ mol/L;IS=0.25;3-phospho-D-glycerate=0.0018;2-phospho-D-glycerate=0.000166;Mg2+_tot=0.0137;K+_tot=0.196725  ,5.4.2.1, ,0.0142 Mg2+,0.25, , 
2986,3124.0,4135.0,phosphoglycerate mutase,kegg:C00631 = kegg:C00197,CHB_17835 = CHB_17794,2-phospho-D-glycerate(aq) = 3-phospho-D-glycerate(aq),Guynn R.W.; Arch. Biochem. Biophys.; 218 14 (1982).,82GUY_1398, , ,311.15,6.65,10.6, ,spectrophotometry,potassium phosphate (0.025 mol dm-3),2.33 = -log[Mg+2] _ mol/L;IS=0.25;3-phospho-D-glycerate=0.00089;2-phospho-D-glycerate=0.000082;Mg2+_tot=0.02;K+_tot=0.177825  ,5.4.2.1, ,0.0047 Mg2+,0.25, , 
2987,3125.0,4142.0,phosphoglycerate mutase,kegg:C00631 = kegg:C00197,CHB_17835 = CHB_17794,2-phospho-D-glycerate(aq) = 3-phospho-D-glycerate(aq),Guynn R.W.; Arch. Biochem. Biophys.; 218 14 (1982).,82GUY_1398, , ,311.15,6.65,10.9, ,spectrophotometry,potassium phosphate (0.025 mol dm-3),1.85 = -log[Mg+2] _ mol/L;IS=0.25;3-phospho-D-glycerate=0.000963;2-phospho-D-glycerate=0.000085;Mg2+_tot=0.02;K+_tot=0.177825  ,5.4.2.1, ,0.0141 Mg2+,0.25, , 
2988,3114.0,4134.0,phosphoglycerate mutase,kegg:C00631 = kegg:C00197,CHB_17835 = CHB_17794,2-phospho-D-glycerate(aq) = 3-phospho-D-glycerate(aq),Guynn R.W.; Arch. Biochem. Biophys.; 218 14 (1982).,82GUY_1398, , ,311.15,6.66,10.5, ,spectrophotometry,potassium phosphate (0.025 mol dm-3),2.34 = -log[Mg+2] _ mol/L;IS=0.25;3-phospho-D-glycerate=0.00186;2-phospho-D-glycerate=0.000172;Mg2+_tot=0.0073;K+_tot=0.215925  ,5.4.2.1, ,0.0046 Mg2+,0.25, , 
2989,3119.0,4138.0,phosphoglycerate mutase,kegg:C00631 = kegg:C00197,CHB_17835 = CHB_17794,2-phospho-D-glycerate(aq) = 3-phospho-D-glycerate(aq),Guynn R.W.; Arch. Biochem. Biophys.; 218 14 (1982).,82GUY_1398, , ,311.15,6.68,10.8, ,spectrophotometry,potassium phosphate (0.025 mol dm-3),2.05 = -log[Mg+2] _ mol/L;IS=0.25;3-phospho-D-glycerate=0.0017;2-phospho-D-glycerate=0.000157;Mg2+_tot=0.0137;K+_tot=0.196725  ,5.4.2.1, ,0.009 Mg2+,0.25, , 
2990,3121.0,4140.0,phosphoglycerate mutase,kegg:C00631 = kegg:C00197,CHB_17835 = CHB_17794,2-phospho-D-glycerate(aq) = 3-phospho-D-glycerate(aq),Guynn R.W.; Arch. Biochem. Biophys.; 218 14 (1982).,82GUY_1398, , ,311.15,6.7,11, ,spectrophotometry,potassium phosphate (0.025 mol dm-3),2.04 = -log[Mg+2] _ mol/L;IS=0.25;3-phospho-D-glycerate=0.000934;2-phospho-D-glycerate=0.000085;Mg2+_tot=0.0137;K+_tot=0.196725  ,5.4.2.1, ,0.0092 Mg2+,0.25, , 
2991,3120.0,4139.0,phosphoglycerate mutase,kegg:C00631 = kegg:C00197,CHB_17835 = CHB_17794,2-phospho-D-glycerate(aq) = 3-phospho-D-glycerate(aq),Guynn R.W.; Arch. Biochem. Biophys.; 218 14 (1982).,82GUY_1398, , ,311.15,6.72,10.4, ,spectrophotometry,potassium phosphate (0.025 mol dm-3),2.04 = -log[Mg+2] _ mol/L;IS=0.25;3-phospho-D-glycerate=0.000898;2-phospho-D-glycerate=0.000086;Mg2+_tot=0.0137;K+_tot=0.196725  ,5.4.2.1, ,0.0092 Mg2+,0.25, , 
2992,3110.0,4144.0,phosphoglycerate mutase,kegg:C00631 = kegg:C00197,CHB_17835 = CHB_17794,2-phospho-D-glycerate(aq) = 3-phospho-D-glycerate(aq),Guynn R.W.; Arch. Biochem. Biophys.; 218 14 (1982).,82GUY_1398, , ,311.15,6.76,10.7, ,spectrophotometry,potassium phosphate (0.025 mol dm-3),3.23 = -log[Mg+2] _ mol/L;IS=0.25;3-phospho-D-glycerate=0.0019;2-phospho-D-glycerate=0.000178;Mg2+_tot=0.001;K+_tot=0.234825  ,5.4.2.1, ,0.00059 Mg2+,0.25, , 
2993,3111.0,4146.0,phosphoglycerate mutase,kegg:C00631 = kegg:C00197,CHB_17835 = CHB_17794,2-phospho-D-glycerate(aq) = 3-phospho-D-glycerate(aq),Guynn R.W.; Arch. Biochem. Biophys.; 218 14 (1982).,82GUY_1398, , ,311.15,6.76,11.3, ,spectrophotometry,potassium phosphate (0.025 mol dm-3),2.33 = -log[Mg+2] _ mol/L;IS=0.25;3-phospho-D-glycerate=0.00186;2-phospho-D-glycerate=0.000174;Mg2+_tot=0.001;K+_tot=0.234825  ,5.4.2.1, ,0.0047 Mg2+,0.25, , 
2994,3113.0,4145.0,phosphoglycerate mutase,kegg:C00631 = kegg:C00197,CHB_17835 = CHB_17794,2-phospho-D-glycerate(aq) = 3-phospho-D-glycerate(aq),Guynn R.W.; Arch. Biochem. Biophys.; 218 14 (1982).,82GUY_1398, , ,311.15,6.78,10.7, ,spectrophotometry,potassium phosphate (0.025 mol dm-3),3.23 = -log[Mg+2] _ mol/L;IS=0.25;3-phospho-D-glycerate=0.000995;2-phospho-D-glycerate=0.000088;Mg2+_tot=0.001;K+_tot=0.234825  ,5.4.2.1, ,0.00059 Mg2+,0.25, , 
2995,3116.0,4136.0,phosphoglycerate mutase,kegg:C00631 = kegg:C00197,CHB_17835 = CHB_17794,2-phospho-D-glycerate(aq) = 3-phospho-D-glycerate(aq),Guynn R.W.; Arch. Biochem. Biophys.; 218 14 (1982).,82GUY_1398, , ,311.15,6.79,10.3, ,spectrophotometry,potassium phosphate (0.025 mol dm-3),2.34 = -log[Mg+2] _ mol/L;IS=0.25;3-phospho-D-glycerate=0.000942;2-phospho-D-glycerate=0.000092;Mg2+_tot=0.0073;K+_tot=0.215925  ,5.4.2.1, ,0.0046 Mg2+,0.25, , 
2996,3117.0,4133.0,phosphoglycerate mutase,kegg:C00631 = kegg:C00197,CHB_17835 = CHB_17794,2-phospho-D-glycerate(aq) = 3-phospho-D-glycerate(aq),Guynn R.W.; Arch. Biochem. Biophys.; 218 14 (1982).,82GUY_1398, , ,311.15,6.83,11.3, ,spectrophotometry,potassium phosphate (0.025 mol dm-3),3.22 = -log[Mg+2] _ mol/L;IS=0.25;3-phospho-D-glycerate=0.000951;2-phospho-D-glycerate=0.000084;Mg2+_tot=0.0073;K+_tot=0.215925  ,5.4.2.1, ,0.0006 Mg2+,0.25, , 
2997,3112.0,4132.0,phosphoglycerate mutase,kegg:C00631 = kegg:C00197,CHB_17835 = CHB_17794,2-phospho-D-glycerate(aq) = 3-phospho-D-glycerate(aq),Guynn R.W.; Arch. Biochem. Biophys.; 218 14 (1982).,82GUY_1398, , ,311.15,6.86,10.6, ,spectrophotometry,potassium phosphate (0.025 mol dm-3),3.23 = -log[Mg+2] _ mol/L;IS=0.25;3-phospho-D-glycerate=0.000969;2-phospho-D-glycerate=0.000092;Mg2+_tot=0.001;K+_tot=0.234825  ,5.4.2.1, ,0.00059 Mg2+,0.25, , 
2998,3149.0,1408.0,serine-pyruvate transaminase,kegg:C00041 + kegg:C00168 = kegg:C00065 + kegg:C00022,CHB_16977 + CHB_30841 = CHB_15361 + CHB_17115,L-alanine(aq) + hydroxypyruvate(aq) = L-serine(aq) + pyruvate(aq),Guynn R.W.; Arch. Biochem. Biophys.; 218 14 (1982).,82GUY_537, , ,298.15,7.0,4.26, ,spectrophotometry,potassium phosphate (0.025 mol dm-3),mol/L;IS=0.25;K+_tot=0.234625  ,2.6.1.51, ,0.0 Mg2+,0.25, , 
2999,3150.0,1409.0,serine-pyruvate transaminase,kegg:C00041 + kegg:C00168 = kegg:C00065 + kegg:C00022,CHB_16977 + CHB_30841 = CHB_15361 + CHB_17115,L-alanine(aq) + hydroxypyruvate(aq) = L-serine(aq) + pyruvate(aq),Guynn R.W.; Arch. Biochem. Biophys.; 218 14 (1982).,82GUY_537, , ,303.15,7.0,4.42, ,spectrophotometry,potassium phosphate (0.025 mol dm-3),mol/L;IS=0.25;K+_tot=0.234625  ,2.6.1.51, ,0.0 Mg2+,0.25, , 
3000,3134,1404.0,serine-pyruvate transaminase,kegg:C00041 + kegg:C00168 = kegg:C00065 + kegg:C00022,CHB_16977 + CHB_30841 = CHB_15361 + CHB_17115,L-alanine(aq) + hydroxypyruvate(aq) = L-serine(aq) + pyruvate(aq),Guynn R.W.; Arch. Biochem. Biophys.; 218 14 (1982).,82GUY_537, , ,311.15,7.0,5.73, ,spectrophotometry,potassium phosphate (0.025 mol dm-3),mol/L;IS=0.25;K+_tot=0.234625;L-alanine=0.0206;L-serine=0.0202;pyruvate=0.000467;hydroxypyruvate=0.000081   _ mol/L;IS=0.25;K+_tot=0.234625;L-alanine=0.0202;L-serine=0.0198;pyruvate=0.000379;hydroxypyruvate=0.000066 _ nan _ ,2.6.1.51, ,0.0 Mg2+,0.06 & 0.25 & 0.25, , 
3001,3139,1407.0,serine-pyruvate transaminase,kegg:C00041 + kegg:C00168 = kegg:C00065 + kegg:C00022,CHB_16977 + CHB_30841 = CHB_15361 + CHB_17115,L-alanine(aq) + hydroxypyruvate(aq) = L-serine(aq) + pyruvate(aq),Guynn R.W.; Arch. Biochem. Biophys.; 218 14 (1982).,82GUY_537, , ,311.15,7.0,5.27, ,spectrophotometry,potassium phosphate (0.025 mol dm-3),2.08 = -log[Mg+2] _ mol/L;IS=0.25;K+_tot=0.159925;Mg2+_free=0.0083 _ Mg2+ (0.0083 mol/L) _  _ mol/L;IS=0.25;K+_tot=0.234625;L-alanine=0.0204;L-serine=0.0195;pyruvate=0.000448;hydroxypyruvate=0.000083 _ nan _ ,2.6.1.51, ,0.0083 Mg2+,0.25, , 
3002,3153.0,1410.0,serine-pyruvate transaminase,kegg:C00041 + kegg:C00168 = kegg:C00065 + kegg:C00022,CHB_16977 + CHB_30841 = CHB_15361 + CHB_17115,L-alanine(aq) + hydroxypyruvate(aq) = L-serine(aq) + pyruvate(aq),Guynn R.W.; Arch. Biochem. Biophys.; 218 14 (1982).,82GUY_537, , ,311.15,7.0,5.5, ,spectrophotometry,potassium phosphate (0.025 mol dm-3),mol/L;IS=1;K+_tot=0.984625  ,2.6.1.51, ,0.0 Mg2+,0.25 & 1, , 
3003,3145,1405.0,serine-pyruvate transaminase,kegg:C00041 + kegg:C00168 = kegg:C00065 + kegg:C00022,CHB_16977 + CHB_30841 = CHB_15361 + CHB_17115,L-alanine(aq) + hydroxypyruvate(aq) = L-serine(aq) + pyruvate(aq),Guynn R.W.; Arch. Biochem. Biophys.; 218 14 (1982).,82GUY_537, , ,311.15,7.0,5.47, ,spectrophotometry,potassium phosphate (0.025 mol dm-3),mol/L;IS=0.25;K+_tot=0.234625;L-alanine=0.0206;L-serine=0.0202;pyruvate=0.00046;hydroxypyruvate=0.000083 _ nan _ ,2.6.1.51, ,0.0 Mg2+,1.0 & 0.25, , 
3004,3154.0,1406.0,serine-pyruvate transaminase,kegg:C00041 + kegg:C00168 = kegg:C00065 + kegg:C00022,CHB_16977 + CHB_30841 = CHB_15361 + CHB_17115,L-alanine(aq) + hydroxypyruvate(aq) = L-serine(aq) + pyruvate(aq),Guynn R.W.; Arch. Biochem. Biophys.; 218 14 (1982).,82GUY_537, , ,311.15,9.0,9.23, ,spectrophotometry,potassium phosphate (0.025 mol dm-3),mol/L;IS=0.25;K+_tot=0.225  ,2.6.1.51, ,0.0 Mg2+,0.25, , 
3005,3151.0,1403.0,serine-pyruvate transaminase,kegg:C00041 + kegg:C00168 = kegg:C00065 + kegg:C00022,CHB_16977 + CHB_30841 = CHB_15361 + CHB_17115,L-alanine(aq) + hydroxypyruvate(aq) = L-serine(aq) + pyruvate(aq),Guynn R.W.; Arch. Biochem. Biophys.; 218 14 (1982).,82GUY_537, , ,323.15,7.0,6.6, ,spectrophotometry,potassium phosphate (0.025 mol dm-3),mol/L;IS=0.25;K+_tot=0.234625  ,2.6.1.51, ,0.0 Mg2+,0.25, , 
3006,3077.0,2260.0,alkaline phosphatase,kegg:C00197 + kegg:C00001 = kegg:C00258 + kegg:C00009,CHB_15377 + CHB_17794 = CHB_16659 + CHB_26078,(R)-3-phosphoglycerate(aq) + H2O(l) = (R)-glycerate(aq) + orthophosphate(aq),Guynn R.W.; Arch. Biochem. Biophys.; 218 14 (1982).,82GUY_803,6293382.0,10.1016/0003-9861(82)90315-0,311.15,6.72,306, ,spectrophotometry,potassium phosphate (0.025 mol dm-3),3.0 = -log[Mg+2] _ mol/L;IS=0.25;(R)-glycerate=0.0655;orthophosphate=0.05;(R)-3-phosphoglycerate=0.0000107;K+_tot=0.247;Mg2+_tot=0.001  ,3.1.3.1, ,0.001 MgCl2,0.25, , 
3007,3078.0,2247.0,alkaline phosphatase,kegg:C00197 + kegg:C00001 = kegg:C00258 + kegg:C00009,CHB_15377 + CHB_17794 = CHB_16659 + CHB_26078,(R)-3-phosphoglycerate(aq) + H2O(l) = (R)-glycerate(aq) + orthophosphate(aq),Guynn R.W.; Arch. Biochem. Biophys.; 218 14 (1982).,82GUY_803,6293382.0,10.1016/0003-9861(82)90315-0,311.15,6.73,307, ,spectrophotometry,potassium phosphate (0.025 mol dm-3),3.0 = -log[Mg+2] _ mol/L;IS=0.25;(R)-glycerate=0.0655;orthophosphate=0.05;(R)-3-phosphoglycerate=0.0000107;K+_tot=0.247;Mg2+_tot=0.001  ,3.1.3.1, ,0.001 MgCl2,0.25, , 
3008,3068.0,2257.0,alkaline phosphatase,kegg:C00197 + kegg:C00001 = kegg:C00258 + kegg:C00009,CHB_15377 + CHB_17794 = CHB_16659 + CHB_26078,(R)-3-phosphoglycerate(aq) + H2O(l) = (R)-glycerate(aq) + orthophosphate(aq),Guynn R.W.; Arch. Biochem. Biophys.; 218 14 (1982).,82GUY_803,6293382.0,10.1016/0003-9861(82)90315-0,311.15,6.86,341, ,spectrophotometry,potassium phosphate (0.025 mol dm-3),mol/L;IS=0.25;(R)-glycerate=0.0655;orthophosphate=0.05;(R)-3-phosphoglycerate=0.0000096;K+_tot=0.212  ,3.1.3.1, ,0.0 MgCl2,0.25, , 
3009,3072.0,2250.0,alkaline phosphatase,kegg:C00197 + kegg:C00001 = kegg:C00258 + kegg:C00009,CHB_15377 + CHB_17794 = CHB_16659 + CHB_26078,(R)-3-phosphoglycerate(aq) + H2O(l) = (R)-glycerate(aq) + orthophosphate(aq),Guynn R.W.; Arch. Biochem. Biophys.; 218 14 (1982).,82GUY_803,6293382.0,10.1016/0003-9861(82)90315-0,311.15,6.87,247, ,spectrophotometry,potassium phosphate (0.025 mol dm-3),2.0 = -log[Mg+2] _ mol/L;IS=0.25;(R)-glycerate=0.0655;orthophosphate=0.05;(R)-3-phosphoglycerate=0.0000132;K+_tot=0.212;Mg2+_tot=0.01  ,3.1.3.1, ,0.01 MgCl2,0.25, , 
3010,3076.0,2255.0,alkaline phosphatase,kegg:C00197 + kegg:C00001 = kegg:C00258 + kegg:C00009,CHB_15377 + CHB_17794 = CHB_16659 + CHB_26078,(R)-3-phosphoglycerate(aq) + H2O(l) = (R)-glycerate(aq) + orthophosphate(aq),Guynn R.W.; Arch. Biochem. Biophys.; 218 14 (1982).,82GUY_803,6293382.0,10.1016/0003-9861(82)90315-0,311.15,6.88,270, ,spectrophotometry,potassium phosphate (0.025 mol dm-3),2.0 = -log[Mg+2] _ mol/L;IS=0.25;(R)-glycerate=0.0655;orthophosphate=0.05;(R)-3-phosphoglycerate=0.0000127;K+_tot=0.22;Mg2+_tot=0.01  ,3.1.3.1, ,0.01 MgCl2,0.25, , 
3011,3071.0,2245.0,alkaline phosphatase,kegg:C00197 + kegg:C00001 = kegg:C00258 + kegg:C00009,CHB_15377 + CHB_17794 = CHB_16659 + CHB_26078,(R)-3-phosphoglycerate(aq) + H2O(l) = (R)-glycerate(aq) + orthophosphate(aq),Guynn R.W.; Arch. Biochem. Biophys.; 218 14 (1982).,82GUY_803,6293382.0,10.1016/0003-9861(82)90315-0,311.15,6.89,260, ,spectrophotometry,potassium phosphate (0.025 mol dm-3),2.15 = -log[Mg+2] _ mol/L;IS=0.25;(R)-glycerate=0.0655;orthophosphate=0.05;(R)-3-phosphoglycerate=0.0000126;K+_tot=0.212;Mg2+_tot=0.007  ,3.1.3.1, ,0.007 MgCl2,0.25, , 
3012,3075.0,2253.0,alkaline phosphatase,kegg:C00197 + kegg:C00001 = kegg:C00258 + kegg:C00009,CHB_15377 + CHB_17794 = CHB_16659 + CHB_26078,(R)-3-phosphoglycerate(aq) + H2O(l) = (R)-glycerate(aq) + orthophosphate(aq),Guynn R.W.; Arch. Biochem. Biophys.; 218 14 (1982).,82GUY_803,6293382.0,10.1016/0003-9861(82)90315-0,311.15,6.9,255, ,spectrophotometry,potassium phosphate (0.025 mol dm-3),2.15 = -log[Mg+2] _ mol/L;IS=0.25;(R)-glycerate=0.0655;orthophosphate=0.05;(R)-3-phosphoglycerate=0.0000128;K+_tot=0.229;Mg2+_tot=0.007  ,3.1.3.1, ,0.007 MgCl2,0.25, , 
3013,3070.0,2249.0,alkaline phosphatase,kegg:C00197 + kegg:C00001 = kegg:C00258 + kegg:C00009,CHB_15377 + CHB_17794 = CHB_16659 + CHB_26078,(R)-3-phosphoglycerate(aq) + H2O(l) = (R)-glycerate(aq) + orthophosphate(aq),Guynn R.W.; Arch. Biochem. Biophys.; 218 14 (1982).,82GUY_803,6293382.0,10.1016/0003-9861(82)90315-0,311.15,6.91,298, ,spectrophotometry,potassium phosphate (0.025 mol dm-3),mol/L;IS=0.25;(R)-glycerate=0.0655;orthophosphate=0.05;(R)-3-phosphoglycerate=0.0000109;K+_tot=0.213;Mg2+_tot=0.004  ,3.1.3.1, ,0.0 MgCl2,0.25, , 
3014,3074.0,2244.0,alkaline phosphatase,kegg:C00197 + kegg:C00001 = kegg:C00258 + kegg:C00009,CHB_15377 + CHB_17794 = CHB_16659 + CHB_26078,(R)-3-phosphoglycerate(aq) + H2O(l) = (R)-glycerate(aq) + orthophosphate(aq),Guynn R.W.; Arch. Biochem. Biophys.; 218 14 (1982).,82GUY_803,6293382.0,10.1016/0003-9861(82)90315-0,311.15,6.92,301, ,spectrophotometry,potassium phosphate (0.025 mol dm-3),2.4 = -log[Mg+2] _ mol/L;IS=0.25;(R)-glycerate=0.0655;orthophosphate=0.05;(R)-3-phosphoglycerate=0.000011;K+_tot=0.238;Mg2+_tot=0.004  ,3.1.3.1, ,0.004 MgCl2,0.25, , 
3015,3080.0,2251.0,alkaline phosphatase,kegg:C00197 + kegg:C00001 = kegg:C00258 + kegg:C00009,CHB_15377 + CHB_17794 = CHB_16659 + CHB_26078,(R)-3-phosphoglycerate(aq) + H2O(l) = (R)-glycerate(aq) + orthophosphate(aq),Guynn R.W.; Arch. Biochem. Biophys.; 218 14 (1982).,82GUY_803,6293382.0,10.1016/0003-9861(82)90315-0,311.15,6.92,290, ,spectrophotometry,potassium phosphate (0.025 mol dm-3),mol/L;IS=0.25;(R)-glycerate=0.0629;orthophosphate=0.05;(R)-3-phosphoglycerate=0.0000108;K+_tot=0.208  ,3.1.3.1, ,0.0 MgCl2,0.25, , 
3016,3079.0,2246.0,alkaline phosphatase,kegg:C00197 + kegg:C00001 = kegg:C00258 + kegg:C00009,CHB_15377 + CHB_17794 = CHB_16659 + CHB_26078,(R)-3-phosphoglycerate(aq) + H2O(l) = (R)-glycerate(aq) + orthophosphate(aq),Guynn R.W.; Arch. Biochem. Biophys.; 218 14 (1982).,82GUY_803,6293382.0,10.1016/0003-9861(82)90315-0,311.15,6.93,297, ,spectrophotometry,potassium phosphate (0.025 mol dm-3),2.4 = -log[Mg+2] _ mol/L;IS=0.25;(R)-glycerate=0.0629;orthophosphate=0.05;(R)-3-phosphoglycerate=0.0000106;K+_tot=0.208  ,3.1.3.1, ,0.004 MgCl2,0.25, , 
3017,3060.0,2243.0,alkaline phosphatase,kegg:C00197 + kegg:C00001 = kegg:C00258 + kegg:C00009,CHB_15377 + CHB_17794 = CHB_16659 + CHB_26078,(R)-3-phosphoglycerate(aq) + H2O(l) = (R)-glycerate(aq) + orthophosphate(aq),Guynn R.W.; Arch. Biochem. Biophys.; 218 14 (1982).,82GUY_803,6293382.0,10.1016/0003-9861(82)90315-0,311.15,6.95,338, ,spectrophotometry,potassium phosphate (0.025 mol dm-3),3.0 = -log[Mg+2] _ mol/L;IS=0.25;(R)-glycerate=0.068;orthophosphate=0.0504;(R)-3-phosphoglycerate=0.0000102;K+_tot=0.22;Mg2+_tot=0.00099  ,3.1.3.1, ,0.001 MgCl2,0.25, , 
3018,3059.0,2258.0,alkaline phosphatase,kegg:C00197 + kegg:C00001 = kegg:C00258 + kegg:C00009,CHB_15377 + CHB_17794 = CHB_16659 + CHB_26078,(R)-3-phosphoglycerate(aq) + H2O(l) = (R)-glycerate(aq) + orthophosphate(aq),Guynn R.W.; Arch. Biochem. Biophys.; 218 14 (1982).,82GUY_803,6293382.0,10.1016/0003-9861(82)90315-0,311.15,6.95,288, ,spectrophotometry,potassium phosphate (0.025 mol dm-3),mol/L;IS=0.25;(R)-glycerate=0.0687;orthophosphate=0.0509;(R)-3-phosphoglycerate=0.0000119;K+_tot=0.222;Mg2+_tot=0.0001  ,3.1.3.1, ,0.0 MgCl2,0.25, , 
3019,3073.0,2256.0,alkaline phosphatase,kegg:C00197 + kegg:C00001 = kegg:C00258 + kegg:C00009,CHB_15377 + CHB_17794 = CHB_16659 + CHB_26078,(R)-3-phosphoglycerate(aq) + H2O(l) = (R)-glycerate(aq) + orthophosphate(aq),Guynn R.W.; Arch. Biochem. Biophys.; 218 14 (1982).,82GUY_803,6293382.0,10.1016/0003-9861(82)90315-0,311.15,6.96,384, ,spectrophotometry,potassium phosphate (0.025 mol dm-3),3.0 = -log[Mg+2] _ mol/L;IS=0.25;(R)-glycerate=0.0655;orthophosphate=0.05;(R)-3-phosphoglycerate=0.0000085;K+_tot=0.247;Mg2+_tot=0.001  ,3.1.3.1, ,0.001 MgCl2,0.25, , 
3020,3063.0,2254.0,alkaline phosphatase,kegg:C00197 + kegg:C00001 = kegg:C00258 + kegg:C00009,CHB_15377 + CHB_17794 = CHB_16659 + CHB_26078,(R)-3-phosphoglycerate(aq) + H2O(l) = (R)-glycerate(aq) + orthophosphate(aq),Guynn R.W.; Arch. Biochem. Biophys.; 218 14 (1982).,82GUY_803,6293382.0,10.1016/0003-9861(82)90315-0,311.15,7.0,332, ,spectrophotometry,potassium phosphate (0.025 mol dm-3),4.0 = -log[Mg+2] _ mol/L;IS=0.25;(R)-glycerate=0.0678;orthophosphate=0.05;(R)-3-phosphoglycerate=0.0000102;K+_tot=0.23;Mg2+_tot=0.0001  ,3.1.3.1, ,0.0001 MgCl2,0.25, , 
3021,3064.0,2240.0,alkaline phosphatase,kegg:C00197 + kegg:C00001 = kegg:C00258 + kegg:C00009,CHB_15377 + CHB_17794 = CHB_16659 + CHB_26078,(R)-3-phosphoglycerate(aq) + H2O(l) = (R)-glycerate(aq) + orthophosphate(aq),Guynn R.W.; Arch. Biochem. Biophys.; 218 14 (1982).,82GUY_803,6293382.0,10.1016/0003-9861(82)90315-0,311.15,7.0,319, ,spectrophotometry,potassium phosphate (0.025 mol dm-3),3.0 = -log[Mg+2] _ mol/L;IS=0.25;(R)-glycerate=0.0671;orthophosphate=0.0495;(R)-3-phosphoglycerate=0.0000104;K+_tot=0.218;Mg2+_tot=0.00099  ,3.1.3.1, ,0.00099 MgCl2,0.25, , 
3022,3069.0,2239.0,alkaline phosphatase,kegg:C00197 + kegg:C00001 = kegg:C00258 + kegg:C00009,CHB_15377 + CHB_17794 = CHB_16659 + CHB_26078,(R)-3-phosphoglycerate(aq) + H2O(l) = (R)-glycerate(aq) + orthophosphate(aq),Guynn R.W.; Arch. Biochem. Biophys.; 218 14 (1982).,82GUY_803,6293382.0,10.1016/0003-9861(82)90315-0,311.15,7.0,336, ,spectrophotometry,potassium phosphate (0.025 mol dm-3),3.0 = -log[Mg+2] _ mol/L;IS=0.25;(R)-glycerate=0.0655;orthophosphate=0.05;(R)-3-phosphoglycerate=0.0000097;K+_tot=0.214;Mg2+_tot=0.001  ,3.1.3.1, ,0.00099 MgCl2,0.25, , 
3023,3066.0,2238.0,alkaline phosphatase,kegg:C00197 + kegg:C00001 = kegg:C00258 + kegg:C00009,CHB_15377 + CHB_17794 = CHB_16659 + CHB_26078,(R)-3-phosphoglycerate(aq) + H2O(l) = (R)-glycerate(aq) + orthophosphate(aq),Guynn R.W.; Arch. Biochem. Biophys.; 218 14 (1982).,82GUY_803,6293382.0,10.1016/0003-9861(82)90315-0,311.15,7.0,294, ,spectrophotometry,potassium phosphate (0.025 mol dm-3),3.0 = -log[Mg+2] _ mol/L;IS=0.25;(R)-glycerate=0.0616;orthophosphate=0.0456;(R)-3-phosphoglycerate=0.0000095;K+_tot=0.2;Mg2+_tot=0.0091  ,3.1.3.1, ,0.001 MgCl2,0.25, , 
3024,3061.0,2248.0,alkaline phosphatase,kegg:C00197 + kegg:C00001 = kegg:C00258 + kegg:C00009,CHB_15377 + CHB_17794 = CHB_16659 + CHB_26078,(R)-3-phosphoglycerate(aq) + H2O(l) = (R)-glycerate(aq) + orthophosphate(aq),Guynn R.W.; Arch. Biochem. Biophys.; 218 14 (1982).,82GUY_803,6293382.0,10.1016/0003-9861(82)90315-0,311.15,7.0,269, ,spectrophotometry,potassium phosphate (0.025 mol dm-3),2.32 = -log[Mg+2] _ mol/L;IS=0.25;(R)-glycerate=0.0654;orthophosphate=0.0484;(R)-3-phosphoglycerate=0.0000118;K+_tot=0.212;Mg2+_tot=0.0048  ,3.1.3.1, ,0.0048 MgCl2,0.25, , 
3025,3065.0,2241.0,alkaline phosphatase,kegg:C00197 + kegg:C00001 = kegg:C00258 + kegg:C00009,CHB_15377 + CHB_17794 = CHB_16659 + CHB_26078,(R)-3-phosphoglycerate(aq) + H2O(l) = (R)-glycerate(aq) + orthophosphate(aq),Guynn R.W.; Arch. Biochem. Biophys.; 218 14 (1982).,82GUY_803,6293382.0,10.1016/0003-9861(82)90315-0,311.15,7.0,310, ,spectrophotometry,potassium phosphate (0.025 mol dm-3),2.32 = -log[Mg+2] _ mol/L;IS=0.25;(R)-glycerate=0.0646;orthophosphate=0.0476;(R)-3-phosphoglycerate=0.0000099;K+_tot=0.21;Mg2+_tot=0.0048  ,3.1.3.1, ,0.0048 MgCl2,0.25, , 
3026,3067.0,2242.0,alkaline phosphatase,kegg:C00197 + kegg:C00001 = kegg:C00258 + kegg:C00009,CHB_15377 + CHB_17794 = CHB_16659 + CHB_26078,(R)-3-phosphoglycerate(aq) + H2O(l) = (R)-glycerate(aq) + orthophosphate(aq),Guynn R.W.; Arch. Biochem. Biophys.; 218 14 (1982).,82GUY_803,6293382.0,10.1016/0003-9861(82)90315-0,311.15,7.0,294, ,spectrophotometry,potassium phosphate (0.025 mol dm-3),2.04 = -log[Mg+2] _ mol/L;IS=0.25;(R)-glycerate=0.0655;orthophosphate=0.05;(R)-3-phosphoglycerate=0.0000114;K+_tot=0.214  ,3.1.3.1, ,0.0091 MgCl2,0.25, , 
3027,3062.0,2252.0,alkaline phosphatase,kegg:C00197 + kegg:C00001 = kegg:C00258 + kegg:C00009,CHB_15377 + CHB_17794 = CHB_16659 + CHB_26078,(R)-3-phosphoglycerate(aq) + H2O(l) = (R)-glycerate(aq) + orthophosphate(aq),Guynn R.W.; Arch. Biochem. Biophys.; 218 14 (1982).,82GUY_803,6293382.0,10.1016/0003-9861(82)90315-0,311.15,7.0,303, ,spectrophotometry,potassium phosphate (0.025 mol dm-3),2.04 = -log[Mg+2] _ mol/L;IS=0.25;(R)-glycerate=0.0624;orthophosphate=0.0462;(R)-3-phosphoglycerate=0.0000095;K+_tot=0.203;Mg2+_tot=0.0091  ,3.1.3.1, ,0.0091 MgCl2,0.25, , 
3028,3203.0,1280.0,xylose isomerase,kegg:C00181 = kegg:C00310,CHB_53455 = CHS_388344,D-xylose(aq) = D-xylulose(aq),Hsiao H.-Y.; Chiang L.-C.; Chen L.-F.; Tsao G.T.; Enzyme Microb. Technol. 4 25 (1982).,82HSI/CHI_1327, , ,313.15,7.5,0.18, ,liquid chromatography,_-glycerophosphate (0.1 mol dm-3),mol/L;D-xylose=1;D-xylulose=0;(Mg)1(SO4)1=0.001;(Na)1(HSO3)1=0.00480487;glycerophosphate buffer=0.1  ,5.3.1.5, , , , , 
3029,3204.0,1279.0,xylose isomerase,kegg:C00181 = kegg:C00310,CHB_53455 = CHS_388344,D-xylose(aq) = D-xylulose(aq),Hsiao H.-Y.; Chiang L.-C.; Chen L.-F.; Tsao G.T.; Enzyme Microb. Technol. 4 25 (1982).,82HSI/CHI_1327, , ,323.15,7.5,0.22, ,liquid chromatography,_-glycerophosphate (0.1 mol dm-3),mol/L;D-xylose=1;D-xylulose=0;(Mg)1(SO4)1=0.001;(Na)1(HSO3)1=0.00480487;glycerophosphate buffer=0.1  ,5.3.1.5, , , , , 
3030,3205.0,1276.0,xylose isomerase,kegg:C00181 = kegg:C00310,CHB_53455 = CHS_388344,D-xylose(aq) = D-xylulose(aq),Hsiao H.-Y.; Chiang L.-C.; Chen L.-F.; Tsao G.T.; Enzyme Microb. Technol. 4 25 (1982).,82HSI/CHI_1327, , ,334.15,7.5,0.31, ,liquid chromatography,_-glycerophosphate (0.1 mol dm-3),mol/L;D-xylose=1;D-xylulose=0;(Mg)1(SO4)1=0.001;(Na)1(HSO3)1=0.00480487;glycerophosphate buffer=0.1  ,5.3.1.5, , , , , 
3031,3206.0,1277.0,xylose isomerase,kegg:C00181 = kegg:C00310,CHB_53455 = CHS_388344,D-xylose(aq) = D-xylulose(aq),Hsiao H.-Y.; Chiang L.-C.; Chen L.-F.; Tsao G.T.; Enzyme Microb. Technol. 4 25 (1982).,82HSI/CHI_1327, , ,343.15,7.5,0.39, ,liquid chromatography,_-glycerophosphate (0.1 mol dm-3),mol/L;D-xylose=1;D-xylulose=0;(Mg)1(SO4)1=0.001;(Na)1(HSO3)1=0.00480487;glycerophosphate buffer=0.1  ,5.3.1.5, , , , , 
3032,3207.0,1278.0,xylose isomerase,kegg:C00181 = kegg:C00310,CHB_53455 = CHS_388344,D-xylose(aq) = D-xylulose(aq),Hsiao H.-Y.; Chiang L.-C.; Chen L.-F.; Tsao G.T.; Enzyme Microb. Technol. 4 25 (1982).,82HSI/CHI_1327, , ,345.15,7.5,0.41, ,liquid chromatography,_-glycerophosphate (0.1 mol dm-3),mol/L;D-xylose=1;D-xylulose=0;(Mg)1(SO4)1=0.001;(Na)1(HSO3)1=0.00480487;glycerophosphate buffer=0.1  ,5.3.1.5, , , , , 
3033,,1562.0,6-phosphofructokinase,kegg:C00002 + kegg:C00085 = kegg:C00008 + kegg:C00354, ,"ATP(aq) + D-fructose 6-phosphate(aq) = ADP(aq) + D-fructose 1,6-bisphosphate(aq)","Redman-Furey N.L.; ""Biochemical Thermodynamics and Analytical Enthalpimetry""; Thesis Pennsylvania State University (1982).",82RED_554, , ,298.15,9.0, , ,calorimetry,(NH3 + NH4Cl) glycylglycine Taps and Tris  +  glycylglycine (0.1 mol dm-3), ,2.7.1.11, , , , ,-53
3034,,1563.0,6-phosphofructokinase,kegg:C00002 + kegg:C00085 = kegg:C00008 + kegg:C00354, ,"ATP(aq) + D-fructose 6-phosphate(aq) = ADP(aq) + D-fructose 1,6-bisphosphate(aq)","Redman-Furey N.L.; ""Biochemical Thermodynamics and Analytical Enthalpimetry""; Thesis Pennsylvania State University (1982).",82RED_554, , ,298.15,9.0, , ,calorimetry,(NH3 + NH4Cl) glycylglycine Taps and Tris  +  glycylglycine (0.1 mol dm-3), ,2.7.1.11, , , , ,-61.2
3035,,1564.0,6-phosphofructokinase,kegg:C00002 + kegg:C00085 = kegg:C00008 + kegg:C00354, ,"ATP(aq) + D-fructose 6-phosphate(aq) = ADP(aq) + D-fructose 1,6-bisphosphate(aq)","Redman-Furey N.L.; ""Biochemical Thermodynamics and Analytical Enthalpimetry""; Thesis Pennsylvania State University (1982).",82RED_554, , ,298.15,9.0, , ,calorimetry,(NH3 + NH4Cl) glycylglycine Taps and Tris  +  glycylglycine (0.1 mol dm-3), ,2.7.1.11, , , , ,-50.3
3036,,1565.0,6-phosphofructokinase,kegg:C00002 + kegg:C00085 = kegg:C00008 + kegg:C00354, ,"ATP(aq) + D-fructose 6-phosphate(aq) = ADP(aq) + D-fructose 1,6-bisphosphate(aq)","Redman-Furey N.L.; ""Biochemical Thermodynamics and Analytical Enthalpimetry""; Thesis Pennsylvania State University (1982).",82RED_554, , ,298.15,9.0, , ,calorimetry,(NH3 + NH4Cl) glycylglycine Taps and Tris  +  glycylglycine (0.1 mol dm-3), ,2.7.1.11, , , , ,-56.7
3037,,1566.0,glycerol kinase,kegg:C00002 + kegg:C00116 = kegg:C00008 + kegg:C00093, ,ATP(aq) + glycerol(aq) = ADP(aq) + sn-glycerol 3-phosphate(aq),"Redman-Furey N.L.; ""Biochemical Thermodynamics and Analytical Enthalpimetry""; Thesis Pennsylvania State University (1982).",82RED_558, , ,298.15,9.0, , ,calorimetry,Bicine glycylglycine Taps and Tris  +  Bicine (0.1 mol dm-3), ,2.7.1.30, , , , ,-56
3038,,1567.0,glycerol kinase,kegg:C00002 + kegg:C00116 = kegg:C00008 + kegg:C00093, ,ATP(aq) + glycerol(aq) = ADP(aq) + sn-glycerol 3-phosphate(aq),"Redman-Furey N.L.; ""Biochemical Thermodynamics and Analytical Enthalpimetry""; Thesis Pennsylvania State University (1982).",82RED_558, , ,298.15,9.0, , ,calorimetry,Bicine glycylglycine Taps and Tris  +  Bicine (0.1 mol dm-3), ,2.7.1.30, , , , ,-73.9
3039,,1568.0,glycerol kinase,kegg:C00002 + kegg:C00116 = kegg:C00008 + kegg:C00093, ,ATP(aq) + glycerol(aq) = ADP(aq) + sn-glycerol 3-phosphate(aq),"Redman-Furey N.L.; ""Biochemical Thermodynamics and Analytical Enthalpimetry""; Thesis Pennsylvania State University (1982).",82RED_558, , ,298.15,9.0, , ,calorimetry,Bicine glycylglycine Taps and Tris  +  Bicine (0.1 mol dm-3), ,2.7.1.30, , , , ,-69.8
3040,,1569.0,glycerol kinase,kegg:C00002 + kegg:C00116 = kegg:C00008 + kegg:C00093, ,ATP(aq) + glycerol(aq) = ADP(aq) + sn-glycerol 3-phosphate(aq),"Redman-Furey N.L.; ""Biochemical Thermodynamics and Analytical Enthalpimetry""; Thesis Pennsylvania State University (1982).",82RED_558, , ,298.15,9.0, , ,calorimetry,Bicine glycylglycine Taps and Tris  +  Bicine (0.1 mol dm-3), ,2.7.1.30, , , , ,-77.3
3041,,1908.0,pyruvate kinase,kegg:C00002 + kegg:C00022 = kegg:C00008 + kegg:C00074, ,ATP(aq) + pyruvate(aq) = ADP(aq) + phosphoenolpyruvate(aq),"Redman-Furey N.L.; ""Biochemical Thermodynamics and Analytical Enthalpimetry""; Thesis Pennsylvania State University (1982).",82RED_568, , ,298.15,8.5, , ,calorimetry,Tricine (0.1 mol dm-3) glycylglycine (0.1 mol dm-3) Taps (0.1 mol dm-3) and Tris (0.1 mol dm-3), ,2.7.1.40, , , , ,-35.1
3042,,1909.0,pyruvate kinase,kegg:C00002 + kegg:C00022 = kegg:C00008 + kegg:C00074, ,ATP(aq) + pyruvate(aq) = ADP(aq) + phosphoenolpyruvate(aq),"Redman-Furey N.L.; ""Biochemical Thermodynamics and Analytical Enthalpimetry""; Thesis Pennsylvania State University (1982).",82RED_568, , ,298.15,8.5, , ,calorimetry,Tricine (0.1 mol dm-3) glycylglycine (0.1 mol dm-3) Taps (0.1 mol dm-3) and Tris (0.1 mol dm-3), ,2.7.1.40, , , , ,-31.9
3043,,1910.0,pyruvate kinase,kegg:C00002 + kegg:C00022 = kegg:C00008 + kegg:C00074, ,ATP(aq) + pyruvate(aq) = ADP(aq) + phosphoenolpyruvate(aq),"Redman-Furey N.L.; ""Biochemical Thermodynamics and Analytical Enthalpimetry""; Thesis Pennsylvania State University (1982).",82RED_568, , ,298.15,8.5, , ,calorimetry,Tricine (0.1 mol dm-3) glycylglycine (0.1 mol dm-3) Taps (0.1 mol dm-3) and Tris (0.1 mol dm-3), ,2.7.1.40, , , , ,-22.9
3044,,1911.0,pyruvate kinase,kegg:C00002 + kegg:C00022 = kegg:C00008 + kegg:C00074, ,ATP(aq) + pyruvate(aq) = ADP(aq) + phosphoenolpyruvate(aq),"Redman-Furey N.L.; ""Biochemical Thermodynamics and Analytical Enthalpimetry""; Thesis Pennsylvania State University (1982).",82RED_568, , ,298.15,8.5, , ,calorimetry,Tricine (0.1 mol dm-3) glycylglycine (0.1 mol dm-3) Taps (0.1 mol dm-3) and Tris (0.1 mol dm-3), ,2.7.1.40, , , , ,-39.3
3045,,559.0,cholesterol oxidase and catalase,kegg:C00187 + 0.5 kegg:C00007 = kegg:C00599 + kegg:C00001, ,cholesterol(aq) + 1/2 O2(aq) = cholest-4-en-3-one(aq) + H2O(l),Rehak N.N.; Young D.S.; Clin. Chem. (Winston-Salem N.C.); 28 2235 (1982).,82REH/YOU_232, , ,303.15,6.9, , ,calorimetry,phosphate, ,1.1.3.6 & 1.11.1.6, , , , ,-153.4
3046,3209.0,2638.0,hypoxanthine phosphoribosyltransferase,kegg:C00144 + kegg:C00262 = kegg:C00130 + kegg:C00242,CHB_17345 + CHB_17368 = CHB_16235 + CHB_17202,GMP(aq) + hypoxanthine(aq) = IMP(aq) + guanine(aq),Salerno C.; Giacomello A.; Experientia; 38 1196 (1982).,82SAL/GIA_477, , ,310.15,7.4,0.38, ,spectrophotometry,Tris (0.1 mol dm-3) + HCl,mol/L;Tris-HCl=0.1;(Mg)1(Cl)2=0.01;pyrophosphate=0.001;guanine=0.000019;hypoxanthine=0.0000295;GMP=0.0000383;IMP=0.0000226  ,2.4.2.8, , , , , 
3047,3210,711.0,purine-nucleoside phosphorylase,kegg:C00294 + kegg:C00009 = kegg:C00262 + kegg:C00620,CHB_17596 + CHB_26078 = CHB_17368 + CHB_35425,inosine(aq) + orthophosphate(aq) = hypoxanthine(aq) + Î±-D-ribose 1-phosphate(aq),Salamone S.J.; Jordan F.; Jordan R.R.; Arch. Biochem. Biophys.; 217 139 (1982).,82SAL/JOR_462,6812503.0,10.1016/0003-9861(82)90487-8,310.15,7.1,0.038, ,NMR, ,mol/L;inosine=0.146584;orthophosphate=0.0106837;hypoxanthine=0.00745627;D-ribose 1-phosphate=0.00808627 _ nan _ ,2.4.2.1, , ,, , 
3048,3211.0,3329.0,sepiapterin reductase,kegg:C02953 + kegg:C00006 = kegg:C00835 + kegg:C00005,CHB_15375 + CHB_18009 = CHB_16095 + CHB_16474,"7,8-dihydrobiopterin(aq) + NADP(aq) = sepiapterin(aq) + NADPH(aq)",Sueoka T.; Katoh S.; Biochim. Biophys. Acta; 717 265 (1982).,82SUE/KAT_221, , ,298.15,8.0,0.045, ,spectrophotometry,potassium phosphate (0.02 mol dm-3),"mol/L;potassium phosphate buffer=0.1;NADPH=0.0001;sepiapterin=0.00005;NADP=0;7,8-dihydrobiopterin=0  ",1.1.1.153, , , , , 
3049,,4215.0,alcohol dehydrogenase,kegg:C00469 + kegg:C00003 = kegg:C00084 + kegg:C00004, ,ethanol(aq) + NAD(aq) = acetaldehyde(aq) + NADH(aq),"Brattlie W.J.; ""Thermochemistry of the Nicotinamide-Adenine Dinucleotide Redox Couple and Determination of Ethanol by Enthalpimetric Analysis""; Thesis Pennsylvania State University (1983).",83BRA_18, , ,298.15,8.9, , ,calorimetry,Tris TAPS bicine and glycylglycine, ,1.1.1.1, , , , ,49.8
3050,,3255.0,alcohol dehydrogenase,kegg:C05979 + kegg:C00003 = kegg:C00479 + kegg:C00004, ,1-propanol(aq) + NAD(aq) = propanal(aq) + NADH(aq),"Brattlie W.J.; ""Thermochemistry of the Nicotinamide-Adenine Dinucleotide Redox Couple and Determination of Ethanol by Enthalpimetric Analysis""; Thesis Pennsylvania State University (1983).",83BRA_28, , ,298.15,8.8, , ,calorimetry,Tris TAPS and glycylglycine, ,1.1.1.1, , , , ,47.7
3051,,3635.0,alcohol dehydrogenase,kegg:C01845 + kegg:C00003 = kegg:C00207 + kegg:C00004, ,2-propanol(aq) + NAD(aq) = acetone(aq) + NADH(aq),"Brattlie W.J.; ""Thermochemistry of the Nicotinamide-Adenine Dinucleotide Redox Couple and Determination of Ethanol by Enthalpimetric Analysis""; Thesis Pennsylvania State University (1983).",83BRA_33, , ,298.15,8.9, , ,calorimetry,phosphate (0.255 mol dm-3), ,1.1.1.1, , , , ,44.2
3052,,3250.0,alcohol dehydrogenase,kegg:C06142 + kegg:C00003 = kegg:C01412 + kegg:C00004, ,1-butanol(aq) + NAD(aq) = butanal(aq) + NADH(aq),"Brattlie W.J.; ""Thermochemistry of the Nicotinamide-Adenine Dinucleotide Redox Couple and Determination of Ethanol by Enthalpimetric Analysis""; Thesis Pennsylvania State University (1983).",83BRA_4, , ,298.15,8.8, , ,calorimetry,Tris and glycylglycine, ,1.1.1.1, , , , ,59.4
3053,3212.0,413.0,alcohol dehydrogenase,kegg:C00469 + kegg:C00003 = kegg:C00084 + kegg:C00004,CHB_15846 + CHB_16236 = CHB_15343 + CHB_16908,ethanol(aq) + NAD(aq) = acetaldehyde(aq) + NADH(aq),Crabb D.B.; Bosron W.F.; Li T.-K.; Archiv. Biochem. Biophys.; 224 299 (1983).,83CRA/BOS_19, , ,310.15,7.3,0.00037, ,spectrophotometry,potassium phosphate (0.090 mol dm-3) + KCl (0.040 mol dm-3),mol/L;potassium phosphate=0.09;(K)1(Cl)1=0.04  ,1.1.1.1, , , , , 
3054,3213.0,865.0,penicillin amidase,kegg:C05551 + kegg:C00001 = kegg:C02954 + kegg:C07086, ,penicillin G-(aq) + H2O(l) = 6-aminopenicillanic acid-(aq) + phenylacetic acid(aq),Haagensen P.; Karlsen L.G.; Petersen J.; Villadsen J.; Biotechnol. Bioeng.; 25 1873 (1983).,83HAA/KAR_1013, , ,298.15, ,0.0003, , , ,   ,3.5.1.11, , , , , 
3055,3214.0,864.0,penicillin amidase,kegg:C08126 + kegg:C00001 = kegg:C02954 + kegg:C02181, ,phenoxymethylpenicillin-(aq) + H2O(l) = 6-aminopenicillanate-(aq) + phenoxyacetate(aq),Haagensen P.; Karlsen L.G.; Petersen J.; Villadsen J.; Biotechnol. Bioeng.; 25 1873 (1983).,83HAA/KAR_1015,18551488.0,10.1002/bit.260250715,298.15, ,0.00128, , , ,   ,3.5.1.11, , , , , 
3056,3215.0,2803.0,UTP-glucose-1-phosphate uridylyltransferase,kegg:C00075 + kegg:C00103 = kegg:C00013 + kegg:C00029,CHB_15713 + CHB_16077 = CHB_18066 + CHB_18361,UTP(aq) + Î±-D-glucose 1-phosphate(aq) = pyrophosphate(aq) + UDPglucose(aq),Hondo T.; Hara A.; Funaguma T.; Plant Cell Physiol.; 24 61 (1983).,83HON/HAR_695, , ,310.15,8.0,0.48, ,spectrophotometry,Tris (0.04 mol dm-3) + HCl,mol/L;Tris-HCl=0.02;D-glucose 1-phosphate=0.005;UTP=0.002;(Mg)1(Cl)2=0.01;pyrophosphate=0;UDPglucose=0  ,2.7.7.9, , , , , 
3057,3219.0,3491.0,sepiapterin reductase,kegg:C02953 + kegg:C00006 = kegg:C00835 + kegg:C00005,CHB_15375 + CHB_18009 = CHB_16095 + CHB_16474,"7,8-dihydrobiopterin(aq) + NADP(aq) = sepiapterin(aq) + NADPH(aq)",Katoh S.; Sueoka T.; Josai Shika Daigaku Kiyo; 12 173 (1983).,83KAT/SUE_222,6370350.0, ,298.15,7.88,0.045, ,spectrophotometry,potassium phosphate (0.020 mol dm-3),mol/L;potassium phosphate buffer=0.02  ,1.1.1.153, , , , , 
3058,3216.0,3492.0,sepiapterin reductase,kegg:C02953 + kegg:C00006 = kegg:C00835 + kegg:C00005,CHB_15375 + CHB_18009 = CHB_16095 + CHB_16474,"7,8-dihydrobiopterin(aq) + NADP(aq) = sepiapterin(aq) + NADPH(aq)",Katoh S.; Sueoka T.; Josai Shika Daigaku Kiyo; 12 173 (1983).,83KAT/SUE_222,6370350.0, ,298.15,7.93,0.037, ,spectrophotometry,potassium phosphate (0.020 mol dm-3),mol/L;potassium phosphate buffer=0.02  ,1.1.1.153, , , , , 
3059,3218.0,3495.0,sepiapterin reductase,kegg:C02953 + kegg:C00006 = kegg:C00835 + kegg:C00005,CHB_15375 + CHB_18009 = CHB_16095 + CHB_16474,"7,8-dihydrobiopterin(aq) + NADP(aq) = sepiapterin(aq) + NADPH(aq)",Katoh S.; Sueoka T.; Josai Shika Daigaku Kiyo; 12 173 (1983).,83KAT/SUE_222,6370350.0, ,298.15,7.95,0.039, ,spectrophotometry,potassium phosphate (0.020 mol dm-3),mol/L;potassium phosphate buffer=0.02  ,1.1.1.153, , , , , 
3060,3220.0,3493.0,sepiapterin reductase,kegg:C02953 + kegg:C00006 = kegg:C00835 + kegg:C00005,CHB_15375 + CHB_18009 = CHB_16095 + CHB_16474,"7,8-dihydrobiopterin(aq) + NADP(aq) = sepiapterin(aq) + NADPH(aq)",Katoh S.; Sueoka T.; Josai Shika Daigaku Kiyo; 12 173 (1983).,83KAT/SUE_222,6370350.0, ,298.15,8.02,0.046, ,spectrophotometry,potassium phosphate (0.020 mol dm-3),mol/L;potassium phosphate buffer=0.02  ,1.1.1.153, , , , , 
3061,3217.0,3494.0,sepiapterin reductase,kegg:C02953 + kegg:C00006 = kegg:C00835 + kegg:C00005,CHB_15375 + CHB_18009 = CHB_16095 + CHB_16474,"7,8-dihydrobiopterin(aq) + NADP(aq) = sepiapterin(aq) + NADPH(aq)",Katoh S.; Sueoka T.; Josai Shika Daigaku Kiyo; 12 173 (1983).,83KAT/SUE_222,6370350.0, ,298.15,8.06,0.038, ,spectrophotometry,potassium phosphate (0.020 mol dm-3),mol/L;potassium phosphate buffer=0.02  ,1.1.1.153, , , , , 
3062,3231.0,2022.0,adenylate kinase,2 kegg:C00008 = kegg:C00020 + kegg:C00002,2 CHB_16761 = CHB_15422 + CHB_16027,2 ADP(aq) = AMP(aq) + ATP(aq),Kholodenko N.Ya.; Kartashov I.M.; Makarov A.D.; Biokhimiya (Moscow); 48 471 (1983).,83KHO/KAR_653, , ,297.15,10.1,0.42, ,paper chromatography,Tris (0.05 mol dm-3) + HCl,3.0 = -log[Mg+2] _ mol/L;Tris-HCl=0.05;(Mg)1(Cl)2=0.001 _ MgCl2 (0.001 mol/L) _ ,2.7.4.3, ,0.001 MgCl2, , , 
3063,3236.0,2010.0,adenylate kinase,2 kegg:C00008 = kegg:C00020 + kegg:C00002,2 CHB_16761 = CHB_15422 + CHB_16027,2 ADP(aq) = AMP(aq) + ATP(aq),Kholodenko N.Ya.; Kartashov I.M.; Makarov A.D.; Biokhimiya (Moscow); 48 471 (1983).,83KHO/KAR_653, , ,297.15,6.1,0.8, ,paper chromatography,Tris (0.05 mol dm-3) + HCl,3.0 = -log[Mg+2] _ mol/L;Tris-HCl=0.05;(Mg)1(Cl)2=0.001 _ MgCl2 (0.001 mol/L) _ ,2.7.4.3, ,0.001 MgCl2, , , 
3064,3235.0,2024.0,adenylate kinase,2 kegg:C00008 = kegg:C00020 + kegg:C00002,2 CHB_16761 = CHB_15422 + CHB_16027,2 ADP(aq) = AMP(aq) + ATP(aq),Kholodenko N.Ya.; Kartashov I.M.; Makarov A.D.; Biokhimiya (Moscow); 48 471 (1983).,83KHO/KAR_653, , ,297.15,7.0,0.6, ,paper chromatography,Tris (0.05 mol dm-3) + HCl,3.0 = -log[Mg+2] _ mol/L;Tris-HCl=0.05;(Mg)1(Cl)2=0.001 _ MgCl2 (0.001 mol/L) _ ,2.7.4.3, ,0.001 MgCl2, , , 
3065,3237.0,2018.0,adenylate kinase,2 kegg:C00008 = kegg:C00020 + kegg:C00002,2 CHB_16761 = CHB_15422 + CHB_16027,2 ADP(aq) = AMP(aq) + ATP(aq),Kholodenko N.Ya.; Kartashov I.M.; Makarov A.D.; Biokhimiya (Moscow); 48 471 (1983).,83KHO/KAR_653, , ,297.15,8.0,0.52, ,paper chromatography,Tris (0.05 mol dm-3) + HCl,3.52 = -log[Mg+2] _ mol/L;Tris-HCl=0.05;(Mg)1(Cl)2=0.0003 _ MgCl2 (0.0003 mol/L) _ ,2.7.4.3, ,0.0003 MgCl2, , , 
3066,3234.0,2023.0,adenylate kinase,2 kegg:C00008 = kegg:C00020 + kegg:C00002,2 CHB_16761 = CHB_15422 + CHB_16027,2 ADP(aq) = AMP(aq) + ATP(aq),Kholodenko N.Ya.; Kartashov I.M.; Makarov A.D.; Biokhimiya (Moscow); 48 471 (1983).,83KHO/KAR_653, , ,297.15,8.0,0.57, ,paper chromatography,Tris (0.05 mol dm-3) + HCl,3.0 = -log[Mg+2] _ mol/L;Tris-HCl=0.05;(Mg)1(Cl)2=0.001 _ MgCl2 (0.001 mol/L) _ ,2.7.4.3, ,0.001 MgCl2, , , 
3067,3232.0,2011.0,adenylate kinase,2 kegg:C00008 = kegg:C00020 + kegg:C00002,2 CHB_16761 = CHB_15422 + CHB_16027,2 ADP(aq) = AMP(aq) + ATP(aq),Kholodenko N.Ya.; Kartashov I.M.; Makarov A.D.; Biokhimiya (Moscow); 48 471 (1983).,83KHO/KAR_653, , ,297.15,8.0,0.55, ,paper chromatography,Tris (0.05 mol dm-3) + HCl,3.0 = -log[Mg+2] _ mol/L;Tris-HCl=0.05;(Mg)1(Cl)2=0.001 _ MgCl2 (0.001 mol/L) _ ,2.7.4.3, ,0.001 MgCl2, , , 
3068,3230.0,2012.0,adenylate kinase,2 kegg:C00008 = kegg:C00020 + kegg:C00002,2 CHB_16761 = CHB_15422 + CHB_16027,2 ADP(aq) = AMP(aq) + ATP(aq),Kholodenko N.Ya.; Kartashov I.M.; Makarov A.D.; Biokhimiya (Moscow); 48 471 (1983).,83KHO/KAR_653, , ,297.15,8.0,0.7, ,paper chromatography,Tris (0.05 mol dm-3) + HCl,2.77 = -log[Mg+2] _ mol/L;Tris-HCl=0.05;(Mg)1(Cl)2=0.0017 _ MgCl2 (0.0017 mol/L) _ ,2.7.4.3, ,0.0017 MgCl2, , , 
3069,3229.0,2016.0,adenylate kinase,2 kegg:C00008 = kegg:C00020 + kegg:C00002,2 CHB_16761 = CHB_15422 + CHB_16027,2 ADP(aq) = AMP(aq) + ATP(aq),Kholodenko N.Ya.; Kartashov I.M.; Makarov A.D.; Biokhimiya (Moscow); 48 471 (1983).,83KHO/KAR_653, , ,297.15,8.0,0.99, ,paper chromatography,Tris (0.05 mol dm-3) + HCl,2.64 = -log[Mg+2] _ mol/L;Tris-HCl=0.05;(Mg)1(Cl)2=0.0023 _ MgCl2 (0.0023 mol/L) _ ,2.7.4.3, ,0.0023 MgCl2, , , 
3070,3228.0,2013.0,adenylate kinase,2 kegg:C00008 = kegg:C00020 + kegg:C00002,2 CHB_16761 = CHB_15422 + CHB_16027,2 ADP(aq) = AMP(aq) + ATP(aq),Kholodenko N.Ya.; Kartashov I.M.; Makarov A.D.; Biokhimiya (Moscow); 48 471 (1983).,83KHO/KAR_653, , ,297.15,8.0,0.84, ,paper chromatography,Tris (0.05 mol dm-3) + HCl,2.51 = -log[Mg+2] _ mol/L;Tris-HCl=0.05;(Mg)1(Cl)2=0.0031 _ MgCl2 (0.0031 mol/L) _ ,2.7.4.3, ,0.0031 MgCl2, , , 
3071,3227.0,2019.0,adenylate kinase,2 kegg:C00008 = kegg:C00020 + kegg:C00002,2 CHB_16761 = CHB_15422 + CHB_16027,2 ADP(aq) = AMP(aq) + ATP(aq),Kholodenko N.Ya.; Kartashov I.M.; Makarov A.D.; Biokhimiya (Moscow); 48 471 (1983).,83KHO/KAR_653, , ,297.15,8.0,0.67, ,paper chromatography,Tris (0.05 mol dm-3) + HCl,2.43 = -log[Mg+2] _ mol/L;Tris-HCl=0.05;(Mg)1(Cl)2=0.0037 _ MgCl2 (0.0037 mol/L) _ ,2.7.4.3, ,0.0037 MgCl2, , , 
3072,3226.0,2017.0,adenylate kinase,2 kegg:C00008 = kegg:C00020 + kegg:C00002,2 CHB_16761 = CHB_15422 + CHB_16027,2 ADP(aq) = AMP(aq) + ATP(aq),Kholodenko N.Ya.; Kartashov I.M.; Makarov A.D.; Biokhimiya (Moscow); 48 471 (1983).,83KHO/KAR_653, , ,297.15,8.0,0.64, ,paper chromatography,Tris (0.05 mol dm-3) + HCl,2.34 = -log[Mg+2] _ mol/L;Tris-HCl=0.05;(Mg)1(Cl)2=0.0046 _ MgCl2 (0.0046 mol/L) _ ,2.7.4.3, ,0.0046 MgCl2, , , 
3073,3225.0,2026.0,adenylate kinase,2 kegg:C00008 = kegg:C00020 + kegg:C00002,2 CHB_16761 = CHB_15422 + CHB_16027,2 ADP(aq) = AMP(aq) + ATP(aq),Kholodenko N.Ya.; Kartashov I.M.; Makarov A.D.; Biokhimiya (Moscow); 48 471 (1983).,83KHO/KAR_653, , ,297.15,8.0,0.46, ,paper chromatography,Tris (0.05 mol dm-3) + HCl,2.28 = -log[Mg+2] _ mol/L;Tris-HCl=0.05;(Mg)1(Cl)2=0.0052 _ MgCl2 (0.0052 mol/L) _ ,2.7.4.3, ,0.0052 MgCl2, , , 
3074,3224.0,2014.0,adenylate kinase,2 kegg:C00008 = kegg:C00020 + kegg:C00002,2 CHB_16761 = CHB_15422 + CHB_16027,2 ADP(aq) = AMP(aq) + ATP(aq),Kholodenko N.Ya.; Kartashov I.M.; Makarov A.D.; Biokhimiya (Moscow); 48 471 (1983).,83KHO/KAR_653, , ,297.15,8.0,0.4, ,paper chromatography,Tris (0.05 mol dm-3) + HCl,2.26 = -log[Mg+2] _ mol/L;Tris-HCl=0.05;(Mg)1(Cl)2=0.0055 _ MgCl2 (0.0055 mol/L) _ ,2.7.4.3, ,0.0055 MgCl2, , , 
3075,3223.0,2020.0,adenylate kinase,2 kegg:C00008 = kegg:C00020 + kegg:C00002,2 CHB_16761 = CHB_15422 + CHB_16027,2 ADP(aq) = AMP(aq) + ATP(aq),Kholodenko N.Ya.; Kartashov I.M.; Makarov A.D.; Biokhimiya (Moscow); 48 471 (1983).,83KHO/KAR_653, , ,297.15,8.0,0.27, ,paper chromatography,Tris (0.05 mol dm-3) + HCl,2.21 = -log[Mg+2] _ mol/L;Tris-HCl=0.05;(Mg)1(Cl)2=0.0061 _ MgCl2 (0.0061 mol/L) _ ,2.7.4.3, ,0.0061 MgCl2, , , 
3076,3222.0,2015.0,adenylate kinase,2 kegg:C00008 = kegg:C00020 + kegg:C00002,2 CHB_16761 = CHB_15422 + CHB_16027,2 ADP(aq) = AMP(aq) + ATP(aq),Kholodenko N.Ya.; Kartashov I.M.; Makarov A.D.; Biokhimiya (Moscow); 48 471 (1983).,83KHO/KAR_653, , ,297.15,8.0,0.25, ,paper chromatography,Tris (0.05 mol dm-3) + HCl,2.05 = -log[Mg+2] _ mol/L;Tris-HCl=0.05;(Mg)1(Cl)2=0.0089 _ MgCl2 (0.0089 mol/L) _ ,2.7.4.3, ,0.0089 MgCl2, , , 
3077,3221.0,2025.0,adenylate kinase,2 kegg:C00008 = kegg:C00020 + kegg:C00002,2 CHB_16761 = CHB_15422 + CHB_16027,2 ADP(aq) = AMP(aq) + ATP(aq),Kholodenko N.Ya.; Kartashov I.M.; Makarov A.D.; Biokhimiya (Moscow); 48 471 (1983).,83KHO/KAR_653, , ,297.15,8.0,0.24, ,paper chromatography,Tris (0.05 mol dm-3) + HCl,2.0 = -log[Mg+2] _ mol/L;Tris-HCl=0.05;(Mg)1(Cl)2=0.0099 _ MgCl2 (0.0099 mol/L) _ ,2.7.4.3, ,0.0099 MgCl2, , , 
3078,3233.0,2021.0,adenylate kinase,2 kegg:C00008 = kegg:C00020 + kegg:C00002,2 CHB_16761 = CHB_15422 + CHB_16027,2 ADP(aq) = AMP(aq) + ATP(aq),Kholodenko N.Ya.; Kartashov I.M.; Makarov A.D.; Biokhimiya (Moscow); 48 471 (1983).,83KHO/KAR_653, , ,297.15,9.0,0.57, ,paper chromatography,Tris (0.05 mol dm-3) + HCl,3.0 = -log[Mg+2] _ mol/L;Tris-HCl=0.05;(Mg)1(Cl)2=0.001 _ MgCl2 (0.001 mol/L) _ ,2.7.4.3, ,0.001 MgCl2, , , 
3079,3238.0, ,creatine kinase, ,CHB_16919 + MAN_10160 = CHB_17287 + CHB_40730,"adenosine 5'-(Î±,Î²-methylene)triphosphate(aq) + creatine(aq) = adenosine 5'-(Î±,Î²-methylene)diphosphate(aq) + phosphocreatine(aq)",Milner-White J.; Rycroft D.S.; Eur. J. Biochem.; 133 169 (1983).,83MIL/RYC_607,6852021.0,10.1111/j.1432-1033.1983.tb07443.x,298.l5,8.79,0.00143, ,NMR,Bicine (0.025 mol dm-3) + NaOH,"mol/L;adenosine 5'-(,-methylene)triphosphate=0.028;magnesium acetate=0.0325;creatine=0.0593;Bicine=0.025;adenosine 5'-(,-methylene)diphosphate=0;phosphocreatine=0  ",2.7.3.2, , , , , 
3080,3241.0,3046.0,lactoylglutathione lyase,kegg:C03451 = kegg:C00051 + kegg:C00546,CHB_15694 = CHB_16856 + CHB_17158,(R)-S-lactoylglutathione(aq) = glutathione (reduced)(aq) + methylglyoxal(aq),Sellin S.; Mannervik B.; J. Biol. Chem.; 258 8872 (1983).,83SEL/MAN_1228,6863314.0, ,303.15,7.0,9.00E-05, ,spectrophotometry,sodium phosphate (0.1 mol dm-3),mol/L;sodium phosphate buffer=0.1  ,4.4.1.5, , , , , 
3081,3242.0,4337.0,xylose isomerase,kegg:C00031 = kegg:C00095,CHB_4167 = CHB_37721,D-glucose(aq) = D-fructose(aq),"van Tilburg R.; ""Engineering Aspects of Biocatalysts in Industrial Starch Conversion Technology""; Thesis Delft University (1983).",83TIL_1312, , ,323.15,7.5,0.99, ,polarimetry and HPLC, ,mol/L;(Mg)1(SO4)1=0.003  ,5.3.1.5, , , , , 
3082,3243.0,4342.0,xylose isomerase,kegg:C00031 = kegg:C00095,CHB_4167 = CHB_37721,D-glucose(aq) = D-fructose(aq),"van Tilburg R.; ""Engineering Aspects of Biocatalysts in Industrial Starch Conversion Technology""; Thesis Delft University (1983).",83TIL_1312, , ,328.15,7.5,1.01, ,polarimetry and HPLC, ,mol/L;(Mg)1(SO4)1=0.003  ,5.3.1.5, , , , , 
3083,3244.0,4339.0,xylose isomerase,kegg:C00031 = kegg:C00095,CHB_4167 = CHB_37721,D-glucose(aq) = D-fructose(aq),"van Tilburg R.; ""Engineering Aspects of Biocatalysts in Industrial Starch Conversion Technology""; Thesis Delft University (1983).",83TIL_1312, , ,333.15,7.5,1.05, ,polarimetry and HPLC, ,mol/L;(Mg)1(SO4)1=0.003  ,5.3.1.5, , , , , 
3084,3246.0,4341.0,xylose isomerase,kegg:C00031 = kegg:C00095,CHB_4167 = CHB_37721,D-glucose(aq) = D-fructose(aq),"van Tilburg R.; ""Engineering Aspects of Biocatalysts in Industrial Starch Conversion Technology""; Thesis Delft University (1983).",83TIL_1312, , ,333.15,7.5,1.11, ,polarimetry and HPLC, ,mol/L;(Mg)1(SO4)1=0.003  ,5.3.1.5, , , , , 
3085,3245.0,4338.0,xylose isomerase,kegg:C00031 = kegg:C00095,CHB_4167 = CHB_37721,D-glucose(aq) = D-fructose(aq),"van Tilburg R.; ""Engineering Aspects of Biocatalysts in Industrial Starch Conversion Technology""; Thesis Delft University (1983).",83TIL_1312, , ,338.15,7.5,1.07, ,polarimetry and HPLC, ,mol/L;(Mg)1(SO4)1=0.003  ,5.3.1.5, , , , , 
3086,3247.0,4340.0,xylose isomerase,kegg:C00031 = kegg:C00095,CHB_4167 = CHB_37721,D-glucose(aq) = D-fructose(aq),"van Tilburg R.; ""Engineering Aspects of Biocatalysts in Industrial Starch Conversion Technology""; Thesis Delft University (1983).",83TIL_1312, , ,338.15,7.5,1.14, ,polarimetry and HPLC, ,mol/L;(Mg)1(SO4)1=0.003  ,5.3.1.5, , , , , 
3087,3249.0,267.0,malate dehydrogenase (decarboxylating),kegg:C00149 + kegg:C00003 + kegg:C00001 = kegg:C00022 + kegg:C00004 + kegg:C00288,CHB_15589 + CHB_15846 = CHB_15361 + CHB_16526 + CHB_16908,(S)-malate(aq) + NAD(aq) + H2O(l) = pyruvate(aq) + NADH(aq) + carbon dioxide(aq),Wedding R.T.; Black M.K.; Plant Physiol.; 72 1021 (1983).,83WED/BLA_146,16663114.0,10.1104/pp.72.4.1021,298.15,6.5,0.0011, ,spectrophotometry,N-(acetamido)-2-aminoethanesulfonic acid (0.050 mol dm-3),mol/L;N-acetamido-2-aminoethanesulfonic acid=0.05;(Mg)1=0.006  ,1.1.1.39, , , , , 
3088,,2651.0,formate dehydrogenase (NADP+),kegg:C00058 + kegg:C00006 + kegg:C00001 = kegg:C00288 + kegg:C00005, ,formate(aq) + NADP(aq) + H2O(l) = carbon dioxide(aq) + NADPH(aq),Yamamoto I.; Saiki T.; Liu S.M.; Ljungdahl L.G.; J. Biol. Chem.; 258 1826 (1983).,83YAM/SAI_261,6822536.0, ,328.15,7.5,6.5E2, ,spectrophotometry,triethanolamine-maleate (0.1 mol dm-3), ,1.2.1.43, , , , , 
3089,, ,"glucan 1,4-a-glucosidase", , ,isomaltose(aq) + H2O(l) = 2 D-glucose(aq),Adachi S.; Ueda Y.; Hashimoto K.; Biotechnol. Bioeng.; 26 121 (1984).,84ADA/UED_887, , ,313,5.0,18, ,HPLC and enzymatic assay,acetate (0.010 mol dm-3), ,3.2.1.3, , , , , 
3090,, ,"glucan 1,4-a-glucosidase", , ,maltose(aq) + H2O(l) = 2 D-glucose(aq),Adachi S.; Ueda Y.; Hashimoto K.; Biotechnol. Bioeng.; 26 121 (1984).,84ADA/UED_895,18551697.0,10.1002/bit.260260203,313,5.0,200, ,HPLC and enzymatic assay,acetate (0.010 mol dm-3), ,3.2.1.3, , , , , 
3091,3254.0,1860.0,dihydrofolate reductase,2 kegg:C00415 = kegg:C00504 + kegg:C00101,2 CHB_15633 = CHB_15635 + CHB_27470,"2 7,8-dihydrofolate(aq) = folate(aq) + 5,6,7,8-tetrahydrofolate(aq)",Blakley R.L.; Cocco L.; Biochemistry; 23 2377 (1984).,84BLA/COC_295,6433972.0,10.1021/bi00306a009,295.15,7.0,19.4, ,spectrophotometry and HPLC,Tris (0.050 mol dm-3) + HCl,mol/L;Tris-HCl=0.05  ,1.5.1.3, , , , , 
3092,,3933.0,UDPglucose 4-epimerase,kegg:C00029 = kegg:C00052, ,UDPglucose(aq) = UDPgalactose(aq),Dey P.M.; Phytochemistry; 23 729 (1984).,84DEY_1257, , ,303.15,8.0,0.31, ,spectrophotometry,glycine (0.1 mol dm-3), ,5.1.3.2, , , , , 
3093,3338,133.0,D-xylulose reductase,kegg:C00379 + kegg:C00003 = kegg:C00310 + kegg:C00004,CHB_15846 + CHB_17151 = CHB_16908 + CHS_388344,xylitol(aq) + NAD(aq) = D-xylulose(aq) + NADH(aq),Ditzelm|ller G.; Kubicek C.P.; Wvhrer W.; Rvhr M.; FEMS Microbiol. Lett.; 25 195 (1984).,84DIT/KUB2_54, , ,298.15,7.0,0.00043, ,spectrophotometry,Tris (0.025 mol dm-3) + HCl,mol/L;Tris-HCl=0.05;(Mg)1(Cl)2=0.005;xylitol=0.1;NAD=0.0005;D-xylulose=0;NADH=0 _ nan _ ,1.1.1.9, , ,, , 
3094,3337.0,680.0,aldehyde reductase,kegg:C00379 + kegg:C00006 = kegg:C00181 + kegg:C00005,CHB_17151 + CHB_18009 = CHB_16474 + CHB_53455,xylitol(aq) + NADP(aq) = D-xylose(aq) + NADPH(aq),Ditzelm|ller G.; Kubicek C.P.; Wvhrer W.; Rvhr M.; Can. J. Microbiol.; 30 1330 (1984).,84DIT/KUB_80, , ,298.15,7.5,0.0032, ,spectrophotometry,glycylglycine (0.025 mol dm-3),mol/L;glycylglycine buffer=0.025  ,1.1.1.21, , , , , 
3095,3339.0,802.0,dimethylmaleate hydratase,kegg:C03652 = kegg:C00922 + kegg:C00001,CHB_15582 = CHB_15377 + CHB_17081,"(2R,3S)-2,3-dimethylmalate(aq) = dimethylmaleate(aq) + H2O(l)",Kollmann-Koch A.; Eggerer H.; Hoppe-Seyler's Z. Physiol. Chem.; 365 847 (1984).,84KOL/EGG_1201,6489933.0,10.1515/bchm2.1984.365.2.847,308.15,7.0,0.43, ,spectrophotometry,phosphate (0.10 mol dm-3),"mol/L;potassium phosphate buffer=0.1;DTT=0.001;(2R,3S)-2,3-dimethylmalate=0.0035;dimethylmaleate=0.0015  ",4.2.1.85, , , , , 
3096,3340.0,1557.0,xylose isomerase,kegg:C00031 = kegg:C00095,CHB_4167 = CHB_37721,D-glucose(aq) = D-fructose(aq),Lloyd N.E.; Chan Y.C.; personal communication (1984) cited in [84TEW/GOL].,84LLO/CHA_1313, , ,333.15,7.0,1.039, ,HPLC,sodium sulfite + sodium hydrogen sulfite,   ,5.3.1.5, , , , , 
3097,3341.0,1554.0,xylose isomerase,kegg:C00031 = kegg:C00095,CHB_4167 = CHB_37721,D-glucose(aq) = D-fructose(aq),Lloyd N.E.; Chan Y.C.; personal communication (1984) cited in [84TEW/GOL].,84LLO/CHA_1313, , ,338.15,7.0,1.062, ,HPLC,sodium sulfite + sodium hydrogen sulfite,   ,5.3.1.5, , , , , 
3098,3342.0,1558.0,xylose isomerase,kegg:C00031 = kegg:C00095,CHB_4167 = CHB_37721,D-glucose(aq) = D-fructose(aq),Lloyd N.E.; Chan Y.C.; personal communication (1984) cited in [84TEW/GOL].,84LLO/CHA_1313, , ,343.15,7.0,1.103, ,HPLC,sodium sulfite + sodium hydrogen sulfite,   ,5.3.1.5, , , , , 
3099,3343.0,1555.0,xylose isomerase,kegg:C00031 = kegg:C00095,CHB_4167 = CHB_37721,D-glucose(aq) = D-fructose(aq),Lloyd N.E.; Chan Y.C.; personal communication (1984) cited in [84TEW/GOL].,84LLO/CHA_1313, , ,348.15,7.0,1.131, ,HPLC,sodium sulfite + sodium hydrogen sulfite,   ,5.3.1.5, , , , , 
3100,3344.0,1559.0,xylose isomerase,kegg:C00031 = kegg:C00095,CHB_4167 = CHB_37721,D-glucose(aq) = D-fructose(aq),Lloyd N.E.; Chan Y.C.; personal communication (1984) cited in [84TEW/GOL].,84LLO/CHA_1313, , ,353.15,7.0,1.182, ,HPLC,sodium sulfite + sodium hydrogen sulfite,   ,5.3.1.5, , , , , 
3101,3345.0,1556.0,xylose isomerase,kegg:C00031 = kegg:C00095,CHB_4167 = CHB_37721,D-glucose(aq) = D-fructose(aq),Lloyd N.E.; Chan Y.C.; personal communication (1984) cited in [84TEW/GOL].,84LLO/CHA_1313, , ,358.15,7.0,1.209, ,HPLC,sodium sulfite + sodium hydrogen sulfite,   ,5.3.1.5, , , , , 
3102,3346.0, ,thermolysin, ,CHB_15377 + MAN_10127 = CHS_2006119 + CHS_643364,N-(benzyloxycarbonyl)-L-aspartyl-L-phenylalanine methyl ester(aq) + H2O(l) = N-(benzyloxycarbonyl)-L-aspartic acid(aq) + L-phenylalanine methyl ester(aq),"Oyama K.; Irino S.; Harada T.; Hagi N.; in ""Enzyme Engineering 7""; A.I. Laskin G.T. Tsao and L.B. Wingard eds.; New York Academy of Sciences New York (1984); pp. 95-98",84OYA/IRI_985, , ,313.15,6.5,0.67, ,HPLC,No specific buffering system was used.  The pH was adjusted with NaOH.,   ,3.4.24.27, , , , , 
3103,,3902.0,glutathione reductase (NAD(P)H),2 kegg:C00051 + kegg:C00006 = kegg:C00127 + kegg:C00005, ,2 reduced glutathione(aq) + NADP(aq) =  oxidized glutathione(aq) + NADPH(aq),"Pau C.-P.; ""Thermochemistry and Enthalpimetric Analysis of Biological Thiols and Thioethers""; Thesis Pennsylvania State University (1984).",84PAU_317, , ,298.15,6.8, , ,calorimetry,imidazole (0.1 mol dm-3), ,1.6.4.2, , , , ,3.6
3104,3347.0, ,thiamine pyridinylase, ,CHB_17296 + CHB_18385 = CHB_17957 + MAN_10118,thiamine(aq) + aniline(aq) = 4-methyl-5-(2'-hydroxyethyl)-thiazole(aq) + heteroanilithiamine(aq),Puzach S.S.; Gorbach E.V.; Ostrovskii Yu.M.; Biokhimiya (Moscow); 49 1178 (1984).,84PUZ/GOR_486, , ,303.15,6.5,0.03, ,chemical analysis and radioactivity,phosphate (0.05 mol dm-3),mol/L;phosphate buffer=0.05  ,2.5.1.2, , , , , 
3105,3348.0, ,thiamine pyridinylase, ,CHB_17154 + CHB_18385 = CHB_17957 + MAN_10117,thiamine(aq) + nicotinamide(aq) = 4-methyl-5-(2'-hydroxyethyl)-thiazole(aq) + heteronicotinathiamine(aq),Puzach S.S.; Gorbach E.V.; Ostrovskii Yu.M.; Biokhimiya (Moscow); 49 1178 (1984).,84PUZ/GOR_487, , ,303.15,6.5,0.022, ,chemical analysis and radioactivity,phosphate (0.05 mol dm-3),mol/L;phosphate buffer=0.05  ,2.5.1.2, , , , , 
3106,3349.0,3900.0,methylenetetrahydrofolate dehydrogenase (NAD+),kegg:C00143 + kegg:C00003 = kegg:C00445 + kegg:C00004,CHB_15846 + CHB_1989 = CHB_15638 + CHB_16908,"5,10-methylenetetrahydrofolate(aq) + NAD(aq) = 5,10-methenyltetrahydrofolate(aq) + NADH(aq)",Ragsdale S.W.; Ljungdahl L.G.; J. Biol. Chem.; 259 3499 (1984).,84RAG/LJU_303,6608524.0, ,298.15,6.7,2, ,spectrophotometry,Tris + maleate (0.5 mol dm-3),mol/L;Tris-maleate=0.5;2-mercaptoethanol=0.022  ,1.5.1.15, , , , , 
3107,, ,chymotrypsin, , ,N-acetyl-L-phenylalanine methyl ester(aq) + H2O(l) = N-acetyl-L-phenylalanine(aq) + methanol(aq),Rekharsky M.V.; Rumch L.D.; Antonov V.K.; Gal'chenko G.L.; Thermochim. Acta; 81 167 (1984).,84REK/RUM_963, , ,298.15,7.0, , ,calorimetry,phosphate (0.05 mol dm-3), ,3.4.21.1, , , , ,-4.81
3108,3350.0,3326.0,xylose isomerase,kegg:C00031 = kegg:C00095,CHB_4167 = CHB_37721,D-glucose(aq) = D-fructose(aq),Tewari Y.B.; Goldberg R.N.; J. Solution Chem.; 13 523 (1984).,84TEW/GOL_1314, , ,298.15,7.5,0.866, ,HPLC,phosphate (0.039 mol dm-3) and {Tris (0.050 mol dm-3) + HCl},mol/L;(K)1(H2PO4)1=0.0087;(Na)2(HPO4)1=0.0303;(Mg)1(SO4)1=0.0066  ,5.3.1.5, , , , , 
3109,3351.0,3320.0,xylose isomerase,kegg:C00031 = kegg:C00095,CHB_4167 = CHB_37721,D-glucose(aq) = D-fructose(aq),Tewari Y.B.; Goldberg R.N.; J. Solution Chem.; 13 523 (1984).,84TEW/GOL_1314, , ,306.15,7.5,0.892, ,HPLC,phosphate (0.039 mol dm-3) and {Tris (0.050 mol dm-3) + HCl},mol/L;(K)1(H2PO4)1=0.0087;(Na)2(HPO4)1=0.0303;(Mg)1(SO4)1=0.0093  ,5.3.1.5, , , , , 
3110,3352.0,3327.0,xylose isomerase,kegg:C00031 = kegg:C00095,CHB_4167 = CHB_37721,D-glucose(aq) = D-fructose(aq),Tewari Y.B.; Goldberg R.N.; J. Solution Chem.; 13 523 (1984).,84TEW/GOL_1314, , ,313.15,7.5,0.936, ,HPLC,phosphate (0.039 mol dm-3) and {Tris (0.050 mol dm-3) + HCl},mol/L;(K)1(H2PO4)1=0.0087;(Na)2(HPO4)1=0.0303;(Mg)1(SO4)1=0.0066  ,5.3.1.5, , , , , 
3111,3353.0,3325.0,xylose isomerase,kegg:C00031 = kegg:C00095,CHB_4167 = CHB_37721,D-glucose(aq) = D-fructose(aq),Tewari Y.B.; Goldberg R.N.; J. Solution Chem.; 13 523 (1984).,84TEW/GOL_1314, , ,322.15,7.5,0.964, ,HPLC,phosphate (0.039 mol dm-3) and {Tris (0.050 mol dm-3) + HCl},mol/L;(K)1(H2PO4)1=0.0087;(Na)2(HPO4)1=0.0303;(Mg)1(SO4)1=0.0066  ,5.3.1.5, , , , , 
3112,3354.0,3321.0,xylose isomerase,kegg:C00031 = kegg:C00095,CHB_4167 = CHB_37721,D-glucose(aq) = D-fructose(aq),Tewari Y.B.; Goldberg R.N.; J. Solution Chem.; 13 523 (1984).,84TEW/GOL_1314, , ,331.85,7.5,1.004, ,HPLC,phosphate (0.039 mol dm-3) and {Tris (0.050 mol dm-3) + HCl},mol/L;Tris-HCl=0.05;(Mg)1(SO4)1=0.007  ,5.3.1.5, , , , , 
3113,3355.0,3322.0,xylose isomerase,kegg:C00031 = kegg:C00095,CHB_4167 = CHB_37721,D-glucose(aq) = D-fructose(aq),Tewari Y.B.; Goldberg R.N.; J. Solution Chem.; 13 523 (1984).,84TEW/GOL_1314, , ,344.15,7.5,1.094, ,HPLC,phosphate (0.039 mol dm-3) and {Tris (0.050 mol dm-3) + HCl},mol/L;(K)1(H2PO4)1=0.0087;(Na)2(HPO4)1=0.0303;(Mg)1(SO4)1=0.0079  ,5.3.1.5, , , , , 
3114,3356.0,3324.0,xylose isomerase,kegg:C00031 = kegg:C00095,CHB_4167 = CHB_37721,D-glucose(aq) = D-fructose(aq),Tewari Y.B.; Goldberg R.N.; J. Solution Chem.; 13 523 (1984).,84TEW/GOL_1314, , ,353.15,7.5,1.157, ,HPLC,phosphate (0.039 mol dm-3) and {Tris (0.050 mol dm-3) + HCl},mol/L;(K)1(H2PO4)1=0.0087;(Na)2(HPO4)1=0.0303;(Mg)1(SO4)1=0.0061  ,5.3.1.5, , , , , 
3115,3357.0,3323.0,xylose isomerase,kegg:C00031 = kegg:C00095,CHB_4167 = CHB_37721,D-glucose(aq) = D-fructose(aq),Tewari Y.B.; Goldberg R.N.; J. Solution Chem.; 13 523 (1984).,84TEW/GOL_1314, , ,358.15,7.5,1.199, ,HPLC,phosphate (0.039 mol dm-3) and {Tris (0.050 mol dm-3) + HCl},mol/L;(K)1(H2PO4)1=0.0087;(Na)2(HPO4)1=0.0303;(Mg)1(SO4)1=0.0061  ,5.3.1.5, , , , , 
3116,,3318.0,xylose isomerase,kegg:C00031 = kegg:C00095, ,D-glucose(aq) = D-fructose(aq),Tewari Y.B.; Goldberg R.N.; J. Solution Chem.; 13 523 (1984).,84TEW/GOL_1315, , ,298.15,7.4, , ,microcalorimetry,Tris + HCl, ,5.3.1.5, , , , ,2.76
3117,,3319.0,xylose isomerase,kegg:C00031 = kegg:C00095, ,D-glucose(aq) = D-fructose(aq),Tewari Y.B.; Goldberg R.N.; J. Solution Chem.; 13 523 (1984).,84TEW/GOL_1315, , ,313.25,7.4, , ,microcalorimetry,Tris + HCl, ,5.3.1.5, , , , ,4.01
3118,,3317.0,xylose isomerase,kegg:C00031 = kegg:C00095, ,D-glucose(aq) = D-fructose(aq),Tewari Y.B.; Goldberg R.N.; J. Solution Chem.; 13 523 (1984).,84TEW/GOL_1315, , ,331.85,7.4, , ,microcalorimetry,Tris + HCl, ,5.3.1.5, , , , ,5.21
3119,,3316.0,xylose isomerase,kegg:C00031 = kegg:C00095, ,D-glucose(aq) = D-fructose(aq),Tewari Y.B.; Goldberg R.N.; J. Solution Chem.; 13 523 (1984).,84TEW/GOL_1315, , ,344.15,7.4, , ,microcalorimetry,Tris + HCl, ,5.3.1.5, , , , ,6.34
3120,3358.0,3201.0,N-acetylneuraminate lyase,kegg:C00270 = kegg:C00645 + kegg:C00022,CHB_35418 = CHB_15361 + CHB_63153,N-acetylneuraminate(aq) = N-acetyl-D-mannosamine(aq) + pyruvate(aq),Uchida Y.; Tsukada Y.; Sugimori T.; J. Biochem.; 96 507 (1984).,84UCH/TSU_1119,6389524.0,10.1093/oxfordjournals.jbchem.a134863,310.15,7.7,0.08, , ,phosphate (0.050 mol dm-3),mol/L;phosphate buffer=0.05;N-acetylneuraminate=0.005;N-acetyl-D-mannosamine=0.02;pyruvate=0.02  ,4.1.3.3, , , , , 
3121,3359.0,2581.0,alanine racemase,kegg:C00041 = kegg:C00133,CHB_16977 = CHB_15570,L-alanine(aq) = D-alanine(aq),Wasserman S.A.; Daub E.; Grisafi P.; Botstein D.; Walsh C.T.; Biochemistry; 23 5182 (1984).,84WAS/DAU_1236,6391537.0,10.1021/bi00317a015,310.15,9.2,1, ,enzymatic assay and spectrophotometry,Ches (0.1 mol dm-3),mol/L;CHES buffer=0.1  ,5.1.1.1, , , , , 
3122,3362.0,1822.0,malate dehydrogenase,kegg:C00149 + kegg:C00003 = kegg:C00036 + kegg:C00004,CHB_15589 + CHB_15846 = CHB_16452 + CHB_16908,(S)-malate(aq) + NAD(aq) = oxaloacetate(aq) + NADH(aq),Ansari H.; Price N.C.; Stevens L.; Biochem. Soc. Trans.; 13 362 (1985).,85ANS/PRI_141, , ,311.15,7.6,3.60E-05, , ,sodium phosphate (0.1 mol dm-3),---- _ mol/L;sodium phosphate buffer=0.1  ,1.1.1.37, , , , , 
3123,3361.0,1823.0,malate dehydrogenase,kegg:C00149 + kegg:C00003 = kegg:C00036 + kegg:C00004,CHB_15589 + CHB_15846 = CHB_16452 + CHB_16908,(S)-malate(aq) + NAD(aq) = oxaloacetate(aq) + NADH(aq),Ansari H.; Price N.C.; Stevens L.; Biochem. Soc. Trans.; 13 362 (1985).,85ANS/PRI_141, , ,311.15,7.6,6.40E-05, , ,sodium phosphate (0.1 mol dm-3),BSA _    ,1.1.1.37, , , , , 
3124,3360.0,1821.0,malate dehydrogenase,kegg:C00149 + kegg:C00003 = kegg:C00036 + kegg:C00004,CHB_15589 + CHB_15846 = CHB_16452 + CHB_16908,(S)-malate(aq) + NAD(aq) = oxaloacetate(aq) + NADH(aq),Ansari H.; Price N.C.; Stevens L.; Biochem. Soc. Trans.; 13 362 (1985).,85ANS/PRI_141, , ,311.15,7.6,2.40E-05, , ,sodium phosphate (0.1 mol dm-3),ovalbumin _    ,1.1.1.37, , , , , 
3125,3365.0,2999.0,glutamate dehydrogenase,kegg:C00025 + kegg:C00003 + kegg:C00001 = kegg:C00026 + kegg:C00004 + kegg:C00014,CHB_15377 + CHB_15846 + CHB_29985 = CHB_16134 + CHB_16810 + CHB_16908,L-glutamate(aq) + NAD(aq) + H2O(l) = 2-oxoglutarate(aq) + NADH(aq) + ammonia(aq),Ansari H.; Price N.C.; Stevens L.; Biochem. Soc. Trans.; 13 362 (1985).,85ANS/PRI_277, , ,311.15,7.6,3.10E-06, , ,sodium phosphate (0.1 mol dm-3),---- _ mol/L;sodium phosphate buffer=0.1  ,1.4.1.2, , , , , 
3126,3364.0,2997.0,glutamate dehydrogenase,kegg:C00025 + kegg:C00003 + kegg:C00001 = kegg:C00026 + kegg:C00004 + kegg:C00014,CHB_15377 + CHB_15846 + CHB_29985 = CHB_16134 + CHB_16810 + CHB_16908,L-glutamate(aq) + NAD(aq) + H2O(l) = 2-oxoglutarate(aq) + NADH(aq) + ammonia(aq),Ansari H.; Price N.C.; Stevens L.; Biochem. Soc. Trans.; 13 362 (1985).,85ANS/PRI_277, , ,311.15,7.6,4.80E-07, , ,sodium phosphate (0.1 mol dm-3),BSA _    ,1.4.1.2, , , , , 
3127,3363.0,2998.0,glutamate dehydrogenase,kegg:C00025 + kegg:C00003 + kegg:C00001 = kegg:C00026 + kegg:C00004 + kegg:C00014,CHB_15377 + CHB_15846 + CHB_29985 = CHB_16134 + CHB_16810 + CHB_16908,L-glutamate(aq) + NAD(aq) + H2O(l) = 2-oxoglutarate(aq) + NADH(aq) + ammonia(aq),Ansari H.; Price N.C.; Stevens L.; Biochem. Soc. Trans.; 13 362 (1985).,85ANS/PRI_277, , ,311.15,7.6,8.00E-08, , ,sodium phosphate (0.1 mol dm-3),ovalbumin _    ,1.4.1.2, , , , , 
3128,,1718.0,sucrose-phosphate synthase,kegg:C00029 + kegg:C00085 = kegg:C00015 + kegg:C16688, ,UDPglucose(aq) + D-fructose 6-phosphate(aq) = UDP(aq) + sucrose 6-phosphate(aq),Barber G.A.; Plant Physiol.; 79 1127 (1985).,85BAR_430,16664543.0,10.1104/pp.79.4.1127,310.15,7.5,5, ,electrophoresis and radioactivity,(Tris + HCl) and mercaptoethanol, ,2.4.1.14, , , , , 
3129,3370.0,2293.0,3-hydroxybutyryl-CoA dehyratase,kegg:C01144 = kegg:C00877 + kegg:C00001,CHB_37050 = CHB_15377 + CHB_15473,DL-3-hydroxybutanoyl-CoA(aq) = trans-but-2-enoyl-CoA(aq) + H2O(l),Cook L.; Prasad M.R.; Vieth R.; Cinti D.L.; Arch. Biochem. Biophys.; 236 26 (1985).,85COO/PRA_1203,3966792.0,10.1016/0003-9861(85)90602-2,308.15,7.4,0.28, ,spectrophotometry and HPLC,Tris (0.10 mol dm-3) + HCl,mol/L;Tris-HCl=0.1  ,4.2.1.-, , , , , 
3130,,786.0,acetylcholinesterase,kegg:C01996 + kegg:C00001 = kegg:C00033 + kegg:C00114, ,acetylcholine(aq) + H2O(l) = acetate(aq) + choline(aq),Das Y.T.; Brown H.D.; Chattopadhyay S.K.; Biophys. Chem.; 23 105 (1985).,85DAS/BRO_746,4092075.0,10.1016/0301-4622(85)80068-5,310.15,7.2, , ,calorimetry,phosphate (0.1 mol dm-3), ,3.1.1.7, , , , ,-4.4
3131,,787.0,acetylcholinesterase,kegg:C01996 + kegg:C00001 = kegg:C00033 + kegg:C00114, ,acetylcholine(aq) + H2O(l) = acetate(aq) + choline(aq),Das Y.T.; Brown H.D.; Chattopadhyay S.K.; Biophys. Chem.; 23 105 (1985).,85DAS/BRO_746,4092075.0,10.1016/0301-4622(85)80068-5,310.15, , , ,calorimetry,phosphate (0.1 mol dm-3), ,3.1.1.7, , , , ,-3.9
3132,3384.0,2624.0,Ca2+-transporting ATPase,kegg:C00002 + kegg:C00001 = kegg:C00008 + kegg:C00009,CHB_15377 + CHB_15422 = CHB_16761 + CHB_26078,ATP(aq) + H2O(l) = ADP(aq) + orthophosphate(aq),Fagan M.H.; Dewey T.G.; J. Biol. Chem.; 260 6147 (1985).,85FAG/DEW_1080,3158649.0, ,295.15,7.0,40000, ,spectrophotometry,Mops (0.050 mol dm-3),mol/L;(K)1(Cl)1=0.1;(Mg)1(Cl)2=0.005;MOPS buffer=0.05;ATP=0.00015;ADP=0;orthophosphate=0  ,3.6.1.38, , , , , 
3133,3385.0,3602.0,fumarate hydratase,kegg:C00122 + kegg:C00001 = kegg:C00149,CHB_15377 + CHB_29806 = CHB_15589,fumarate(aq) + H2O(l) = (S)-malate(aq),Gajewski E.; Goldberg R.N.; Steckler D.K.; Biophys. Chem.; 22 187 (1985).,85GAJ/GOL_1153, , ,298.15,7.3,4.25, ,gas chromatography,Tris + HCl,mol/kg;IS=0.00048  ,4.2.1.2, , ,0.00048,0.00048, 
3134,3386.0,3600.0,fumarate hydratase,kegg:C00122 + kegg:C00001 = kegg:C00149,CHB_15377 + CHB_29806 = CHB_15589,fumarate(aq) + H2O(l) = (S)-malate(aq),Gajewski E.; Goldberg R.N.; Steckler D.K.; Biophys. Chem.; 22 187 (1985).,85GAJ/GOL_1153, , ,298.15,7.63,4.16, ,gas chromatography,Tris + HCl,mol/kg;IS=0.0035  ,4.2.1.2, , ,0.0035,0.0035, 
3135,3387.0,3604.0,fumarate hydratase,kegg:C00122 + kegg:C00001 = kegg:C00149,CHB_15377 + CHB_29806 = CHB_15589,fumarate(aq) + H2O(l) = (S)-malate(aq),Gajewski E.; Goldberg R.N.; Steckler D.K.; Biophys. Chem.; 22 187 (1985).,85GAJ/GOL_1153, , ,298.15,7.99,4.14, ,gas chromatography,Tris + HCl,mol/kg;IS=0.0055  ,4.2.1.2, , ,0.0055,0.0055, 
3136,3388.0,3603.0,fumarate hydratase,kegg:C00122 + kegg:C00001 = kegg:C00149,CHB_15377 + CHB_29806 = CHB_15589,fumarate(aq) + H2O(l) = (S)-malate(aq),Gajewski E.; Goldberg R.N.; Steckler D.K.; Biophys. Chem.; 22 187 (1985).,85GAJ/GOL_1153, , ,309.41,7.99,3.28, ,gas chromatography,Tris + HCl,mol/kg;IS=0.0055  ,4.2.1.2, , ,0.0055,0.0055, 
3137,3389.0,3601.0,fumarate hydratase,kegg:C00122 + kegg:C00001 = kegg:C00149,CHB_15377 + CHB_29806 = CHB_15589,fumarate(aq) + H2O(l) = (S)-malate(aq),Gajewski E.; Goldberg R.N.; Steckler D.K.; Biophys. Chem.; 22 187 (1985).,85GAJ/GOL_1153, , ,320.05,7.99,2.66, ,gas chromatography,Tris + HCl,mol/kg;IS=0.0055  ,4.2.1.2, , ,0.0055,0.0055, 
3138,,3307.0,fumarate hydratase,kegg:C00122 + kegg:C00001 = kegg:C00149, ,fumarate(aq) + H2O(l) = (S)-malate(aq),Gajewski E.; Goldberg R.N.; Steckler D.K.; Biophys. Chem.; 22 187 (1985).,85GAJ/GOL_1154,4052575.0,10.1016/0301-4622(85)80042-9,298.15,7.8, , ,calorimetry,Tris + HCl, ,4.2.1.2, , , ,0.44,-16.26
3139,,3308.0,fumarate hydratase,kegg:C00122 + kegg:C00001 = kegg:C00149, ,fumarate(aq) + H2O(l) = (S)-malate(aq),Gajewski E.; Goldberg R.N.; Steckler D.K.; Biophys. Chem.; 22 187 (1985).,85GAJ/GOL_1154,4052575.0,10.1016/0301-4622(85)80042-9,298.15,7.92, , ,calorimetry,Tris + HCl, ,4.2.1.2, , , ,0.33,-16.12
3140,,3304.0,fumarate hydratase,kegg:C00122 + kegg:C00001 = kegg:C00149, ,fumarate(aq) + H2O(l) = (S)-malate(aq),Gajewski E.; Goldberg R.N.; Steckler D.K.; Biophys. Chem.; 22 187 (1985).,85GAJ/GOL_1154,4052575.0,10.1016/0301-4622(85)80042-9,298.15,8.04, , ,calorimetry,Tris + HCl, ,4.2.1.2, , , ,0.56,-16.4
3141,,3299.0,fumarate hydratase,kegg:C00122 + kegg:C00001 = kegg:C00149, ,fumarate(aq) + H2O(l) = (S)-malate(aq),Gajewski E.; Goldberg R.N.; Steckler D.K.; Biophys. Chem.; 22 187 (1985).,85GAJ/GOL_1154,4052575.0,10.1016/0301-4622(85)80042-9,298.15,8.11, , ,calorimetry,Tris + HCl, ,4.2.1.2, , , ,0.78,-16.82
3142,,3298.0,fumarate hydratase,kegg:C00122 + kegg:C00001 = kegg:C00149, ,fumarate(aq) + H2O(l) = (S)-malate(aq),Gajewski E.; Goldberg R.N.; Steckler D.K.; Biophys. Chem.; 22 187 (1985).,85GAJ/GOL_1154,4052575.0,10.1016/0301-4622(85)80042-9,298.15,8.24, , ,calorimetry,Tris + HCl, ,4.2.1.2, , , ,0.41,-16.27
3143,,3300.0,fumarate hydratase,kegg:C00122 + kegg:C00001 = kegg:C00149, ,fumarate(aq) + H2O(l) = (S)-malate(aq),Gajewski E.; Goldberg R.N.; Steckler D.K.; Biophys. Chem.; 22 187 (1985).,85GAJ/GOL_1154,4052575.0,10.1016/0301-4622(85)80042-9,313.15,7.98, , ,calorimetry,Tris + HCl, ,4.2.1.2, , , ,0.32,-16.48
3144,,3306.0,fumarate hydratase,kegg:C00122 + kegg:C00001 = kegg:C00149, ,fumarate(aq) + H2O(l) = (S)-malate(aq),Gajewski E.; Goldberg R.N.; Steckler D.K.; Biophys. Chem.; 22 187 (1985).,85GAJ/GOL_1154,4052575.0,10.1016/0301-4622(85)80042-9,313.15,7.99, , ,calorimetry,Tris + HCl, ,4.2.1.2, , , ,0.51,-16.84
3145,,3301.0,fumarate hydratase,kegg:C00122 + kegg:C00001 = kegg:C00149, ,fumarate(aq) + H2O(l) = (S)-malate(aq),Gajewski E.; Goldberg R.N.; Steckler D.K.; Biophys. Chem.; 22 187 (1985).,85GAJ/GOL_1154,4052575.0,10.1016/0301-4622(85)80042-9,313.15,8.03, , ,calorimetry,Tris + HCl, ,4.2.1.2, , , ,0.76,-17.12
3146,,3302.0,fumarate hydratase,kegg:C00122 + kegg:C00001 = kegg:C00149, ,fumarate(aq) + H2O(l) = (S)-malate(aq),Gajewski E.; Goldberg R.N.; Steckler D.K.; Biophys. Chem.; 22 187 (1985).,85GAJ/GOL_1154,4052575.0,10.1016/0301-4622(85)80042-9,320.15,8.06, , ,calorimetry,Tris + HCl, ,4.2.1.2, , , ,0.42,-16.94
3147,,3305.0,fumarate hydratase,kegg:C00122 + kegg:C00001 = kegg:C00149, ,fumarate(aq) + H2O(l) = (S)-malate(aq),Gajewski E.; Goldberg R.N.; Steckler D.K.; Biophys. Chem.; 22 187 (1985).,85GAJ/GOL_1154,4052575.0,10.1016/0301-4622(85)80042-9,320.15,8.11, , ,calorimetry,Tris + HCl, ,4.2.1.2, , , ,0.6,-17.27
3148,,3303.0,fumarate hydratase,kegg:C00122 + kegg:C00001 = kegg:C00149, ,fumarate(aq) + H2O(l) = (S)-malate(aq),Gajewski E.; Goldberg R.N.; Steckler D.K.; Biophys. Chem.; 22 187 (1985).,85GAJ/GOL_1154,4052575.0,10.1016/0301-4622(85)80042-9,320.15,8.14, , ,calorimetry,Tris + HCl, ,4.2.1.2, , , ,0.76,-17.44
3149,3391.0, ,adenosylhomocysteinase, ,CHB_15377 + MAN_10095 = CHB_16335,"4',5'-anhydroadenosine(aq) + H2O(l) = adenosine(aq)",Hershfield M.S.; Aiyar V.N.; Premakumar R.; Small W.C.; Biochem. J.; 230 43 (1985).,85HER/AIY_952,4052045.0,10.1042/bj2300043,310.15,7.0,0.48, ,HPLC,potassium phosphate (0.010 mol dm-3),"mol/L;potassium phosphate buffer=0.025;adenosine=0.0001;4',5'-anhydroadenosine=0  ",3.3.1.1, , , , , 
3150,3392.0,2866.0,phosphomevalonate kinase,kegg:C00002 + kegg:C01107 = kegg:C00008 + kegg:C01143,CHB_15422 + CHB_17436 = CHB_15899 + CHB_16761,ATP(aq) + (R)-5-phosphomevalonate(aq) = ADP(aq) + (R)-5-diphosphomevalonate(aq),Lee C.H.; O'Sullivan W.J.; J. Biol. Chem.; 260 13909 (1985).,85LEE/OSU_629, , ,303.15,8.0,1.7, ,NMR and radioassay,Hepes (0.10 mol dm-3) + KOH,mol/L;HEPES-KOH=0.2;ATP=0.0099;(R)-5-phosphomevalonate=0.0098;(Mg)1(Cl)2=0.0126;DTT=0.001;ADP=0;(R)-5-diphosphomevalonate=0  ,2.7.4.2, , , , , 
3151,3393, ,phosphomevalonate kinase, ,CHB_17436 + MAN_10173 = CHB_15899 + MAN_10174,ATP-Î±-S(aq) + (R)-5-phosphomevalonate(aq) = ADP-Î±-S(aq) + (R)-5-diphosphomevalonate(aq),Lee C.H.; O'Sullivan W.J.; J. Biol. Chem.; 260 13909 (1985).,85LEE/OSU_630, , ,303.15,8.0,3.25, ,NMR and radioassay,Hepes (0.10 mol dm-3) + KOH,mol/L;HEPES-KOH=0.2;ATP-a--S=0.0052;(R)-5-phosphomevalonate=0.0053;(Mg)1(Cl)2=0.0079;DTT=0.001;ADP-a--S=0;(R)-5-diphosphomevalonate=0 _ nan _ ,2.7.4.2, , ,, , 
3152,, ,phosphomevalonate kinase, , ,ATP-Î²-S(aq) + (R)-5-phosphomevalonate(aq) = ADP-Î²-S(aq) + (R)-5-diphosphomevalonate(aq),Lee C.H.; O'Sullivan W.J.; J. Biol. Chem.; 260 13909 (1985).,85LEE/OSU_631, , ,303.15,8.0,80, ,NMR and radioassay,Hepes (0.10 mol dm-3) + KOH, ,2.7.4.2, , , , , 
3153,3399, ,phosphomevalonate kinase, ,CHB_17436 + PBC_440317 = CHB_16761 + MAN_10035,ATP-Î³-S(aq) + (R)-5-phosphomevalonate(aq) =  ADP(aq) + 2-thio-5-diphosphomevalonate(aq),Lee C.H.; O'Sullivan W.J.; J. Biol. Chem.; 260 13909 (1985).,85LEE/OSU_632,2997186.0, ,303.15,8.0,0.97, ,NMR and radioassay,Hepes (0.10 mol dm-3) + KOH,mol/L;HEPES-KOH=0.1;ATP-g--S=0.0078;(R)-5-phosphomevalonate=0.0078;(Mg)1(Cl)2=0.0088;DTT=0.001;ADP=0;2-thio-5-diphosphomevalonate=0 _ nan _ ,2.7.4.2, , ,, , 
3154,3460.0,875.0,glycine dehydrogenase (decarboxylating),kegg:C00037 + kegg:C00725 = metanetx.chemical:MNXM39260 + kegg:C00288,CHB_15428 + CHB_30313 = CHB_16526 + MAN_10149,glycine(aq) + Î±-lipoate(aq) = S-aminomethyldihydro-Î±-lipoate(aq) + carbon dioxide(aq),"Liegel J.; ""The Equilibrium Constant for the Glycine Synthase Reaction""; Thesis The University of Texas (1985).",85LIE_292, , ,311.15,6.39,0.0222, ,spectrophotometry and enzymatic assay, ,   ,1.4.4.2, , , , , 
3155,3465.0,867.0,glycine dehydrogenase (decarboxylating),kegg:C00037 + kegg:C00725 = metanetx.chemical:MNXM39260 + kegg:C00288,CHB_15428 + CHB_30313 = CHB_16526 + MAN_10149,glycine(aq) + Î±-lipoate(aq) = S-aminomethyldihydro-Î±-lipoate(aq) + carbon dioxide(aq),"Liegel J.; ""The Equilibrium Constant for the Glycine Synthase Reaction""; Thesis The University of Texas (1985).",85LIE_292, , ,311.15,6.39,0.031, ,spectrophotometry and enzymatic assay, ,   ,1.4.4.2, , , , , 
3156,3459.0,876.0,glycine dehydrogenase (decarboxylating),kegg:C00037 + kegg:C00725 = metanetx.chemical:MNXM39260 + kegg:C00288,CHB_15428 + CHB_30313 = CHB_16526 + MAN_10149,glycine(aq) + Î±-lipoate(aq) = S-aminomethyldihydro-Î±-lipoate(aq) + carbon dioxide(aq),"Liegel J.; ""The Equilibrium Constant for the Glycine Synthase Reaction""; Thesis The University of Texas (1985).",85LIE_292, , ,311.15,6.62,0.0221, ,spectrophotometry and enzymatic assay, ,   ,1.4.4.2, , , , , 
3157,3463.0,877.0,glycine dehydrogenase (decarboxylating),kegg:C00037 + kegg:C00725 = metanetx.chemical:MNXM39260 + kegg:C00288,CHB_15428 + CHB_30313 = CHB_16526 + MAN_10149,glycine(aq) + Î±-lipoate(aq) = S-aminomethyldihydro-Î±-lipoate(aq) + carbon dioxide(aq),"Liegel J.; ""The Equilibrium Constant for the Glycine Synthase Reaction""; Thesis The University of Texas (1985).",85LIE_292, , ,311.15,6.8,0.0301, ,spectrophotometry and enzymatic assay, ,   ,1.4.4.2, , , , , 
3158,3468.0,881.0,glycine dehydrogenase (decarboxylating),kegg:C00037 + kegg:C00725 = metanetx.chemical:MNXM39260 + kegg:C00288,CHB_15428 + CHB_30313 = CHB_16526 + MAN_10149,glycine(aq) + Î±-lipoate(aq) = S-aminomethyldihydro-Î±-lipoate(aq) + carbon dioxide(aq),"Liegel J.; ""The Equilibrium Constant for the Glycine Synthase Reaction""; Thesis The University of Texas (1985).",85LIE_292, , ,311.15,6.83,0.0465, ,spectrophotometry and enzymatic assay, ,   ,1.4.4.2, , , , , 
3159,3466.0,880.0,glycine dehydrogenase (decarboxylating),kegg:C00037 + kegg:C00725 = metanetx.chemical:MNXM39260 + kegg:C00288,CHB_15428 + CHB_30313 = CHB_16526 + MAN_10149,glycine(aq) + Î±-lipoate(aq) = S-aminomethyldihydro-Î±-lipoate(aq) + carbon dioxide(aq),"Liegel J.; ""The Equilibrium Constant for the Glycine Synthase Reaction""; Thesis The University of Texas (1985).",85LIE_292, , ,311.15,6.99,0.0328, ,spectrophotometry and enzymatic assay, ,   ,1.4.4.2, , , , , 
3160,3467.0,878.0,glycine dehydrogenase (decarboxylating),kegg:C00037 + kegg:C00725 = metanetx.chemical:MNXM39260 + kegg:C00288,CHB_15428 + CHB_30313 = CHB_16526 + MAN_10149,glycine(aq) + Î±-lipoate(aq) = S-aminomethyldihydro-Î±-lipoate(aq) + carbon dioxide(aq),"Liegel J.; ""The Equilibrium Constant for the Glycine Synthase Reaction""; Thesis The University of Texas (1985).",85LIE_292, , ,311.15,6.99,0.0344, ,spectrophotometry and enzymatic assay, ,   ,1.4.4.2, , , , , 
3161,3469.0,868.0,glycine dehydrogenase (decarboxylating),kegg:C00037 + kegg:C00725 = metanetx.chemical:MNXM39260 + kegg:C00288,CHB_15428 + CHB_30313 = CHB_16526 + MAN_10149,glycine(aq) + Î±-lipoate(aq) = S-aminomethyldihydro-Î±-lipoate(aq) + carbon dioxide(aq),"Liegel J.; ""The Equilibrium Constant for the Glycine Synthase Reaction""; Thesis The University of Texas (1985).",85LIE_292, , ,311.15,6.99,0.0511, ,spectrophotometry and enzymatic assay, ,   ,1.4.4.2, , , , , 
3162,3464.0,869.0,glycine dehydrogenase (decarboxylating),kegg:C00037 + kegg:C00725 = metanetx.chemical:MNXM39260 + kegg:C00288,CHB_15428 + CHB_30313 = CHB_16526 + MAN_10149,glycine(aq) + Î±-lipoate(aq) = S-aminomethyldihydro-Î±-lipoate(aq) + carbon dioxide(aq),"Liegel J.; ""The Equilibrium Constant for the Glycine Synthase Reaction""; Thesis The University of Texas (1985).",85LIE_292, , ,311.15,7.01,0.0302, ,spectrophotometry and enzymatic assay, ,   ,1.4.4.2, , , , , 
3163,3456.0,870.0,glycine dehydrogenase (decarboxylating),kegg:C00037 + kegg:C00725 = metanetx.chemical:MNXM39260 + kegg:C00288,CHB_15428 + CHB_30313 = CHB_16526 + MAN_10149,glycine(aq) + Î±-lipoate(aq) = S-aminomethyldihydro-Î±-lipoate(aq) + carbon dioxide(aq),"Liegel J.; ""The Equilibrium Constant for the Glycine Synthase Reaction""; Thesis The University of Texas (1985).",85LIE_292, , ,311.15,7.03,0.014, ,spectrophotometry and enzymatic assay, ,   ,1.4.4.2, , , , , 
3164,3457.0,871.0,glycine dehydrogenase (decarboxylating),kegg:C00037 + kegg:C00725 = metanetx.chemical:MNXM39260 + kegg:C00288,CHB_15428 + CHB_30313 = CHB_16526 + MAN_10149,glycine(aq) + Î±-lipoate(aq) = S-aminomethyldihydro-Î±-lipoate(aq) + carbon dioxide(aq),"Liegel J.; ""The Equilibrium Constant for the Glycine Synthase Reaction""; Thesis The University of Texas (1985).",85LIE_292, , ,311.15,7.04,0.014, ,spectrophotometry and enzymatic assay, ,   ,1.4.4.2, , , , , 
3165,3462.0,874.0,glycine dehydrogenase (decarboxylating),kegg:C00037 + kegg:C00725 = metanetx.chemical:MNXM39260 + kegg:C00288,CHB_15428 + CHB_30313 = CHB_16526 + MAN_10149,glycine(aq) + Î±-lipoate(aq) = S-aminomethyldihydro-Î±-lipoate(aq) + carbon dioxide(aq),"Liegel J.; ""The Equilibrium Constant for the Glycine Synthase Reaction""; Thesis The University of Texas (1985).",85LIE_292, , ,311.15,7.17,0.024, ,spectrophotometry and enzymatic assay, ,   ,1.4.4.2, , , , , 
3166,3458.0,873.0,glycine dehydrogenase (decarboxylating),kegg:C00037 + kegg:C00725 = metanetx.chemical:MNXM39260 + kegg:C00288,CHB_15428 + CHB_30313 = CHB_16526 + MAN_10149,glycine(aq) + Î±-lipoate(aq) = S-aminomethyldihydro-Î±-lipoate(aq) + carbon dioxide(aq),"Liegel J.; ""The Equilibrium Constant for the Glycine Synthase Reaction""; Thesis The University of Texas (1985).",85LIE_292, , ,311.15,7.18,0.0197, ,spectrophotometry and enzymatic assay, ,   ,1.4.4.2, , , , , 
3167,3461.0,879.0,glycine dehydrogenase (decarboxylating),kegg:C00037 + kegg:C00725 = metanetx.chemical:MNXM39260 + kegg:C00288,CHB_15428 + CHB_30313 = CHB_16526 + MAN_10149,glycine(aq) + Î±-lipoate(aq) = S-aminomethyldihydro-Î±-lipoate(aq) + carbon dioxide(aq),"Liegel J.; ""The Equilibrium Constant for the Glycine Synthase Reaction""; Thesis The University of Texas (1985).",85LIE_292, , ,311.15,7.2,0.0229, ,spectrophotometry and enzymatic assay, ,   ,1.4.4.2, , , , , 
3168,3455.0,872.0,glycine dehydrogenase (decarboxylating),kegg:C00037 + kegg:C00725 = metanetx.chemical:MNXM39260 + kegg:C00288,CHB_15428 + CHB_30313 = CHB_16526 + MAN_10149,glycine(aq) + Î±-lipoate(aq) = S-aminomethyldihydro-Î±-lipoate(aq) + carbon dioxide(aq),"Liegel J.; ""The Equilibrium Constant for the Glycine Synthase Reaction""; Thesis The University of Texas (1985).",85LIE_292, , ,311.15,7.79,0.00829, ,spectrophotometry and enzymatic assay, ,   ,1.4.4.2, , , , , 
3169,3407.0,4184.0,dihydrolipoamide dehydrogenase,kegg:C02147 + kegg:C00003 = kegg:C00725 + kegg:C00004,CHB_15846 + CHB_18047 = CHB_16908 + CHB_30313,dihydro-Î±-lipoate(aq) + NAD(aq) = Î±-lipoate(aq) + NADH(aq),"Liegel J.; ""The Equilibrium Constant for the Glycine Synthase Reaction""; Thesis The University of Texas (1985).",85LIE_325, , ,298.15,6.6,0.1, ,spectrophotometry,potassium phosphate (0.050 mol dm-3) or sodium pyrophosphate (0.030 mol dm-3),mol/L;IS=0.12; potassium phosphate buffer=0.05  ,1.8.1.4, ,0.0 MgCl2,0.12, , 
3170,3410.0,4150.0,dihydrolipoamide dehydrogenase,kegg:C02147 + kegg:C00003 = kegg:C00725 + kegg:C00004,CHB_15846 + CHB_18047 = CHB_16908 + CHB_30313,dihydro-Î±-lipoate(aq) + NAD(aq) = Î±-lipoate(aq) + NADH(aq),"Liegel J.; ""The Equilibrium Constant for the Glycine Synthase Reaction""; Thesis The University of Texas (1985).",85LIE_325, , ,298.15,6.87,0.138, ,spectrophotometry,potassium phosphate (0.050 mol dm-3) or sodium pyrophosphate (0.030 mol dm-3),mol/L;IS=0.25; potassium phosphate buffer=0.05  ,1.8.1.4, ,0.0 MgCl2,0.25, , 
3171,3409.0,4151.0,dihydrolipoamide dehydrogenase,kegg:C02147 + kegg:C00003 = kegg:C00725 + kegg:C00004,CHB_15846 + CHB_18047 = CHB_16908 + CHB_30313,dihydro-Î±-lipoate(aq) + NAD(aq) = Î±-lipoate(aq) + NADH(aq),"Liegel J.; ""The Equilibrium Constant for the Glycine Synthase Reaction""; Thesis The University of Texas (1985).",85LIE_325, , ,298.15,6.89,0.13, ,spectrophotometry,potassium phosphate (0.050 mol dm-3) or sodium pyrophosphate (0.030 mol dm-3),mol/L;IS=0.25; potassium phosphate buffer=0.05  ,1.8.1.4, ,0.0 MgCl2,0.25, , 
3172,3417.0,4158.0,dihydrolipoamide dehydrogenase,kegg:C02147 + kegg:C00003 = kegg:C00725 + kegg:C00004,CHB_15846 + CHB_18047 = CHB_16908 + CHB_30313,dihydro-Î±-lipoate(aq) + NAD(aq) = Î±-lipoate(aq) + NADH(aq),"Liegel J.; ""The Equilibrium Constant for the Glycine Synthase Reaction""; Thesis The University of Texas (1985).",85LIE_325, , ,298.15,7.03,0.16, ,spectrophotometry,potassium phosphate (0.050 mol dm-3) or sodium pyrophosphate (0.030 mol dm-3),mol/L;IS=1.1; potassium phosphate buffer=0.05  ,1.8.1.4, ,0.0 MgCl2,1.1, , 
3173,3422.0,4159.0,dihydrolipoamide dehydrogenase,kegg:C02147 + kegg:C00003 = kegg:C00725 + kegg:C00004,CHB_15846 + CHB_18047 = CHB_16908 + CHB_30313,dihydro-Î±-lipoate(aq) + NAD(aq) = Î±-lipoate(aq) + NADH(aq),"Liegel J.; ""The Equilibrium Constant for the Glycine Synthase Reaction""; Thesis The University of Texas (1985).",85LIE_325, , ,298.15,7.05,0.264, ,spectrophotometry,potassium phosphate (0.050 mol dm-3) or sodium pyrophosphate (0.030 mol dm-3),mol/L;IS=1.1; potassium phosphate buffer=0.05  ,1.8.1.4, ,0.0 MgCl2,1.1, , 
3174,3424.0,4152.0,dihydrolipoamide dehydrogenase,kegg:C02147 + kegg:C00003 = kegg:C00725 + kegg:C00004,CHB_15846 + CHB_18047 = CHB_16908 + CHB_30313,dihydro-Î±-lipoate(aq) + NAD(aq) = Î±-lipoate(aq) + NADH(aq),"Liegel J.; ""The Equilibrium Constant for the Glycine Synthase Reaction""; Thesis The University of Texas (1985).",85LIE_325, , ,298.15,7.08,0.267, ,spectrophotometry,potassium phosphate (0.050 mol dm-3) or sodium pyrophosphate (0.030 mol dm-3),mol/L;IS=0.25; potassium phosphate buffer=0.05  ,1.8.1.4, ,0.0 MgCl2,0.25, , 
3175,3426.0,4153.0,dihydrolipoamide dehydrogenase,kegg:C02147 + kegg:C00003 = kegg:C00725 + kegg:C00004,CHB_15846 + CHB_18047 = CHB_16908 + CHB_30313,dihydro-Î±-lipoate(aq) + NAD(aq) = Î±-lipoate(aq) + NADH(aq),"Liegel J.; ""The Equilibrium Constant for the Glycine Synthase Reaction""; Thesis The University of Texas (1985).",85LIE_325, , ,298.15,7.09,0.27, ,spectrophotometry,potassium phosphate (0.050 mol dm-3) or sodium pyrophosphate (0.030 mol dm-3),mol/L;IS=0.25; potassium phosphate buffer=0.05  ,1.8.1.4, ,0.0 MgCl2,0.25, , 
3176,3430.0,4188.0,dihydrolipoamide dehydrogenase,kegg:C02147 + kegg:C00003 = kegg:C00725 + kegg:C00004,CHB_15846 + CHB_18047 = CHB_16908 + CHB_30313,dihydro-Î±-lipoate(aq) + NAD(aq) = Î±-lipoate(aq) + NADH(aq),"Liegel J.; ""The Equilibrium Constant for the Glycine Synthase Reaction""; Thesis The University of Texas (1985).",85LIE_325, , ,298.15,7.09,0.294, ,spectrophotometry,potassium phosphate (0.050 mol dm-3) or sodium pyrophosphate (0.030 mol dm-3),mol/L;IS=0.25; potassium phosphate buffer=0.05  ,1.8.1.4, ,0.0 MgCl2,0.25, , 
3177,3420.0,4192.0,dihydrolipoamide dehydrogenase,kegg:C02147 + kegg:C00003 = kegg:C00725 + kegg:C00004,CHB_15846 + CHB_18047 = CHB_16908 + CHB_30313,dihydro-Î±-lipoate(aq) + NAD(aq) = Î±-lipoate(aq) + NADH(aq),"Liegel J.; ""The Equilibrium Constant for the Glycine Synthase Reaction""; Thesis The University of Texas (1985).",85LIE_325, , ,298.15,7.11,0.253, ,spectrophotometry,potassium phosphate (0.050 mol dm-3) or sodium pyrophosphate (0.030 mol dm-3),mol/L;IS=0.6; potassium phosphate buffer=0.05  ,1.8.1.4, ,0.0 MgCl2,0.6, , 
3178,3434.0,4182.0,dihydrolipoamide dehydrogenase,kegg:C02147 + kegg:C00003 = kegg:C00725 + kegg:C00004,CHB_15846 + CHB_18047 = CHB_16908 + CHB_30313,dihydro-Î±-lipoate(aq) + NAD(aq) = Î±-lipoate(aq) + NADH(aq),"Liegel J.; ""The Equilibrium Constant for the Glycine Synthase Reaction""; Thesis The University of Texas (1985).",85LIE_325, , ,298.15,7.12,0.329, ,spectrophotometry,potassium phosphate (0.050 mol dm-3) or sodium pyrophosphate (0.030 mol dm-3),mol/L;IS=0.25; potassium phosphate buffer=0.05  ,1.8.1.4, ,0.0 MgCl2,0.25, , 
3179,3435.0,4157.0,dihydrolipoamide dehydrogenase,kegg:C02147 + kegg:C00003 = kegg:C00725 + kegg:C00004,CHB_15846 + CHB_18047 = CHB_16908 + CHB_30313,dihydro-Î±-lipoate(aq) + NAD(aq) = Î±-lipoate(aq) + NADH(aq),"Liegel J.; ""The Equilibrium Constant for the Glycine Synthase Reaction""; Thesis The University of Texas (1985).",85LIE_325, , ,298.15,7.14,0.334, ,spectrophotometry,potassium phosphate (0.050 mol dm-3) or sodium pyrophosphate (0.030 mol dm-3),mol/L;IS=0.6; potassium phosphate buffer=0.05  ,1.8.1.4, ,0.0 MgCl2,0.6, , 
3180,3436.0,4197.0,dihydrolipoamide dehydrogenase,kegg:C02147 + kegg:C00003 = kegg:C00725 + kegg:C00004,CHB_15846 + CHB_18047 = CHB_16908 + CHB_30313,dihydro-Î±-lipoate(aq) + NAD(aq) = Î±-lipoate(aq) + NADH(aq),"Liegel J.; ""The Equilibrium Constant for the Glycine Synthase Reaction""; Thesis The University of Texas (1985).",85LIE_325, , ,298.15,7.18,0.338, ,spectrophotometry,potassium phosphate (0.050 mol dm-3) or sodium pyrophosphate (0.030 mol dm-3),mol/L;IS=0.35; potassium phosphate buffer=0.05  ,1.8.1.4, ,0.0 MgCl2,0.35, , 
3181,3429.0,4189.0,dihydrolipoamide dehydrogenase,kegg:C02147 + kegg:C00003 = kegg:C00725 + kegg:C00004,CHB_15846 + CHB_18047 = CHB_16908 + CHB_30313,dihydro-Î±-lipoate(aq) + NAD(aq) = Î±-lipoate(aq) + NADH(aq),"Liegel J.; ""The Equilibrium Constant for the Glycine Synthase Reaction""; Thesis The University of Texas (1985).",85LIE_325, , ,298.15,7.19,0.287, ,spectrophotometry,potassium phosphate (0.050 mol dm-3) or sodium pyrophosphate (0.030 mol dm-3),mol/L;IS=0.35; potassium phosphate buffer=0.05  ,1.8.1.4, ,0.0 MgCl2,0.35, , 
3182,3439.0,4156.0,dihydrolipoamide dehydrogenase,kegg:C02147 + kegg:C00003 = kegg:C00725 + kegg:C00004,CHB_15846 + CHB_18047 = CHB_16908 + CHB_30313,dihydro-Î±-lipoate(aq) + NAD(aq) = Î±-lipoate(aq) + NADH(aq),"Liegel J.; ""The Equilibrium Constant for the Glycine Synthase Reaction""; Thesis The University of Texas (1985).",85LIE_325, , ,298.15,7.21,0.349, ,spectrophotometry,potassium phosphate (0.050 mol dm-3) or sodium pyrophosphate (0.030 mol dm-3),mol/L;IS=0.35; potassium phosphate buffer=0.05  ,1.8.1.4, ,0.0 MgCl2,0.35, , 
3183,3443.0,4196.0,dihydrolipoamide dehydrogenase,kegg:C02147 + kegg:C00003 = kegg:C00725 + kegg:C00004,CHB_15846 + CHB_18047 = CHB_16908 + CHB_30313,dihydro-Î±-lipoate(aq) + NAD(aq) = Î±-lipoate(aq) + NADH(aq),"Liegel J.; ""The Equilibrium Constant for the Glycine Synthase Reaction""; Thesis The University of Texas (1985).",85LIE_325, , ,298.15,7.35,0.445, ,spectrophotometry,potassium phosphate (0.050 mol dm-3) or sodium pyrophosphate (0.030 mol dm-3),mol/L;IS=0.25; potassium phosphate buffer=0.05  ,1.8.1.4, ,0.0 MgCl2,0.25, , 
3184,3441.0,4155.0,dihydrolipoamide dehydrogenase,kegg:C02147 + kegg:C00003 = kegg:C00725 + kegg:C00004,CHB_15846 + CHB_18047 = CHB_16908 + CHB_30313,dihydro-Î±-lipoate(aq) + NAD(aq) = Î±-lipoate(aq) + NADH(aq),"Liegel J.; ""The Equilibrium Constant for the Glycine Synthase Reaction""; Thesis The University of Texas (1985).",85LIE_325, , ,298.15,7.37,0.36, ,spectrophotometry,potassium phosphate (0.050 mol dm-3) or sodium pyrophosphate (0.030 mol dm-3),mol/L;IS=0.1; potassium phosphate buffer=0.05  ,1.8.1.4, ,0.0 MgCl2,0.1, , 
3185,3445.0,4154.0,dihydrolipoamide dehydrogenase,kegg:C02147 + kegg:C00003 = kegg:C00725 + kegg:C00004,CHB_15846 + CHB_18047 = CHB_16908 + CHB_30313,dihydro-Î±-lipoate(aq) + NAD(aq) = Î±-lipoate(aq) + NADH(aq),"Liegel J.; ""The Equilibrium Constant for the Glycine Synthase Reaction""; Thesis The University of Texas (1985).",85LIE_325, , ,298.15,7.41,0.579, ,spectrophotometry,potassium phosphate (0.050 mol dm-3) or sodium pyrophosphate (0.030 mol dm-3),mol/L;IS=0.25; potassium phosphate buffer=0.05  ,1.8.1.4, ,0.0 MgCl2,0.25, , 
3186,3403.0,4160.0,dihydrolipoamide dehydrogenase,kegg:C02147 + kegg:C00003 = kegg:C00725 + kegg:C00004,CHB_15846 + CHB_18047 = CHB_16908 + CHB_30313,dihydro-Î±-lipoate(aq) + NAD(aq) = Î±-lipoate(aq) + NADH(aq),"Liegel J.; ""The Equilibrium Constant for the Glycine Synthase Reaction""; Thesis The University of Texas (1985).",85LIE_325, , ,311.15,6.27,0.051, ,spectrophotometry,potassium phosphate (0.050 mol dm-3) or sodium pyrophosphate (0.030 mol dm-3),mol/L;IS=0.25; potassium phosphate buffer=0.05  ,1.8.1.4, ,0.0 MgCl2,0.25, , 
3187,3404.0,4185.0,dihydrolipoamide dehydrogenase,kegg:C02147 + kegg:C00003 = kegg:C00725 + kegg:C00004,CHB_15846 + CHB_18047 = CHB_16908 + CHB_30313,dihydro-Î±-lipoate(aq) + NAD(aq) = Î±-lipoate(aq) + NADH(aq),"Liegel J.; ""The Equilibrium Constant for the Glycine Synthase Reaction""; Thesis The University of Texas (1985).",85LIE_325, , ,311.15,6.41,0.067, ,spectrophotometry,potassium phosphate (0.050 mol dm-3) or sodium pyrophosphate (0.030 mol dm-3),mol/L;IS=0.25; potassium phosphate buffer=0.05  ,1.8.1.4, ,0.0 MgCl2,0.25, , 
3188,3405.0,4190.0,dihydrolipoamide dehydrogenase,kegg:C02147 + kegg:C00003 = kegg:C00725 + kegg:C00004,CHB_15846 + CHB_18047 = CHB_16908 + CHB_30313,dihydro-Î±-lipoate(aq) + NAD(aq) = Î±-lipoate(aq) + NADH(aq),"Liegel J.; ""The Equilibrium Constant for the Glycine Synthase Reaction""; Thesis The University of Texas (1985).",85LIE_325, , ,311.15,6.72,0.088, ,spectrophotometry,potassium phosphate (0.050 mol dm-3) or sodium pyrophosphate (0.030 mol dm-3),mol/L;IS=0.25; potassium phosphate buffer=0.05  ,1.8.1.4, ,0.0 MgCl2,0.25, , 
3189,3413.0,4161.0,dihydrolipoamide dehydrogenase,kegg:C02147 + kegg:C00003 = kegg:C00725 + kegg:C00004,CHB_15846 + CHB_18047 = CHB_16908 + CHB_30313,dihydro-Î±-lipoate(aq) + NAD(aq) = Î±-lipoate(aq) + NADH(aq),"Liegel J.; ""The Equilibrium Constant for the Glycine Synthase Reaction""; Thesis The University of Texas (1985).",85LIE_325, , ,311.15,6.73,0.141, ,spectrophotometry,potassium phosphate (0.050 mol dm-3) or sodium pyrophosphate (0.030 mol dm-3),mol/L;IS=0.25; potassium phosphate buffer=0.05  ,1.8.1.4, ,0.0 MgCl2,0.25, , 
3190,3411.0,4198.0,dihydrolipoamide dehydrogenase,kegg:C02147 + kegg:C00003 = kegg:C00725 + kegg:C00004,CHB_15846 + CHB_18047 = CHB_16908 + CHB_30313,dihydro-Î±-lipoate(aq) + NAD(aq) = Î±-lipoate(aq) + NADH(aq),"Liegel J.; ""The Equilibrium Constant for the Glycine Synthase Reaction""; Thesis The University of Texas (1985).",85LIE_325, , ,311.15,6.75,0.141, ,spectrophotometry,potassium phosphate (0.050 mol dm-3) or sodium pyrophosphate (0.030 mol dm-3),mol/L;IS=0.25; potassium phosphate buffer=0.05  ,1.8.1.4, ,0.0 MgCl2,0.25, , 
3191,3414.0,4203.0,dihydrolipoamide dehydrogenase,kegg:C02147 + kegg:C00003 = kegg:C00725 + kegg:C00004,CHB_15846 + CHB_18047 = CHB_16908 + CHB_30313,dihydro-Î±-lipoate(aq) + NAD(aq) = Î±-lipoate(aq) + NADH(aq),"Liegel J.; ""The Equilibrium Constant for the Glycine Synthase Reaction""; Thesis The University of Texas (1985).",85LIE_325, , ,311.15,6.79,0.138, ,spectrophotometry,potassium phosphate (0.050 mol dm-3) or sodium pyrophosphate (0.030 mol dm-3),mol/L;IS=0.25; potassium phosphate buffer=0.05  ,1.8.1.4, ,0.0 MgCl2,0.25, , 
3192,3408.0,4162.0,dihydrolipoamide dehydrogenase,kegg:C02147 + kegg:C00003 = kegg:C00725 + kegg:C00004,CHB_15846 + CHB_18047 = CHB_16908 + CHB_30313,dihydro-Î±-lipoate(aq) + NAD(aq) = Î±-lipoate(aq) + NADH(aq),"Liegel J.; ""The Equilibrium Constant for the Glycine Synthase Reaction""; Thesis The University of Texas (1985).",85LIE_325, , ,311.15,6.82,0.129, ,spectrophotometry,potassium phosphate (0.050 mol dm-3) or sodium pyrophosphate (0.030 mol dm-3),mol/L;IS=0.25; potassium phosphate buffer=0.05  ,1.8.1.4, ,0.0 MgCl2,0.25, , 
3193,3416.0,4163.0,dihydrolipoamide dehydrogenase,kegg:C02147 + kegg:C00003 = kegg:C00725 + kegg:C00004,CHB_15846 + CHB_18047 = CHB_16908 + CHB_30313,dihydro-Î±-lipoate(aq) + NAD(aq) = Î±-lipoate(aq) + NADH(aq),"Liegel J.; ""The Equilibrium Constant for the Glycine Synthase Reaction""; Thesis The University of Texas (1985).",85LIE_325, , ,311.15,6.84,0.15, ,spectrophotometry,potassium phosphate (0.050 mol dm-3) or sodium pyrophosphate (0.030 mol dm-3),mol/L;IS=0.25; potassium phosphate buffer=0.05  ,1.8.1.4, ,0.0 MgCl2,0.25, , 
3194,3412.0,4164.0,dihydrolipoamide dehydrogenase,kegg:C02147 + kegg:C00003 = kegg:C00725 + kegg:C00004,CHB_15846 + CHB_18047 = CHB_16908 + CHB_30313,dihydro-Î±-lipoate(aq) + NAD(aq) = Î±-lipoate(aq) + NADH(aq),"Liegel J.; ""The Equilibrium Constant for the Glycine Synthase Reaction""; Thesis The University of Texas (1985).",85LIE_325, , ,311.15,6.91,0.139, ,spectrophotometry,potassium phosphate (0.050 mol dm-3) or sodium pyrophosphate (0.030 mol dm-3),mol/L;IS=0.25; potassium phosphate buffer=0.05  ,1.8.1.4, ,0.0 MgCl2,0.25, , 
3195,3415.0,4193.0,dihydrolipoamide dehydrogenase,kegg:C02147 + kegg:C00003 = kegg:C00725 + kegg:C00004,CHB_15846 + CHB_18047 = CHB_16908 + CHB_30313,dihydro-Î±-lipoate(aq) + NAD(aq) = Î±-lipoate(aq) + NADH(aq),"Liegel J.; ""The Equilibrium Constant for the Glycine Synthase Reaction""; Thesis The University of Texas (1985).",85LIE_325, , ,311.15,6.91,0.143, ,spectrophotometry,potassium phosphate (0.050 mol dm-3) or sodium pyrophosphate (0.030 mol dm-3),mol/L;IS=0.25; potassium phosphate buffer=0.05  ,1.8.1.4, ,0.0 MgCl2,0.25, , 
3196,3418.0,4186.0,dihydrolipoamide dehydrogenase,kegg:C02147 + kegg:C00003 = kegg:C00725 + kegg:C00004,CHB_15846 + CHB_18047 = CHB_16908 + CHB_30313,dihydro-Î±-lipoate(aq) + NAD(aq) = Î±-lipoate(aq) + NADH(aq),"Liegel J.; ""The Equilibrium Constant for the Glycine Synthase Reaction""; Thesis The University of Texas (1985).",85LIE_325, , ,311.15,6.94,0.187, ,spectrophotometry,potassium phosphate (0.050 mol dm-3) or sodium pyrophosphate (0.030 mol dm-3),mol/L;IS=0.25; potassium phosphate buffer=0.05  ,1.8.1.4, ,0.0 MgCl2,0.25, , 
3197,3419.0,4165.0,dihydrolipoamide dehydrogenase,kegg:C02147 + kegg:C00003 = kegg:C00725 + kegg:C00004,CHB_15846 + CHB_18047 = CHB_16908 + CHB_30313,dihydro-Î±-lipoate(aq) + NAD(aq) = Î±-lipoate(aq) + NADH(aq),"Liegel J.; ""The Equilibrium Constant for the Glycine Synthase Reaction""; Thesis The University of Texas (1985).",85LIE_325, , ,311.15,6.94,0.197, ,spectrophotometry,potassium phosphate (0.050 mol dm-3) or sodium pyrophosphate (0.030 mol dm-3),mol/L;IS=0.25; potassium phosphate buffer=0.05  ,1.8.1.4, ,0.0 MgCl2,0.25, , 
3198,3421.0,4166.0,dihydrolipoamide dehydrogenase,kegg:C02147 + kegg:C00003 = kegg:C00725 + kegg:C00004,CHB_15846 + CHB_18047 = CHB_16908 + CHB_30313,dihydro-Î±-lipoate(aq) + NAD(aq) = Î±-lipoate(aq) + NADH(aq),"Liegel J.; ""The Equilibrium Constant for the Glycine Synthase Reaction""; Thesis The University of Texas (1985).",85LIE_325, , ,311.15,6.98,0.26, ,spectrophotometry,potassium phosphate (0.050 mol dm-3) or sodium pyrophosphate (0.030 mol dm-3),mol/L;IS=0.25; potassium phosphate buffer=0.05  ,1.8.1.4, ,0.0 MgCl2,0.25, , 
3199,3427.0,4199.0,dihydrolipoamide dehydrogenase,kegg:C02147 + kegg:C00003 = kegg:C00725 + kegg:C00004,CHB_15846 + CHB_18047 = CHB_16908 + CHB_30313,dihydro-Î±-lipoate(aq) + NAD(aq) = Î±-lipoate(aq) + NADH(aq),"Liegel J.; ""The Equilibrium Constant for the Glycine Synthase Reaction""; Thesis The University of Texas (1985).",85LIE_325, , ,311.15,6.98,0.271, ,spectrophotometry,potassium phosphate (0.050 mol dm-3) or sodium pyrophosphate (0.030 mol dm-3),mol/L;IS=0.25; potassium phosphate buffer=0.05  ,1.8.1.4, ,0.0 MgCl2,0.25, , 
3200,3401.0,4167.0,dihydrolipoamide dehydrogenase,kegg:C02147 + kegg:C00003 = kegg:C00725 + kegg:C00004,CHB_15846 + CHB_18047 = CHB_16908 + CHB_30313,dihydro-Î±-lipoate(aq) + NAD(aq) = Î±-lipoate(aq) + NADH(aq),"Liegel J.; ""The Equilibrium Constant for the Glycine Synthase Reaction""; Thesis The University of Texas (1985).",85LIE_325, , ,311.15,7.05,0.116, ,spectrophotometry,potassium phosphate (0.050 mol dm-3) or sodium pyrophosphate (0.030 mol dm-3),2.0 = -log[Mg+2] _ mol/L;IS=0.25;(Mg)1(Cl)2=0.01; potassium phosphate buffer=0.05 _ MgCl2 (0.01 mol/L) _ ,1.8.1.4, ,0.01 MgCl2,0.25, , 
3201,3428.0,4179.0,dihydrolipoamide dehydrogenase,kegg:C02147 + kegg:C00003 = kegg:C00725 + kegg:C00004,CHB_15846 + CHB_18047 = CHB_16908 + CHB_30313,dihydro-Î±-lipoate(aq) + NAD(aq) = Î±-lipoate(aq) + NADH(aq),"Liegel J.; ""The Equilibrium Constant for the Glycine Synthase Reaction""; Thesis The University of Texas (1985).",85LIE_325, , ,311.15,7.05,0.271, ,spectrophotometry,potassium phosphate (0.050 mol dm-3) or sodium pyrophosphate (0.030 mol dm-3),mol/L;IS=0.25; potassium phosphate buffer=0.05  ,1.8.1.4, ,0.0 MgCl2,0.25, , 
3202,3423.0,4168.0,dihydrolipoamide dehydrogenase,kegg:C02147 + kegg:C00003 = kegg:C00725 + kegg:C00004,CHB_15846 + CHB_18047 = CHB_16908 + CHB_30313,dihydro-Î±-lipoate(aq) + NAD(aq) = Î±-lipoate(aq) + NADH(aq),"Liegel J.; ""The Equilibrium Constant for the Glycine Synthase Reaction""; Thesis The University of Texas (1985).",85LIE_325, , ,311.15,7.06,0.266, ,spectrophotometry,potassium phosphate (0.050 mol dm-3) or sodium pyrophosphate (0.030 mol dm-3),mol/L;IS=0.25; potassium phosphate buffer=0.05  ,1.8.1.4, ,0.0 MgCl2,0.25, , 
3203,3400.0,4194.0,dihydrolipoamide dehydrogenase,kegg:C02147 + kegg:C00003 = kegg:C00725 + kegg:C00004,CHB_15846 + CHB_18047 = CHB_16908 + CHB_30313,dihydro-Î±-lipoate(aq) + NAD(aq) = Î±-lipoate(aq) + NADH(aq),"Liegel J.; ""The Equilibrium Constant for the Glycine Synthase Reaction""; Thesis The University of Texas (1985).",85LIE_325, , ,311.15,7.07,0.105, ,spectrophotometry,potassium phosphate (0.050 mol dm-3) or sodium pyrophosphate (0.030 mol dm-3),2.0 = -log[Mg+2] _ mol/L;IS=0.25;(Mg)1(Cl)2=0.01; potassium phosphate buffer=0.05 _ MgCl2 (0.01 mol/L) _ ,1.8.1.4, ,0.01 MgCl2,0.25, , 
3204,3437.0,4169.0,dihydrolipoamide dehydrogenase,kegg:C02147 + kegg:C00003 = kegg:C00725 + kegg:C00004,CHB_15846 + CHB_18047 = CHB_16908 + CHB_30313,dihydro-Î±-lipoate(aq) + NAD(aq) = Î±-lipoate(aq) + NADH(aq),"Liegel J.; ""The Equilibrium Constant for the Glycine Synthase Reaction""; Thesis The University of Texas (1985).",85LIE_325, , ,311.15,7.07,0.34, ,spectrophotometry,potassium phosphate (0.050 mol dm-3) or sodium pyrophosphate (0.030 mol dm-3),mol/L;IS=0.25; potassium phosphate buffer=0.05  ,1.8.1.4, ,0.0 MgCl2,0.25, , 
3205,3433.0,4201.0,dihydrolipoamide dehydrogenase,kegg:C02147 + kegg:C00003 = kegg:C00725 + kegg:C00004,CHB_15846 + CHB_18047 = CHB_16908 + CHB_30313,dihydro-Î±-lipoate(aq) + NAD(aq) = Î±-lipoate(aq) + NADH(aq),"Liegel J.; ""The Equilibrium Constant for the Glycine Synthase Reaction""; Thesis The University of Texas (1985).",85LIE_325, , ,311.15,7.09,0.328, ,spectrophotometry,potassium phosphate (0.050 mol dm-3) or sodium pyrophosphate (0.030 mol dm-3),mol/L;IS=0.25; potassium phosphate buffer=0.05  ,1.8.1.4, ,0.0 MgCl2,0.25, , 
3206,3402.0,4171.0,dihydrolipoamide dehydrogenase,kegg:C02147 + kegg:C00003 = kegg:C00725 + kegg:C00004,CHB_15846 + CHB_18047 = CHB_16908 + CHB_30313,dihydro-Î±-lipoate(aq) + NAD(aq) = Î±-lipoate(aq) + NADH(aq),"Liegel J.; ""The Equilibrium Constant for the Glycine Synthase Reaction""; Thesis The University of Texas (1985).",85LIE_325, , ,311.15,7.16,0.257, ,spectrophotometry,potassium phosphate (0.050 mol dm-3) or sodium pyrophosphate (0.030 mol dm-3),2.0 = -log[Mg+2] _ mol/L;IS=0.25;(Mg)1(Cl)2=0.01; potassium phosphate buffer=0.05 _ MgCl2 (0.01 mol/L) _ ,1.8.1.4, ,0.01 MgCl2,0.25, , 
3207,3425.0,4172.0,dihydrolipoamide dehydrogenase,kegg:C02147 + kegg:C00003 = kegg:C00725 + kegg:C00004,CHB_15846 + CHB_18047 = CHB_16908 + CHB_30313,dihydro-Î±-lipoate(aq) + NAD(aq) = Î±-lipoate(aq) + NADH(aq),"Liegel J.; ""The Equilibrium Constant for the Glycine Synthase Reaction""; Thesis The University of Texas (1985).",85LIE_325, , ,311.15,7.17,0.268, ,spectrophotometry,potassium phosphate (0.050 mol dm-3) or sodium pyrophosphate (0.030 mol dm-3),mol/L;IS=0.25; potassium phosphate buffer=0.05  ,1.8.1.4, ,0.0 MgCl2,0.25, , 
3208,3440.0,4200.0,dihydrolipoamide dehydrogenase,kegg:C02147 + kegg:C00003 = kegg:C00725 + kegg:C00004,CHB_15846 + CHB_18047 = CHB_16908 + CHB_30313,dihydro-Î±-lipoate(aq) + NAD(aq) = Î±-lipoate(aq) + NADH(aq),"Liegel J.; ""The Equilibrium Constant for the Glycine Synthase Reaction""; Thesis The University of Texas (1985).",85LIE_325, , ,311.15,7.23,0.351, ,spectrophotometry,potassium phosphate (0.050 mol dm-3) or sodium pyrophosphate (0.030 mol dm-3),mol/L;IS=0.25; potassium phosphate buffer=0.05  ,1.8.1.4, ,0.0 MgCl2,0.25, , 
3209,3432.0,4180.0,dihydrolipoamide dehydrogenase,kegg:C02147 + kegg:C00003 = kegg:C00725 + kegg:C00004,CHB_15846 + CHB_18047 = CHB_16908 + CHB_30313,dihydro-Î±-lipoate(aq) + NAD(aq) = Î±-lipoate(aq) + NADH(aq),"Liegel J.; ""The Equilibrium Constant for the Glycine Synthase Reaction""; Thesis The University of Texas (1985).",85LIE_325, , ,311.15,7.24,0.321, ,spectrophotometry,potassium phosphate (0.050 mol dm-3) or sodium pyrophosphate (0.030 mol dm-3),mol/L;IS=0.25; potassium phosphate buffer=0.05  ,1.8.1.4, ,0.0 MgCl2,0.25, , 
3210,3431.0,4173.0,dihydrolipoamide dehydrogenase,kegg:C02147 + kegg:C00003 = kegg:C00725 + kegg:C00004,CHB_15846 + CHB_18047 = CHB_16908 + CHB_30313,dihydro-Î±-lipoate(aq) + NAD(aq) = Î±-lipoate(aq) + NADH(aq),"Liegel J.; ""The Equilibrium Constant for the Glycine Synthase Reaction""; Thesis The University of Texas (1985).",85LIE_325, , ,311.15,7.25,0.309, ,spectrophotometry,potassium phosphate (0.050 mol dm-3) or sodium pyrophosphate (0.030 mol dm-3),mol/L;IS=0.25; potassium phosphate buffer=0.05  ,1.8.1.4, ,0.0 MgCl2,0.25, , 
3211,3442.0,4174.0,dihydrolipoamide dehydrogenase,kegg:C02147 + kegg:C00003 = kegg:C00725 + kegg:C00004,CHB_15846 + CHB_18047 = CHB_16908 + CHB_30313,dihydro-Î±-lipoate(aq) + NAD(aq) = Î±-lipoate(aq) + NADH(aq),"Liegel J.; ""The Equilibrium Constant for the Glycine Synthase Reaction""; Thesis The University of Texas (1985).",85LIE_325, , ,311.15,7.3,0.385, ,spectrophotometry,potassium phosphate (0.050 mol dm-3) or sodium pyrophosphate (0.030 mol dm-3),mol/L;IS=0.25; potassium phosphate buffer=0.05  ,1.8.1.4, ,0.0 MgCl2,0.25, , 
3212,3444.0,4175.0,dihydrolipoamide dehydrogenase,kegg:C02147 + kegg:C00003 = kegg:C00725 + kegg:C00004,CHB_15846 + CHB_18047 = CHB_16908 + CHB_30313,dihydro-Î±-lipoate(aq) + NAD(aq) = Î±-lipoate(aq) + NADH(aq),"Liegel J.; ""The Equilibrium Constant for the Glycine Synthase Reaction""; Thesis The University of Texas (1985).",85LIE_325, , ,311.15,7.35,0.498, ,spectrophotometry,potassium phosphate (0.050 mol dm-3) or sodium pyrophosphate (0.030 mol dm-3),mol/L;IS=0.25; potassium phosphate buffer=0.05  ,1.8.1.4, ,0.0 MgCl2,0.25, , 
3213,3447.0,4176.0,dihydrolipoamide dehydrogenase,kegg:C02147 + kegg:C00003 = kegg:C00725 + kegg:C00004,CHB_15846 + CHB_18047 = CHB_16908 + CHB_30313,dihydro-Î±-lipoate(aq) + NAD(aq) = Î±-lipoate(aq) + NADH(aq),"Liegel J.; ""The Equilibrium Constant for the Glycine Synthase Reaction""; Thesis The University of Texas (1985).",85LIE_325, , ,311.15,7.58,0.634, ,spectrophotometry,potassium phosphate (0.050 mol dm-3) or sodium pyrophosphate (0.030 mol dm-3),mol/L;IS=0.25; potassium phosphate buffer=0.05  ,1.8.1.4, ,0.0 MgCl2,0.25, , 
3214,3446.0,4202.0,dihydrolipoamide dehydrogenase,kegg:C02147 + kegg:C00003 = kegg:C00725 + kegg:C00004,CHB_15846 + CHB_18047 = CHB_16908 + CHB_30313,dihydro-Î±-lipoate(aq) + NAD(aq) = Î±-lipoate(aq) + NADH(aq),"Liegel J.; ""The Equilibrium Constant for the Glycine Synthase Reaction""; Thesis The University of Texas (1985).",85LIE_325, , ,311.15,7.6,0.62, ,spectrophotometry,potassium phosphate (0.050 mol dm-3) or sodium pyrophosphate (0.030 mol dm-3),mol/L;IS=0.25; potassium phosphate buffer=0.05  ,1.8.1.4, ,0.0 MgCl2,0.25, , 
3215,3449.0,4181.0,dihydrolipoamide dehydrogenase,kegg:C02147 + kegg:C00003 = kegg:C00725 + kegg:C00004,CHB_15846 + CHB_18047 = CHB_16908 + CHB_30313,dihydro-Î±-lipoate(aq) + NAD(aq) = Î±-lipoate(aq) + NADH(aq),"Liegel J.; ""The Equilibrium Constant for the Glycine Synthase Reaction""; Thesis The University of Texas (1985).",85LIE_325, , ,311.15,8.09,2.37, ,spectrophotometry,potassium phosphate (0.050 mol dm-3) or sodium pyrophosphate (0.030 mol dm-3),mol/L;IS=0.25; potassium phosphate buffer=0.05  ,1.8.1.4, ,0.0 MgCl2,0.25, , 
3216,3448.0,4183.0,dihydrolipoamide dehydrogenase,kegg:C02147 + kegg:C00003 = kegg:C00725 + kegg:C00004,CHB_15846 + CHB_18047 = CHB_16908 + CHB_30313,dihydro-Î±-lipoate(aq) + NAD(aq) = Î±-lipoate(aq) + NADH(aq),"Liegel J.; ""The Equilibrium Constant for the Glycine Synthase Reaction""; Thesis The University of Texas (1985).",85LIE_325, , ,311.15,8.12,2.04, ,spectrophotometry,potassium phosphate (0.050 mol dm-3) or sodium pyrophosphate (0.030 mol dm-3),mol/L;IS=0.25; potassium phosphate buffer=0.05  ,1.8.1.4, ,0.0 MgCl2,0.25, , 
3217,3451.0,4177.0,dihydrolipoamide dehydrogenase,kegg:C02147 + kegg:C00003 = kegg:C00725 + kegg:C00004,CHB_15846 + CHB_18047 = CHB_16908 + CHB_30313,dihydro-Î±-lipoate(aq) + NAD(aq) = Î±-lipoate(aq) + NADH(aq),"Liegel J.; ""The Equilibrium Constant for the Glycine Synthase Reaction""; Thesis The University of Texas (1985).",85LIE_325, , ,311.15,8.27,3.55, ,spectrophotometry,potassium phosphate (0.050 mol dm-3) or sodium pyrophosphate (0.030 mol dm-3),mol/L;IS=0.25; potassium phosphate buffer=0.05  ,1.8.1.4, ,0.0 MgCl2,0.25, , 
3218,3450.0,4195.0,dihydrolipoamide dehydrogenase,kegg:C02147 + kegg:C00003 = kegg:C00725 + kegg:C00004,CHB_15846 + CHB_18047 = CHB_16908 + CHB_30313,dihydro-Î±-lipoate(aq) + NAD(aq) = Î±-lipoate(aq) + NADH(aq),"Liegel J.; ""The Equilibrium Constant for the Glycine Synthase Reaction""; Thesis The University of Texas (1985).",85LIE_325, , ,311.15,8.29,2.75, ,spectrophotometry,potassium phosphate (0.050 mol dm-3) or sodium pyrophosphate (0.030 mol dm-3),mol/L;IS=0.25; potassium phosphate buffer=0.05  ,1.8.1.4, ,0.0 MgCl2,0.25, , 
3219,3452.0,4178.0,dihydrolipoamide dehydrogenase,kegg:C02147 + kegg:C00003 = kegg:C00725 + kegg:C00004,CHB_15846 + CHB_18047 = CHB_16908 + CHB_30313,dihydro-Î±-lipoate(aq) + NAD(aq) = Î±-lipoate(aq) + NADH(aq),"Liegel J.; ""The Equilibrium Constant for the Glycine Synthase Reaction""; Thesis The University of Texas (1985).",85LIE_325, , ,311.15,8.39,3.55, ,spectrophotometry,potassium phosphate (0.050 mol dm-3) or sodium pyrophosphate (0.030 mol dm-3),mol/L;IS=0.25; potassium phosphate buffer=0.05  ,1.8.1.4, ,0.0 MgCl2,0.25, , 
3220,3453.0,4187.0,dihydrolipoamide dehydrogenase,kegg:C02147 + kegg:C00003 = kegg:C00725 + kegg:C00004,CHB_15846 + CHB_18047 = CHB_16908 + CHB_30313,dihydro-Î±-lipoate(aq) + NAD(aq) = Î±-lipoate(aq) + NADH(aq),"Liegel J.; ""The Equilibrium Constant for the Glycine Synthase Reaction""; Thesis The University of Texas (1985).",85LIE_325, , ,311.15,8.49,3.86, ,spectrophotometry,potassium phosphate (0.050 mol dm-3) or sodium pyrophosphate (0.030 mol dm-3),mol/L;IS=0.25; potassium phosphate buffer=0.05  ,1.8.1.4, ,0.0 MgCl2,0.25, , 
3221,3454.0,4149.0,dihydrolipoamide dehydrogenase,kegg:C02147 + kegg:C00003 = kegg:C00725 + kegg:C00004,CHB_15846 + CHB_18047 = CHB_16908 + CHB_30313,dihydro-Î±-lipoate(aq) + NAD(aq) = Î±-lipoate(aq) + NADH(aq),"Liegel J.; ""The Equilibrium Constant for the Glycine Synthase Reaction""; Thesis The University of Texas (1985).",85LIE_325, , ,311.15,8.49,6.55, ,spectrophotometry,potassium phosphate (0.050 mol dm-3) or sodium pyrophosphate (0.030 mol dm-3),mol/L;IS=0.25; potassium phosphate buffer=0.05  ,1.8.1.4, ,0.0 MgCl2,0.25, , 
3222,3470.0,4517.0,xylose isomerase,kegg:C00031 = kegg:C00095,CHB_4167 = CHB_37721,D-glucose(aq) = D-fructose(aq),Makkee M.; Kieboom A.P.G.; van Bekkum H.; Starch/Stdrke; 37 232 (1985).,85MAK/KIE_1316, , ,343.35,7.1,1.11, ,HPLC, ,   ,5.3.1.5, ,0.278 total, , , 
3223,3471.0,4522.0,xylose isomerase,kegg:C00031 = kegg:C00095,CHB_4167 = CHB_37721,D-glucose(aq) = D-fructose(aq),Makkee M.; Kieboom A.P.G.; van Bekkum H.; Starch/Stdrke; 37 232 (1985).,85MAK/KIE_1316, , ,343.35,7.1,1.109, ,HPLC, ,   ,5.3.1.5, ,0.555 total, , , 
3224,3472.0,4518.0,xylose isomerase,kegg:C00031 = kegg:C00095,CHB_4167 = CHB_37721,D-glucose(aq) = D-fructose(aq),Makkee M.; Kieboom A.P.G.; van Bekkum H.; Starch/Stdrke; 37 232 (1985).,85MAK/KIE_1316, , ,343.35,7.1,1.107, ,HPLC, ,   ,5.3.1.5, ,0.617 total, , , 
3225,3473.0,4519.0,xylose isomerase,kegg:C00031 = kegg:C00095,CHB_4167 = CHB_37721,D-glucose(aq) = D-fructose(aq),Makkee M.; Kieboom A.P.G.; van Bekkum H.; Starch/Stdrke; 37 232 (1985).,85MAK/KIE_1316, , ,343.35,7.1,1.114, ,HPLC, ,   ,5.3.1.5, ,0.833 total, , , 
3226,3474.0,4520.0,xylose isomerase,kegg:C00031 = kegg:C00095,CHB_4167 = CHB_37721,D-glucose(aq) = D-fructose(aq),Makkee M.; Kieboom A.P.G.; van Bekkum H.; Starch/Stdrke; 37 232 (1985).,85MAK/KIE_1316, , ,343.35,7.1,1.104, ,HPLC, ,   ,5.3.1.5, ,1.111 total, , , 
3227,3475.0,4523.0,xylose isomerase,kegg:C00031 = kegg:C00095,CHB_4167 = CHB_37721,D-glucose(aq) = D-fructose(aq),Makkee M.; Kieboom A.P.G.; van Bekkum H.; Starch/Stdrke; 37 232 (1985).,85MAK/KIE_1316, , ,343.35,7.1,1.104, ,HPLC, ,   ,5.3.1.5, ,1.667 total, , , 
3228,3476.0,4521.0,xylose isomerase,kegg:C00031 = kegg:C00095,CHB_4167 = CHB_37721,D-glucose(aq) = D-fructose(aq),Makkee M.; Kieboom A.P.G.; van Bekkum H.; Starch/Stdrke; 37 232 (1985).,85MAK/KIE_1316, , ,343.35,7.1,1.105, ,HPLC, ,   ,5.3.1.5, ,2.222 total, , , 
3229,,1245.0,asparaginase,kegg:C00152 + kegg:C00001 = kegg:C00049 + kegg:C00014, ,L-asparagine(aq) + H2O(l) = L-aspartate(aq) + ammonia(aq),Rekharsky M.V.; Slozhenikina Yu.B.; Skuya A.Zh.; Egorov A.M.; Gal'chenko G.L.; Thermochim. Acta; 91 79 (1985).,85REK/SLO_987, , ,298.15,6.86, , ,calorimetry,phosphate (0.05 mol dm-3), ,3.5.1.1, , , , ,-24.56
3230,3480.0, ,pyrroline-2-carboxylate reductase, ,CHB_17203 + CHB_18009 = CHB_16474 + CHB_36761,(S)-proline(aq) + NADP(aq) = Î”1-pyrroline-2-carboxylate(aq) + NADPH(aq),Srinivasan R.; Fisher H.F.; Biochemistry; 24 618 (1985).,85SRI/FIS_293,3994979.0,10.1021/bi00324a012,298.15,7.9,0.0036, ,spectrophotometry,phosphate (0.01 mol dm-3) and Tris (0.1 mol dm-3),mol/L;Tris=0.1;phosphate buffer=0.01  ,1.5.1.1, , , , , 
3231,3479.0, ,pyrroline-2-carboxylate reductase, ,CHB_17203 + CHB_18009 = CHB_16474 + CHB_36761,(S)-proline(aq) + NADP(aq) = Î”1-pyrroline-2-carboxylate(aq) + NADPH(aq),Srinivasan R.; Fisher H.F.; Biochemistry; 24 618 (1985).,85SRI/FIS_293,3994979.0,10.1021/bi00324a012,298.15,8.5,0.0036, ,spectrophotometry,phosphate (0.01 mol dm-3) and Tris (0.1 mol dm-3),mol/L;Tris=0.1;phosphate buffer=0.01  ,1.5.1.1, , , , , 
3232,3477.0, ,pyrroline-2-carboxylate reductase, ,CHB_17203 + CHB_18009 = CHB_16474 + CHB_36761,(S)-proline(aq) + NADP(aq) = Î”1-pyrroline-2-carboxylate(aq) + NADPH(aq),Srinivasan R.; Fisher H.F.; Biochemistry; 24 618 (1985).,85SRI/FIS_293,3994979.0,10.1021/bi00324a012,298.15,9.0,0.0036, ,spectrophotometry,phosphate (0.01 mol dm-3) and Tris (0.1 mol dm-3),mol/L;Tris=0.1;phosphate buffer=0.01  ,1.5.1.1, , , , , 
3233,3478.0, ,pyrroline-2-carboxylate reductase, ,CHB_17203 + CHB_18009 = CHB_16474 + CHB_36761,(S)-proline(aq) + NADP(aq) = Î”1-pyrroline-2-carboxylate(aq) + NADPH(aq),Srinivasan R.; Fisher H.F.; Biochemistry; 24 618 (1985).,85SRI/FIS_293,3994979.0,10.1021/bi00324a012,298.15,9.2,0.0036, ,spectrophotometry,phosphate (0.01 mol dm-3) and Tris (0.1 mol dm-3),mol/L;Tris=0.1;phosphate buffer=0.01  ,1.5.1.1, , , , , 
3234,3481.0,3264.0,arabinose isomerase,kegg:C00216 = kegg:C00309,CHB_46994 = CHB_28552,D-arabinose(aq) = D-ribulose(aq),Tewari Y.B.; Goldberg R.N.; Biophys. Chem.; 22 197 (1985).,85TEW/GOL2_1295, , ,320.25,7.4,0.146, ,HPLC,phosphate (0.039 mol dm-3),mol/L;phosphate buffer=0.039;(Mg)1(NO3)2=0.01  ,5.3.1.3, , , , , 
3235,3482.0,3266.0,arabinose isomerase,kegg:C00216 = kegg:C00309,CHB_46994 = CHB_28552,D-arabinose(aq) = D-ribulose(aq),Tewari Y.B.; Goldberg R.N.; Biophys. Chem.; 22 197 (1985).,85TEW/GOL2_1295, , ,325.25,7.4,0.17, ,HPLC,phosphate (0.039 mol dm-3),mol/L;phosphate buffer=0.039;(Mg)1(NO3)2=0.01  ,5.3.1.3, , , , , 
3236,3483.0,3261.0,arabinose isomerase,kegg:C00216 = kegg:C00309,CHB_46994 = CHB_28552,D-arabinose(aq) = D-ribulose(aq),Tewari Y.B.; Goldberg R.N.; Biophys. Chem.; 22 197 (1985).,85TEW/GOL2_1295, , ,328.15,7.4,0.169, ,HPLC,phosphate (0.039 mol dm-3),mol/L;phosphate buffer=0.039;(Mg)1(NO3)2=0.01  ,5.3.1.3, , , , , 
3237,3484.0,3262.0,arabinose isomerase,kegg:C00216 = kegg:C00309,CHB_46994 = CHB_28552,D-arabinose(aq) = D-ribulose(aq),Tewari Y.B.; Goldberg R.N.; Biophys. Chem.; 22 197 (1985).,85TEW/GOL2_1295, , ,331.95,7.4,0.199, ,HPLC,phosphate (0.039 mol dm-3),mol/L;phosphate buffer=0.039;(Mg)1(NO3)2=0.01  ,5.3.1.3, , , , , 
3238,3485.0,3265.0,arabinose isomerase,kegg:C00216 = kegg:C00309,CHB_46994 = CHB_28552,D-arabinose(aq) = D-ribulose(aq),Tewari Y.B.; Goldberg R.N.; Biophys. Chem.; 22 197 (1985).,85TEW/GOL2_1295, , ,338.15,7.4,0.226, ,HPLC,phosphate (0.039 mol dm-3),mol/L;phosphate buffer=0.039;(Mg)1(NO3)2=0.01  ,5.3.1.3, , , , , 
3239,3486.0,3263.0,arabinose isomerase,kegg:C00216 = kegg:C00309,CHB_46994 = CHB_28552,D-arabinose(aq) = D-ribulose(aq),Tewari Y.B.; Goldberg R.N.; Biophys. Chem.; 22 197 (1985).,85TEW/GOL2_1295, , ,343.75,7.4,0.246, ,HPLC,phosphate (0.039 mol dm-3),mol/L;phosphate buffer=0.039;(Mg)1(NO3)2=0.01  ,5.3.1.3, , , , , 
3240,3487.0,2451.0,ribose isomerase,kegg:C00121 = kegg:C00309,CHB_45506 = CHB_28552,D-ribose(aq) = D-ribulose(aq),Tewari Y.B.; Goldberg R.N.; Biophys. Chem.; 22 197 (1985).,85TEW/GOL2_1377, , ,313.15,7.4,0.391, ,HPLC,phosphate (0.039 mol dm-3),mol/L;phosphate buffer=0.039;(Mg)1(NO3)2=0.01  ,5.3.1.20, , , , , 
3241,3488.0,2447.0,ribose isomerase,kegg:C00121 = kegg:C00309,CHB_45506 = CHB_28552,D-ribose(aq) = D-ribulose(aq),Tewari Y.B.; Goldberg R.N.; Biophys. Chem.; 22 197 (1985).,85TEW/GOL2_1377, , ,320.25,7.4,0.446, ,HPLC,phosphate (0.039 mol dm-3),mol/L;phosphate buffer=0.039;(Mg)1(NO3)2=0.01  ,5.3.1.20, , , , , 
3242,3489.0,2448.0,ribose isomerase,kegg:C00121 = kegg:C00309,CHB_45506 = CHB_28552,D-ribose(aq) = D-ribulose(aq),Tewari Y.B.; Goldberg R.N.; Biophys. Chem.; 22 197 (1985).,85TEW/GOL2_1377, , ,325.25,7.4,0.484, ,HPLC,phosphate (0.039 mol dm-3),mol/L;phosphate buffer=0.039;(Mg)1(NO3)2=0.01  ,5.3.1.20, , , , , 
3243,3490.0,2453.0,ribose isomerase,kegg:C00121 = kegg:C00309,CHB_45506 = CHB_28552,D-ribose(aq) = D-ribulose(aq),Tewari Y.B.; Goldberg R.N.; Biophys. Chem.; 22 197 (1985).,85TEW/GOL2_1377, , ,328.15,7.4,0.489, ,HPLC,phosphate (0.039 mol dm-3),mol/L;phosphate buffer=0.039;(Mg)1(NO3)2=0.01  ,5.3.1.20, , , , , 
3244,3491.0,2449.0,ribose isomerase,kegg:C00121 = kegg:C00309,CHB_45506 = CHB_28552,D-ribose(aq) = D-ribulose(aq),Tewari Y.B.; Goldberg R.N.; Biophys. Chem.; 22 197 (1985).,85TEW/GOL2_1377, , ,331.95,7.4,0.521, ,HPLC,phosphate (0.039 mol dm-3),mol/L;phosphate buffer=0.039;(Mg)1(NO3)2=0.01  ,5.3.1.20, , , , , 
3245,3492.0,2452.0,ribose isomerase,kegg:C00121 = kegg:C00309,CHB_45506 = CHB_28552,D-ribose(aq) = D-ribulose(aq),Tewari Y.B.; Goldberg R.N.; Biophys. Chem.; 22 197 (1985).,85TEW/GOL2_1377, , ,338.15,7.4,0.563, ,HPLC,phosphate (0.039 mol dm-3),mol/L;phosphate buffer=0.039;(Mg)1(NO3)2=0.01  ,5.3.1.20, , , , , 
3246,3493.0,2450.0,ribose isomerase,kegg:C00121 = kegg:C00309,CHB_45506 = CHB_28552,D-ribose(aq) = D-ribulose(aq),Tewari Y.B.; Goldberg R.N.; Biophys. Chem.; 22 197 (1985).,85TEW/GOL2_1377, , ,343.75,7.4,0.591, ,HPLC,phosphate (0.039 mol dm-3),mol/L;phosphate buffer=0.039;(Mg)1(NO3)2=0.01  ,5.3.1.20, , , , , 
3247,,2440.0,ribose isomerase,kegg:C00121 = kegg:C00309, ,D-ribose(aq) = D-ribulose(aq),Tewari Y.B.; Goldberg R.N.; Biophys. Chem.; 22 197 (1985).,85TEW/GOL2_1378,3931718.0,10.1016/0301-4622(85)80043-0,320.15,7.1, , ,calorimetry,phosphate, ,5.3.1.20, , , , ,10.97
3248,,2439.0,ribose isomerase,kegg:C00121 = kegg:C00309, ,D-ribose(aq) = D-ribulose(aq),Tewari Y.B.; Goldberg R.N.; Biophys. Chem.; 22 197 (1985).,85TEW/GOL2_1378,3931718.0,10.1016/0301-4622(85)80043-0,325.35,7.1, , ,calorimetry,phosphate, ,5.3.1.20, , , , ,11.38
3249,,2438.0,ribose isomerase,kegg:C00121 = kegg:C00309, ,D-ribose(aq) = D-ribulose(aq),Tewari Y.B.; Goldberg R.N.; Biophys. Chem.; 22 197 (1985).,85TEW/GOL2_1378,3931718.0,10.1016/0301-4622(85)80043-0,331.65,7.1, , ,calorimetry,phosphate, ,5.3.1.20, , , , ,12.11
3250,,2441.0,ribose isomerase,kegg:C00121 = kegg:C00309, ,D-ribose(aq) = D-ribulose(aq),Tewari Y.B.; Goldberg R.N.; Biophys. Chem.; 22 197 (1985).,85TEW/GOL2_1378,3931718.0,10.1016/0301-4622(85)80043-0,338.15,7.1, , ,calorimetry,phosphate, ,5.3.1.20, , , , ,12.25
3251,3494.0,2857.0,xylose isomerase,kegg:C00181 = kegg:C00310,CHB_53455 = CHS_388344,D-xylose(aq) = D-xylulose(aq),Tewari Y.B.; Steckler D.K.; Goldberg R.N.; Biophys. Chem.; 22 181 (1985).,85TEW/STE_1328, , ,298.35,8.7,0.172, ,HPLC,phosphate (0.039 mol dm-3),mol/L;phosphate buffer=0.039;(Mg)1(SO4)1=0.2  ,5.3.1.5, , , , , 
3252,3495.0,2864.0,xylose isomerase,kegg:C00181 = kegg:C00310,CHB_53455 = CHS_388344,D-xylose(aq) = D-xylulose(aq),Tewari Y.B.; Steckler D.K.; Goldberg R.N.; Biophys. Chem.; 22 181 (1985).,85TEW/STE_1328, , ,306.15,8.7,0.204, ,HPLC,phosphate (0.039 mol dm-3),mol/L;phosphate buffer=0.039;(Mg)1(SO4)1=0.2  ,5.3.1.5, , , , , 
3253,3497.0,2858.0,xylose isomerase,kegg:C00181 = kegg:C00310,CHB_53455 = CHS_388344,D-xylose(aq) = D-xylulose(aq),Tewari Y.B.; Steckler D.K.; Goldberg R.N.; Biophys. Chem.; 22 181 (1985).,85TEW/STE_1328, , ,313.25,8.7,0.237, ,HPLC,phosphate (0.039 mol dm-3),mol/L;phosphate buffer=0.039;(Mg)1(SO4)1=0.2  ,5.3.1.5, , , , , 
3254,3496.0,2859.0,xylose isomerase,kegg:C00181 = kegg:C00310,CHB_53455 = CHS_388344,D-xylose(aq) = D-xylulose(aq),Tewari Y.B.; Steckler D.K.; Goldberg R.N.; Biophys. Chem.; 22 181 (1985).,85TEW/STE_1328, , ,314.05,8.7,0.224, ,HPLC,phosphate (0.039 mol dm-3),mol/L;phosphate buffer=0.039;(Mg)1(SO4)1=0.2  ,5.3.1.5, , , , , 
3255,3498.0,2862.0,xylose isomerase,kegg:C00181 = kegg:C00310,CHB_53455 = CHS_388344,D-xylose(aq) = D-xylulose(aq),Tewari Y.B.; Steckler D.K.; Goldberg R.N.; Biophys. Chem.; 22 181 (1985).,85TEW/STE_1328, , ,320.15,8.7,0.272, ,HPLC,phosphate (0.039 mol dm-3),mol/L;phosphate buffer=0.039;(Mg)1(SO4)1=0.2  ,5.3.1.5, , , , , 
3256,3499.0,2861.0,xylose isomerase,kegg:C00181 = kegg:C00310,CHB_53455 = CHS_388344,D-xylose(aq) = D-xylulose(aq),Tewari Y.B.; Steckler D.K.; Goldberg R.N.; Biophys. Chem.; 22 181 (1985).,85TEW/STE_1328, , ,328.15,8.7,0.315, ,HPLC,phosphate (0.039 mol dm-3),mol/L;phosphate buffer=0.039;(Mg)1(SO4)1=0.2  ,5.3.1.5, , , , , 
3257,3500.0,2863.0,xylose isomerase,kegg:C00181 = kegg:C00310,CHB_53455 = CHS_388344,D-xylose(aq) = D-xylulose(aq),Tewari Y.B.; Steckler D.K.; Goldberg R.N.; Biophys. Chem.; 22 181 (1985).,85TEW/STE_1328, , ,335.05,8.7,0.374, ,HPLC,phosphate (0.039 mol dm-3),mol/L;phosphate buffer=0.039;(Mg)1(SO4)1=0.2  ,5.3.1.5, , , , , 
3258,3501.0,2860.0,xylose isomerase,kegg:C00181 = kegg:C00310,CHB_53455 = CHS_388344,D-xylose(aq) = D-xylulose(aq),Tewari Y.B.; Steckler D.K.; Goldberg R.N.; Biophys. Chem.; 22 181 (1985).,85TEW/STE_1328, , ,342.15,8.7,0.424, ,HPLC,phosphate (0.039 mol dm-3),mol/L;phosphate buffer=0.039;(Mg)1(SO4)1=0.2  ,5.3.1.5, , , , , 
3259,,2852.0,xylose isomerase,kegg:C00181 = kegg:C00310, ,D-xylose(aq) = D-xylulose(aq),Tewari Y.B.; Steckler D.K.; Goldberg R.N.; Biophys. Chem.; 22 181 (1985).,85TEW/STE_1329,17007786.0,10.1016/0301-4622(85)80041-7,313.15,7.4, , ,calorimetry,phosphate (~0.025 mol dm-3), ,5.3.1.5, , , , ,16.85
3260,,2853.0,xylose isomerase,kegg:C00181 = kegg:C00310, ,D-xylose(aq) = D-xylulose(aq),Tewari Y.B.; Steckler D.K.; Goldberg R.N.; Biophys. Chem.; 22 181 (1985).,85TEW/STE_1329,17007786.0,10.1016/0301-4622(85)80041-7,320.15,7.4, , ,calorimetry,phosphate (~0.025 mol dm-3), ,5.3.1.5, , , , ,16.55
3261,,2856.0,xylose isomerase,kegg:C00181 = kegg:C00310, ,D-xylose(aq) = D-xylulose(aq),Tewari Y.B.; Steckler D.K.; Goldberg R.N.; Biophys. Chem.; 22 181 (1985).,85TEW/STE_1329,17007786.0,10.1016/0301-4622(85)80041-7,325.35,7.4, , ,calorimetry,phosphate (~0.025 mol dm-3), ,5.3.1.5, , , , ,17.26
3262,,2855.0,xylose isomerase,kegg:C00181 = kegg:C00310, ,D-xylose(aq) = D-xylulose(aq),Tewari Y.B.; Steckler D.K.; Goldberg R.N.; Biophys. Chem.; 22 181 (1985).,85TEW/STE_1329,17007786.0,10.1016/0301-4622(85)80041-7,331.65,7.4, , ,calorimetry,phosphate (~0.025 mol dm-3), ,5.3.1.5, , , , ,17.57
3263,,2854.0,xylose isomerase,kegg:C00181 = kegg:C00310, ,D-xylose(aq) = D-xylulose(aq),Tewari Y.B.; Steckler D.K.; Goldberg R.N.; Biophys. Chem.; 22 181 (1985).,85TEW/STE_1329,17007786.0,10.1016/0301-4622(85)80041-7,338.15,7.4, , ,calorimetry,phosphate (~0.025 mol dm-3), ,5.3.1.5, , , , ,17.64
3264,,704.0,tryptophan synthase,kegg:C00118 + kegg:C00463 = kegg:C03506, ,D-glyceraldehyde 3-phosphate(aq) + indole(aq) = 1-(indol-3-yl)glycerol 3-phosphate(aq),Wiesinger H.; Hinz H.J.; Arch. Biochem. Biophys.; 242 440 (1985).,85WIE/HIN_1180, , ,298.15,7.5, , ,calorimetry and spectrophotometry,sodium diphosphate (0.1 mol dm-3), ,4.2.1.20, , , , ,-33.8
3265,,700.0,tryptophan synthase,kegg:C00463 + kegg:C00065 = kegg:C00078 + kegg:C00001, ,indole(aq) + L-serine(aq) = L-tryptophan(aq) + H2O(l),Wiesinger H.; Hinz H.J.; Arch. Biochem. Biophys.; 242 440 (1985).,85WIE/HIN_1183, , ,283.15,7.5, , ,calorimetry and spectrophotometry,sodium diphosphate (0.1 mol dm-3) and Tris (0.2 mol dm-3), ,4.2.1.20, , , , ,-78.7
3266,,701.0,tryptophan synthase,kegg:C00463 + kegg:C00065 = kegg:C00078 + kegg:C00001, ,indole(aq) + L-serine(aq) = L-tryptophan(aq) + H2O(l),Wiesinger H.; Hinz H.J.; Arch. Biochem. Biophys.; 242 440 (1985).,85WIE/HIN_1183, , ,298.15,7.5, , ,calorimetry and spectrophotometry,sodium diphosphate (0.1 mol dm-3) and Tris (0.2 mol dm-3), ,4.2.1.20, , , , ,-80.3
3267,,703.0,tryptophan synthase,kegg:C00463 + kegg:C00065 = kegg:C00078 + kegg:C00001, ,indole(aq) + L-serine(aq) = L-tryptophan(aq) + H2O(l),Wiesinger H.; Hinz H.J.; Arch. Biochem. Biophys.; 242 440 (1985).,85WIE/HIN_1183, , ,298.15,7.5, , ,calorimetry and spectrophotometry,sodium diphosphate (0.1 mol dm-3) and Tris (0.2 mol dm-3), ,4.2.1.20, , , , ,-81.2
3268,,702.0,tryptophan synthase,kegg:C00463 + kegg:C00065 = kegg:C00078 + kegg:C00001, ,indole(aq) + L-serine(aq) = L-tryptophan(aq) + H2O(l),Wiesinger H.; Hinz H.J.; Arch. Biochem. Biophys.; 242 440 (1985).,85WIE/HIN_1183, , ,308.15,7.5, , ,calorimetry and spectrophotometry,sodium diphosphate (0.1 mol dm-3) and Tris (0.2 mol dm-3), ,4.2.1.20, , , , ,-80.6
3269,,706.0,tryptophan synthase,kegg:C03506 + kegg:C00065 = kegg:C00078 + kegg:C00118 + kegg:C00001, ,1-(indol-3-yl)glycerol 3-phosphate(aq) + L-serine(aq) = L-tryptophan(aq) + D-glyceraldehyde 3-phosphate(aq) + H2O(l),Wiesinger H.; Hinz H.J.; Arch. Biochem. Biophys.; 242 440 (1985).,85WIE/HIN_1185, , ,298.15,7.5, , ,calorimetry and spectrophotometry,sodium diphosphate (0.1 mol dm-3), ,4.2.1.20, , , , ,-34
3270,,705.0,tryptophan synthase,kegg:C00065 = kegg:C00022 + kegg:C00014, ,L-serine(aq) = pyruvate(aq) + ammonia(aq),Wiesinger H.; Hinz H.J.; Arch. Biochem. Biophys.; 242 440 (1985).,85WIE/HIN_1187,3933423.0,10.1016/0003-9861(85)90228-0,308.15,7.5, , ,calorimetry,sodium diphosphate (0.1 mol dm-3), ,4.2.1.20, , , , ,-7.3
3271,3513.0,943.0,ribulose-phosphate 3-epimerase,kegg:C00199 = kegg:C00231,CHB_17363 = CHB_16332,D-ribulose 5-phosphate(aq) = D-xylulose 5-phosphate(aq),Casazza J.P.; Veech R.L.; J. Biol. Chem.; 261 690 (1986).,86CAS/VEE2_1248, , ,311.15,7.0,1.82, ,enzymatic assay and spectrophotometry,phosphate (0.020 mol dm-3),3.0 = -log[Mg+2] _ mol/L;IS=0.25;(Mg)1=0.001 _ Mg2+ (0.001 mol/L) _ ,5.1.3.1, ,0.001 Mg2+,0.25, , 
3272,3512.0,919.0,ribose-5-phosphate isomerase,kegg:C00117 = kegg:C00199,CHB_52742 = CHB_17363,D-ribose 5-phosphate(aq) = D-ribulose 5-phosphate(aq),Casazza J.P.; Veech R.L.; J. Biol. Chem.; 261 690 (1986).,86CAS/VEE2_1338, , ,311.15,7.0,0.83, ,enzymatic assay and spectrophotometry,phosphate (0.020 mol dm-3),3.0 = -log[Mg+2] _ mol/L;IS=0.25;(Mg)1=0.001 _ Mg2+ (0.001 mol/L) _ ,5.3.1.6, ,0.001 Mg2+,0.25, , 
3273,3506.0,3135.0,glucose-6-phosphate dehydrogenase and 6-phosphogluconolactonase,kegg:C00092 + kegg:C00006 + kegg:C00001 = kegg:C00345 + kegg:C00005,CHB_15377 + CHB_18009 + CHB_4170 = CHB_16474 + CHB_48928,D-glucose 6-phosphate(aq) + NADP(aq) + H2O(l) = 6-phospho-D-gluconate(aq) + NADPH(aq),Casazza J.P.; Veech R.L.; J. Biol. Chem.; 261 690 (1986).,86CAS/VEE2_165, , ,311.15,6.03,1500, ,enzymatic assay and spectrophotometry, ,mol/L;imidazole buffer=0.05;(Mg)1(Cl)2=0.006  ,1.1.1.49 & 1.1.1.49 & 3.1.1.31 & 3.1.1.31, , , , , 
3274,3508.0,3136.0,glucose-6-phosphate dehydrogenase and 6-phosphogluconolactonase,kegg:C00092 + kegg:C00006 + kegg:C00001 = kegg:C00345 + kegg:C00005,CHB_15377 + CHB_18009 + CHB_4170 = CHB_16474 + CHB_48928,D-glucose 6-phosphate(aq) + NADP(aq) + H2O(l) = 6-phospho-D-gluconate(aq) + NADPH(aq),Casazza J.P.; Veech R.L.; J. Biol. Chem.; 261 690 (1986).,86CAS/VEE2_165, , ,311.15,6.47,8900, ,enzymatic assay and spectrophotometry, ,mol/L;imidazole buffer=0.05;(Mg)1(Cl)2=0.006  ,1.1.1.49 & 1.1.1.49 & 3.1.1.31 & 3.1.1.31, , , , , 
3275,3510.0,3137.0,glucose-6-phosphate dehydrogenase and 6-phosphogluconolactonase,kegg:C00092 + kegg:C00006 + kegg:C00001 = kegg:C00345 + kegg:C00005,CHB_15377 + CHB_18009 + CHB_4170 = CHB_16474 + CHB_48928,D-glucose 6-phosphate(aq) + NADP(aq) + H2O(l) = 6-phospho-D-gluconate(aq) + NADPH(aq),Casazza J.P.; Veech R.L.; J. Biol. Chem.; 261 690 (1986).,86CAS/VEE2_165, , ,311.15,7.03,83000, ,enzymatic assay and spectrophotometry, ,mol/L;imidazole buffer=0.05;(Mg)1(Cl)2=0.006  ,1.1.1.49 & 1.1.1.49 & 3.1.1.31 & 3.1.1.31, , , , , 
3276,3507.0,3500.0,glucose-6-phosphate dehydrogenase and 6-phosphogluconolactonase,kegg:C00092 + kegg:C00006 + kegg:C00001 = kegg:C00345 + kegg:C00005,CHB_15377 + CHB_18009 + CHB_4170 = CHB_16474 + CHB_48928,D-glucose 6-phosphate(aq) + NADP(aq) + H2O(l) = 6-phospho-D-gluconate(aq) + NADPH(aq),Casazza J.P.; Veech R.L.; J. Biol. Chem.; 261 690 (1986).,86CAS/VEE2_753,3079759.0, ,311.15,6.03,1500, ,enzymatic assay and spectrophotometry, ,mol/L;imidazole buffer=0.05;(Mg)1(Cl)2=0.006  ,1.1.1.49 & 1.1.1.49 & 3.1.1.31 & 3.1.1.31, , , , , 
3277,3509.0,3498.0,glucose-6-phosphate dehydrogenase and 6-phosphogluconolactonase,kegg:C00092 + kegg:C00006 + kegg:C00001 = kegg:C00345 + kegg:C00005,CHB_15377 + CHB_18009 + CHB_4170 = CHB_16474 + CHB_48928,D-glucose 6-phosphate(aq) + NADP(aq) + H2O(l) = 6-phospho-D-gluconate(aq) + NADPH(aq),Casazza J.P.; Veech R.L.; J. Biol. Chem.; 261 690 (1986).,86CAS/VEE2_753,3079759.0, ,311.15,6.47,8900, ,enzymatic assay and spectrophotometry, ,mol/L;imidazole buffer=0.05;(Mg)1(Cl)2=0.006  ,1.1.1.49 & 1.1.1.49 & 3.1.1.31 & 3.1.1.31, , , , , 
3278,3511.0,3499.0,glucose-6-phosphate dehydrogenase and 6-phosphogluconolactonase,kegg:C00092 + kegg:C00006 + kegg:C00001 = kegg:C00345 + kegg:C00005,CHB_15377 + CHB_18009 + CHB_4170 = CHB_16474 + CHB_48928,D-glucose 6-phosphate(aq) + NADP(aq) + H2O(l) = 6-phospho-D-gluconate(aq) + NADPH(aq),Casazza J.P.; Veech R.L.; J. Biol. Chem.; 261 690 (1986).,86CAS/VEE2_753,3079759.0, ,311.15,7.03,83000, ,enzymatic assay and spectrophotometry, ,mol/L;imidazole buffer=0.05;(Mg)1(Cl)2=0.006  ,1.1.1.49 & 1.1.1.49 & 3.1.1.31 & 3.1.1.31, , , , , 
3279,3503.0,2900.0,transketolase,kegg:C00085 + kegg:C00118 = kegg:C00279 + kegg:C00231,CHB_29052 + CHB_61553 = CHB_16332 + CHB_48153,D-fructose 6-phosphate(aq) + D-glyceraldehyde 3-phosphate(aq) = D-erythrose 4-phospahte(aq) + D-xylulose 5-phosphate(aq),Casazza J.P.; Veech R.L.; Anal. Biochem.; 159 243 (1986).,86CAS/VEE_366, , ,311.15,7.0,0.0373, ,enzymatic assay and spectrophotometry,imidazole (0.1 mol dm-3),3.0 = -log[Mg+2] _ mol/L;IS=0.25;(Mg)1=0.001 _ Mg2+ (0.001 mol/L) _ ,2.2.1.1, ,0.001 Mg2+,0.25, , 
3280,3505.0,2906.0,transketolase,kegg:C05382 + kegg:C00118 = kegg:C00117 + kegg:C00231,CHB_29052 + MAN_10207 = CHB_16332 + CHB_52742,sedoheptulose 7-phosphate(aq) + D-glyceraldehyde 3-phosphate(aq) = D-ribose 5-phosphate(aq) + D-xylulose 5-phosphate(aq),Casazza J.P.; Veech R.L.; Anal. Biochem.; 159 243 (1986).,86CAS/VEE_369, , ,311.15,7.0,0.48, ,enzymatic assay and spectrophotometry,thiamine pyrophosphate,3.0 = -log[Mg+2] _ mol/L;IS=0.25;(Mg)1=0.001 _ Mg2+ (0.001 mol/L) _ ,2.2.1.1, ,0.001 Mg2+,0.25, , 
3281,3504.0,2715.0,transaldolase,kegg:C05382 + kegg:C00118 = kegg:C00279 + kegg:C00085,CHB_29052 + MAN_10207 = CHB_48153 + CHB_61553,sedoheptulose 7-phosphate(aq) + D-glyceraldehyde 3-phosphate(aq) = D-erythrose 4-phosphate(aq) + D-fructose 6-phosphate(aq),Casazza J.P.; Veech R.L.; Anal. Biochem.; 159 243 (1986).,86CAS/VEE_374,3826613.0,10.1016/0003-2697(86)90338-6,311.15,7.0,0.37, ,enzymatic assay and spectrophotometry,imidazole (0.05 mol dm-3),3.0 = -log[Mg+2] _ mol/L;IS=0.25;(Mg)1=0.001 _ Mg2+ (0.001 mol/L) _ ,2.2.1.2, ,0.001 Mg2+,0.25, , 
3282,3542.0,710.0,AMP nucleosidase,kegg:C00020 + kegg:C00001 = kegg:C00147 + kegg:C00117,CHB_15377 + CHB_16027 = CHB_16708 + CHB_52742,AMP(aq) + H2O(l) = adenine(aq) + D-ribose 5-phosphate(aq),DeWolf W.E.; Emig F.A.; Schramm V.L.; Biochemistry; 25 4132 (1986).,86DEW/EMI_946,3741845.0,10.1021/bi00362a022,303.15,8.0,170, ,HPLC,triethanolamine (0.1 mol dm-3) + HCl,mol/L;triethanolamine-HCl=0.1;(K)1=0.2  ,3.2.2.4, , , , , 
3283,,3048.0,myosin ATPase,kegg:C00002 + kegg:C00001 = kegg:C00008 + kegg:C00009, ,ATP(aq) + H2O(l) = ADP(aq) + orthophosphate(aq),Gajewski E.; Steckler D.K.; Goldberg R.N.; J. Biol. Chem.; 261 12733 (1986).,86GAJ/STE_1074,3528161.0, ,298.15,6.42, , ,calorimetry,Tris + HCl, ,3.6.1.32, ,0.0 KCl & 0.1 Tris, , ,-54.88
3284,,3058.0,myosin ATPase,kegg:C00002 + kegg:C00001 = kegg:C00008 + kegg:C00009, ,ATP(aq) + H2O(l) = ADP(aq) + orthophosphate(aq),Gajewski E.; Steckler D.K.; Goldberg R.N.; J. Biol. Chem.; 261 12733 (1986).,86GAJ/STE_1074,3528161.0, ,298.15,7.16, , ,calorimetry,Tris + HCl, ,3.6.1.32, ,0.0 KCl & 0.1 Tris, , ,-59.4
3285,,3063.0,myosin ATPase,kegg:C00002 + kegg:C00001 = kegg:C00008 + kegg:C00009, ,ATP(aq) + H2O(l) = ADP(aq) + orthophosphate(aq),Gajewski E.; Steckler D.K.; Goldberg R.N.; J. Biol. Chem.; 261 12733 (1986).,86GAJ/STE_1074,3528161.0, ,298.15,7.55, , ,calorimetry,Tris + HCl, ,3.6.1.32, ,0.0 KCl & 0.1 Tris, , ,-65.32
3286,,3065.0,myosin ATPase,kegg:C00002 + kegg:C00001 = kegg:C00008 + kegg:C00009, ,ATP(aq) + H2O(l) = ADP(aq) + orthophosphate(aq),Gajewski E.; Steckler D.K.; Goldberg R.N.; J. Biol. Chem.; 261 12733 (1986).,86GAJ/STE_1074,3528161.0, ,298.15,7.86, , ,calorimetry,Tris + HCl, ,3.6.1.32, ,0.1 Tris & 0.6 KCl, , ,-67.07
3287,,3049.0,myosin ATPase,kegg:C00002 + kegg:C00001 = kegg:C00008 + kegg:C00009, ,ATP(aq) + H2O(l) = ADP(aq) + orthophosphate(aq),Gajewski E.; Steckler D.K.; Goldberg R.N.; J. Biol. Chem.; 261 12733 (1986).,86GAJ/STE_1074,3528161.0, ,298.15,7.9, , ,calorimetry,Tris + HCl, ,3.6.1.32, ,0.0 KCl & 0.1 Tris, , ,-65.87
3288,,3054.0,myosin ATPase,kegg:C00002 + kegg:C00001 = kegg:C00008 + kegg:C00009, ,ATP(aq) + H2O(l) = ADP(aq) + orthophosphate(aq),Gajewski E.; Steckler D.K.; Goldberg R.N.; J. Biol. Chem.; 261 12733 (1986).,86GAJ/STE_1074,3528161.0, ,298.15,8.14, , ,calorimetry,Tris + HCl, ,3.6.1.32, ,0.1 Tris & 0.6 KCl, , ,-68.28
3289,,3061.0,myosin ATPase,kegg:C00002 + kegg:C00001 = kegg:C00008 + kegg:C00009, ,ATP(aq) + H2O(l) = ADP(aq) + orthophosphate(aq),Gajewski E.; Steckler D.K.; Goldberg R.N.; J. Biol. Chem.; 261 12733 (1986).,86GAJ/STE_1074,3528161.0, ,298.15,8.19, , ,calorimetry,Tris + HCl, ,3.6.1.32, ,0.1 Tris & 0.6 KCl, , ,-68.17
3290,,3062.0,myosin ATPase,kegg:C00002 + kegg:C00001 = kegg:C00008 + kegg:C00009, ,ATP(aq) + H2O(l) = ADP(aq) + orthophosphate(aq),Gajewski E.; Steckler D.K.; Goldberg R.N.; J. Biol. Chem.; 261 12733 (1986).,86GAJ/STE_1074,3528161.0, ,298.15,8.32, , ,calorimetry,Tris + HCl, ,3.6.1.32, ,0.0 KCl & 0.1 Tris, , ,-67.57
3291,,3060.0,myosin ATPase,kegg:C00002 + kegg:C00001 = kegg:C00008 + kegg:C00009, ,ATP(aq) + H2O(l) = ADP(aq) + orthophosphate(aq),Gajewski E.; Steckler D.K.; Goldberg R.N.; J. Biol. Chem.; 261 12733 (1986).,86GAJ/STE_1074,3528161.0, ,298.15,8.41, , ,calorimetry,Tris + HCl, ,3.6.1.32, ,0.0 KCl & 0.1 Tris, , ,-68.28
3292,,3057.0,myosin ATPase,kegg:C00002 + kegg:C00001 = kegg:C00008 + kegg:C00009, ,ATP(aq) + H2O(l) = ADP(aq) + orthophosphate(aq),Gajewski E.; Steckler D.K.; Goldberg R.N.; J. Biol. Chem.; 261 12733 (1986).,86GAJ/STE_1074,3528161.0, ,298.15,8.45, , ,calorimetry,Tris + HCl, ,3.6.1.32, ,0.1 Tris & 0.6 KCl, , ,-68.11
3293,,3052.0,myosin ATPase,kegg:C00002 + kegg:C00001 = kegg:C00008 + kegg:C00009, ,ATP(aq) + H2O(l) = ADP(aq) + orthophosphate(aq),Gajewski E.; Steckler D.K.; Goldberg R.N.; J. Biol. Chem.; 261 12733 (1986).,86GAJ/STE_1074,3528161.0, ,298.15,8.53, , ,calorimetry,Tris + HCl, ,3.6.1.32, ,0.0 KCl & 0.6 Tris, , ,-70.23
3294,,3053.0,myosin ATPase,kegg:C00002 + kegg:C00001 = kegg:C00008 + kegg:C00009, ,ATP(aq) + H2O(l) = ADP(aq) + orthophosphate(aq),Gajewski E.; Steckler D.K.; Goldberg R.N.; J. Biol. Chem.; 261 12733 (1986).,86GAJ/STE_1074,3528161.0, ,298.15,8.55, , ,calorimetry,Tris + HCl, ,3.6.1.32, ,0.0 KCl & 1.0 Tris, , ,-71.75
3295,,3051.0,myosin ATPase,kegg:C00002 + kegg:C00001 = kegg:C00008 + kegg:C00009, ,ATP(aq) + H2O(l) = ADP(aq) + orthophosphate(aq),Gajewski E.; Steckler D.K.; Goldberg R.N.; J. Biol. Chem.; 261 12733 (1986).,86GAJ/STE_1074,3528161.0, ,298.15,8.57, , ,calorimetry,Tris + HCl, ,3.6.1.32, ,0.0 KCl & 0.25 Tris, , ,-68.66
3296,,3050.0,myosin ATPase,kegg:C00002 + kegg:C00001 = kegg:C00008 + kegg:C00009, ,ATP(aq) + H2O(l) = ADP(aq) + orthophosphate(aq),Gajewski E.; Steckler D.K.; Goldberg R.N.; J. Biol. Chem.; 261 12733 (1986).,86GAJ/STE_1074,3528161.0, ,298.15,8.59, , ,calorimetry,Tris + HCl, ,3.6.1.32, ,0.0 KCl & 0.1 Tris, , ,-68.03
3297,,3059.0,myosin ATPase,kegg:C00002 + kegg:C00001 = kegg:C00008 + kegg:C00009, ,ATP(aq) + H2O(l) = ADP(aq) + orthophosphate(aq),Gajewski E.; Steckler D.K.; Goldberg R.N.; J. Biol. Chem.; 261 12733 (1986).,86GAJ/STE_1074,3528161.0, ,298.15,8.63, , ,calorimetry,Tris + HCl, ,3.6.1.32, ,0.0 KCl & 0.1 Tris, , ,-67.5
3298,,3056.0,myosin ATPase,kegg:C00002 + kegg:C00001 = kegg:C00008 + kegg:C00009, ,ATP(aq) + H2O(l) = ADP(aq) + orthophosphate(aq),Gajewski E.; Steckler D.K.; Goldberg R.N.; J. Biol. Chem.; 261 12733 (1986).,86GAJ/STE_1074,3528161.0, ,298.15,8.8, , ,calorimetry,Tris + HCl, ,3.6.1.32, ,0.0 KCl & 0.1 Tris, , ,-68.1
3299,,3064.0,myosin ATPase,kegg:C00002 + kegg:C00001 = kegg:C00008 + kegg:C00009, ,ATP(aq) + H2O(l) = ADP(aq) + orthophosphate(aq),Gajewski E.; Steckler D.K.; Goldberg R.N.; J. Biol. Chem.; 261 12733 (1986).,86GAJ/STE_1074,3528161.0, ,304.15,8.42, , ,calorimetry,Tris + HCl, ,3.6.1.32, ,0.0 KCl & 0.1 Tris, , ,-69.16
3300,,3055.0,myosin ATPase,kegg:C00002 + kegg:C00001 = kegg:C00008 + kegg:C00009, ,ATP(aq) + H2O(l) = ADP(aq) + orthophosphate(aq),Gajewski E.; Steckler D.K.; Goldberg R.N.; J. Biol. Chem.; 261 12733 (1986).,86GAJ/STE_1074,3528161.0, ,309.95,8.42, , ,calorimetry,Tris + HCl, ,3.6.1.32, ,0.0 KCl & 0.1 Tris, , ,-70.25
3301,3543.0,3576.0,aspartate ammonia-lyase,kegg:C00049 = kegg:C00122 + kegg:C00014,CHB_29991 = CHB_16134 + CHB_29806,L-aspartate(aq) = fumarate(aq) + ammonia(aq),Goldberg R.N.; Gajewski E.; Steckler D.K.; Tewari Y.B.; Biophys. Chem.; 24 13 (1986).,86GOL/GAJ_1212, , ,286.15,7.43, ,0.00331,HPLC,phosphate,mol/L;IS=0.15  ,4.3.1.1, , , , , 
3302,3544.0,3577.0,aspartate ammonia-lyase,kegg:C00049 = kegg:C00122 + kegg:C00014,CHB_29991 = CHB_16134 + CHB_29806,L-aspartate(aq) = fumarate(aq) + ammonia(aq),Goldberg R.N.; Gajewski E.; Steckler D.K.; Tewari Y.B.; Biophys. Chem.; 24 13 (1986).,86GOL/GAJ_1212, , ,292.15,7.39, ,0.00374,HPLC,phosphate,mol/L;IS=0.15  ,4.3.1.1, , , , , 
3303,3545.0,3570.0,aspartate ammonia-lyase,kegg:C00049 = kegg:C00122 + kegg:C00014,CHB_29991 = CHB_16134 + CHB_29806,L-aspartate(aq) = fumarate(aq) + ammonia(aq),Goldberg R.N.; Gajewski E.; Steckler D.K.; Tewari Y.B.; Biophys. Chem.; 24 13 (1986).,86GOL/GAJ_1212, , ,298.25,7.37, ,0.00471,HPLC,phosphate,mol/L;IS=0.15  ,4.3.1.1, , , , , 
3304,3547.0,3571.0,aspartate ammonia-lyase,kegg:C00049 = kegg:C00122 + kegg:C00014,CHB_29991 = CHB_16134 + CHB_29806,L-aspartate(aq) = fumarate(aq) + ammonia(aq),Goldberg R.N.; Gajewski E.; Steckler D.K.; Tewari Y.B.; Biophys. Chem.; 24 13 (1986).,86GOL/GAJ_1212, , ,304.25,7.33, ,0.00559,HPLC,phosphate,mol/L;IS=0.15  ,4.3.1.1, , , , , 
3305,3550.0,3575.0,aspartate ammonia-lyase,kegg:C00049 = kegg:C00122 + kegg:C00014,CHB_29991 = CHB_16134 + CHB_29806,L-aspartate(aq) = fumarate(aq) + ammonia(aq),Goldberg R.N.; Gajewski E.; Steckler D.K.; Tewari Y.B.; Biophys. Chem.; 24 13 (1986).,86GOL/GAJ_1212, , ,310.15,7.24, ,0.00854,HPLC,phosphate,mol/L;IS=0.366  ,4.3.1.1, , , , , 
3306,3546.0,3572.0,aspartate ammonia-lyase,kegg:C00049 = kegg:C00122 + kegg:C00014,CHB_29991 = CHB_16134 + CHB_29806,L-aspartate(aq) = fumarate(aq) + ammonia(aq),Goldberg R.N.; Gajewski E.; Steckler D.K.; Tewari Y.B.; Biophys. Chem.; 24 13 (1986).,86GOL/GAJ_1212, , ,310.15,7.3, ,0.00507,HPLC,phosphate,mol/L;IS=0.08  ,4.3.1.1, , , , , 
3307,3548.0,3573.0,aspartate ammonia-lyase,kegg:C00049 = kegg:C00122 + kegg:C00014,CHB_29991 = CHB_16134 + CHB_29806,L-aspartate(aq) = fumarate(aq) + ammonia(aq),Goldberg R.N.; Gajewski E.; Steckler D.K.; Tewari Y.B.; Biophys. Chem.; 24 13 (1986).,86GOL/GAJ_1212, , ,310.25,7.29, ,0.00669,HPLC,phosphate,mol/L;IS=0.15  ,4.3.1.1, , , , , 
3308,3549.0,3574.0,aspartate ammonia-lyase,kegg:C00049 = kegg:C00122 + kegg:C00014,CHB_29991 = CHB_16134 + CHB_29806,L-aspartate(aq) = fumarate(aq) + ammonia(aq),Goldberg R.N.; Gajewski E.; Steckler D.K.; Tewari Y.B.; Biophys. Chem.; 24 13 (1986).,86GOL/GAJ_1212, , ,316.25,7.35, ,0.00763,HPLC,phosphate,mol/L;IS=0.15  ,4.3.1.1, , , , , 
3309,,3578.0,aspartate ammonia-lyase,kegg:C00049 = kegg:C00122 + kegg:C00014, ,L-aspartate(aq) = fumarate(aq) + ammonia(aq),Goldberg R.N.; Gajewski E.; Steckler D.K.; Tewari Y.B.; Biophys. Chem.; 24 13 (1986).,86GOL/GAJ_1213,17007794.0,10.1016/0301-4622(86)85054-2,298.15,7.27, , ,calorimetry,phosphate, ,4.3.1.1, , , ,0.133,24.8
3310,,3579.0,aspartate ammonia-lyase,kegg:C00049 = kegg:C00122 + kegg:C00014, ,L-aspartate(aq) = fumarate(aq) + ammonia(aq),Goldberg R.N.; Gajewski E.; Steckler D.K.; Tewari Y.B.; Biophys. Chem.; 24 13 (1986).,86GOL/GAJ_1213,17007794.0,10.1016/0301-4622(86)85054-2,304.15,7.28, , ,calorimetry,phosphate, ,4.3.1.1, , , ,0.133,24.7
3311,,3583.0,aspartate ammonia-lyase,kegg:C00049 = kegg:C00122 + kegg:C00014, ,L-aspartate(aq) = fumarate(aq) + ammonia(aq),Goldberg R.N.; Gajewski E.; Steckler D.K.; Tewari Y.B.; Biophys. Chem.; 24 13 (1986).,86GOL/GAJ_1213,17007794.0,10.1016/0301-4622(86)85054-2,310.15,7.27, , ,calorimetry,phosphate, ,4.3.1.1, , , ,0.334,23.1
3312,,3582.0,aspartate ammonia-lyase,kegg:C00049 = kegg:C00122 + kegg:C00014, ,L-aspartate(aq) = fumarate(aq) + ammonia(aq),Goldberg R.N.; Gajewski E.; Steckler D.K.; Tewari Y.B.; Biophys. Chem.; 24 13 (1986).,86GOL/GAJ_1213,17007794.0,10.1016/0301-4622(86)85054-2,310.15,7.28, , ,calorimetry,phosphate, ,4.3.1.1, , , ,0.182,23.8
3313,,3580.0,aspartate ammonia-lyase,kegg:C00049 = kegg:C00122 + kegg:C00014, ,L-aspartate(aq) = fumarate(aq) + ammonia(aq),Goldberg R.N.; Gajewski E.; Steckler D.K.; Tewari Y.B.; Biophys. Chem.; 24 13 (1986).,86GOL/GAJ_1213,17007794.0,10.1016/0301-4622(86)85054-2,310.15,7.3, , ,calorimetry,phosphate, ,4.3.1.1, , , ,0.066,24.2
3314,,3581.0,aspartate ammonia-lyase,kegg:C00049 = kegg:C00122 + kegg:C00014, ,L-aspartate(aq) = fumarate(aq) + ammonia(aq),Goldberg R.N.; Gajewski E.; Steckler D.K.; Tewari Y.B.; Biophys. Chem.; 24 13 (1986).,86GOL/GAJ_1213,17007794.0,10.1016/0301-4622(86)85054-2,310.15,7.32, , ,calorimetry,phosphate, ,4.3.1.1, , , ,0.134,23.7
3315,3551.0,2727.0,arginine kinase,kegg:C00002 + kegg:C00062 = kegg:C00008 + kegg:C05945,CHB_15422 + CHB_16467 = CHB_16761 + CHB_18412,ATP(aq) + L-arginine(aq) = ADP(aq) + NÏ‰-phospho-L-arginine(aq),Graham R.A.; Ellington W.R.; Chih C.P.; Biochim. Biophys. Acta; 887 157 (1986).,86GRA/ELL_620, , ,298.15,7.1,0.0186, ,NMR,imidazole (0.050 mol dm-3) + HCl,mol/L;imidazole-HCl=0.05;L-arginine=0.015;ATP=0.005;(Mg)1(Cl)2=0.006;DTT=0.002;(K)1(Cl)1=0.3;ADP=0;N-w-phospho-L-arginine=0  ,2.7.3.3, , , , , 
3316,3552.0,4450.0,_-galactosidase,kegg:C00243 + kegg:C00001 = kegg:C00124 + kegg:C00031,CHB_15377 + CHB_36219 = CHB_4139 + CHB_4167,lactose(aq) + H2O(l) = D-galactose(aq) + D-glucose(aq),Huber R.E.; Hurlburt K.L.; Arch. Biochem. Biophys.; 246 411 (1986).,86HUB/HUR_930,3083779.0,10.1016/0003-9861(86)90487-x,298.15,7.0,86, ,gas-liquid chromatography,Tes,   ,3.2.1.23, , , , , 
3317,3553.0,3553.0,creatine kinase,kegg:C00002 + kegg:C00300 = kegg:C00008 + kegg:C02305,CHB_15422 + CHB_16919 = CHB_16761 + CHB_17287,ATP(aq) + creatine(aq) = ADP(aq) + phosphocreatine(aq),Kim I.-H.; Lee H.-J.; Korean Biochem. J.; 19 47 (1986).,86KIM/LEE_601, , ,303.15,7.4,0.011, , ,Hepes (0.020 mol dm-3),   ,2.7.3.2, , , , , 
3318,3554.0,4112.0,3-hydroxybutyrate dehydrogenase,kegg:C01089 + kegg:C00003 = kegg:C00164 + kegg:C00004,CHB_10983 + CHB_15846 = CHB_13705 + CHB_16908,(R)-3-hydroxybutanoate(aq) + NAD(aq) = 3-oxobutanoate(aq) + NADH(aq),Konstanczak J.; Polster J.; Z. Naturforsch. A: Phys. Phys. Chem. Kosmophys.; 41 1352 (1986).,86KON/POL_121, , ,298.15,9.15,1.66, ,spectrophotometry,glycine,   ,1.1.1.30, , , , , 
3319,3555.0,3584.0,adenylate kinase,kegg:C00002 + kegg:C00008 = kegg:C03483 + kegg:C00020,CHB_15422 + CHB_16761 = CHB_16027 + CHB_18334,ATP(aq) + ADP(aq) = adenosine 5'-tetraphosphate(aq) + AMP(aq),Kupriyanov V.V.; Ferretti J.A.; Balaban R.S.; Biochim. Biophys. Acta; 869 107 (1986).,86KUP/FER_661, , ,303.15,8.0,0.1, ,NMR,{Tris (0.10 mol dm-3) + HCl} and {triethanolamine (0.10 mol dm-3) + HCl},mol/L;Tris-HCl=0.08;triethanolamine-HCl=0.08;DTT=0.005;ATP=0.02;(Mg)1(SO4)1=0.08;ADP=0.0002;AMP=0;adenosine 5'-tetraphosphate=0  ,2.7.4.3, , , , , 
3320,3556.0,2851.0,D-lactate dehydrogenase,kegg:C00256 + kegg:C00003 = kegg:C00022 + kegg:C00004,CHB_15846 + CHB_16004 = CHB_15361 + CHB_16908,(R)-lactate(aq) + NAD(aq) = pyruvate(aq) + NADH(aq),Meinardus-Hager G.; Gdde G.; J. Comp. Physiol. B; 156 873 (1986) .,86MEI/GAD_111, , ,298.15,7.0,1.40E-05, ,spectrophotometry,potassium phosphate (0.20 mol dm-3),mol/L;potassium phosphate buffer=0.2  ,1.1.1.28, , , , , 
3321,3559.0,242.0,D-octopine dehydrogenase,kegg:C04137 + kegg:C00003 + kegg:C00001 = kegg:C00062 + kegg:C00022 + kegg:C00004,CHB_15377 + CHB_15805 + CHB_15846 = CHB_15361 + CHB_16467 + CHB_16908,N2-(D-1-carboxyethyl)-L-arginine(aq) + NAD(aq) + H2O(l) = L-arginine(aq) + pyruvate(aq) + NADH(aq),Meinardus-Hager G.; Gdde G.; J. Comp. Physiol. B; 156 873 (1986) .,86MEI/GAD_302, , ,298.15,7.0,3.00E-06, ,spectrophotometry,potassium phosphate (0.20 mol dm-3),mol/L;potassium phosphate buffer=0.2  ,1.5.1.11, , , , , 
3322,3557.0,240.0,alanopine dehydrogenase,kegg:C03210 + kegg:C00003 + kegg:C00001 = kegg:C00041 + kegg:C00022 + kegg:C00004,CHB_15377 + CHB_15846 + CHB_857 = CHB_15361 + CHB_16908 + CHB_16977,"2,2'-iminodipropanoate(aq) + NAD(aq) + H2O(l) = L-alanine(aq) + pyruvate(aq) + NADH(aq)",Meinardus-Hager G.; Gdde G.; J. Comp. Physiol. B; 156 873 (1986) .,86MEI/GAD_306, , ,298.15,7.0,1.00E-06, ,spectrophotometry,potassium phosphate (0.20 mol dm-3),mol/L;potassium phosphate buffer=0.2  ,1.5.1.17, , , , , 
3323,3558, ,alanopine dehydrogenase, ,CHB_15377 + CHB_15846 + CHB_16439 = CHB_15361 + CHB_15428 + CHB_16908,2-methyliminodiacetate(aq) + NAD(aq) + H2O(l) = glycine(aq) + pyruvate(aq) + NADH(aq),Meinardus-Hager G.; Gdde G.; J. Comp. Physiol. B; 156 873 (1986) .,86MEI/GAD_307, , ,298.15,7.0,3.70E-07, ,spectrophotometry,potassium phosphate (0.20 mol dm-3),mol/L;potassium phosphate buffer=0.2 _ nan _ ,1.5.1.17, , ,, , 
3324,3560.0, ,creatine kinase, ,CHB_15968 + CHB_17287 = CHB_16919 + MAN_10076,phosphocreatine(aq) + Î²-guanadinopropionate(aq) = creatine(aq) + phospho-Î²-guanadinopropionate(aq),Meyer R.A.; Brown T.R.; Krilowicz B.L.; Kushmerick M.J.; Am. J. Physiol.; 250 C264-C274 (1986).,86MEY/BRO_611, , ,298.15,7.06,3.06, ,enzymatic assay,Pipes (0.050 mol dm-3),mol/L;phosphocreatine=0.03;guanadinopropionate=0.03;ATP=0.008;(Mg)1(Cl)2=0.01;(K)1(Cl)1=0.05;creatine=0;phosphoguanadinopropionate=0;PIPES=0.05  ,2.7.3.2, , , , , 
3325,3561.0, ,thermolysin, ,CHB_15377 + MAN_10127 = CHS_2006119 + CHS_643364,N-(benzyloxycarbonyl)-L-aspartyl-L-phenylalanine methyl ester(aq) + H2O(l) = N-(benzyloxycarbonyl)-L-aspartic acid(aq) + L-phenylalanine methyl ester(aq),Nakanishi K.; Kimura Y.; Matsuno R.; Eur. J. Biochem.; 161 541 (1986).,86NAK/KIM_1081,3792308.0,10.1111/j.1432-1033.1986.tb10476.x,313.15,6.0,0.79, ,HPLC,Mes (0.05 M) + NaOH,mol/L;MES-NaOH=0.05;(Ca)1(Cl)2=0.005  ,3.4.24.27, , , , , 
3326,3562.0,2287.0,xylose isomerase,kegg:C00031 = kegg:C00095,CHB_4167 = CHB_37721,D-glucose(aq) = D-fructose(aq),Oliver S.P.; du Toit P.J.; Biotechnol. Bioeng.; 28 684 (1986).,86OLI/TOI_1317, , ,310.6,7.0,0.895, ,HPLC, ,mol/L;(Mg)1(SO4)1=0.01;(Co)1(Cl)2=0.001  ,5.3.1.5, , , , , 
3327,3563.0,2292.0,xylose isomerase,kegg:C00031 = kegg:C00095,CHB_4167 = CHB_37721,D-glucose(aq) = D-fructose(aq),Oliver S.P.; du Toit P.J.; Biotechnol. Bioeng.; 28 684 (1986).,86OLI/TOI_1317, , ,318.2,7.0,0.936, ,HPLC, ,mol/L;(Mg)1(SO4)1=0.01;(Co)1(Cl)2=0.001  ,5.3.1.5, , , , , 
3328,3564.0,2291.0,xylose isomerase,kegg:C00031 = kegg:C00095,CHB_4167 = CHB_37721,D-glucose(aq) = D-fructose(aq),Oliver S.P.; du Toit P.J.; Biotechnol. Bioeng.; 28 684 (1986).,86OLI/TOI_1317, , ,326.5,7.0,0.992, ,HPLC, ,mol/L;(Mg)1(SO4)1=0.01;(Co)1(Cl)2=0.001  ,5.3.1.5, , , , , 
3329,3565.0,2290.0,xylose isomerase,kegg:C00031 = kegg:C00095,CHB_4167 = CHB_37721,D-glucose(aq) = D-fructose(aq),Oliver S.P.; du Toit P.J.; Biotechnol. Bioeng.; 28 684 (1986).,86OLI/TOI_1317, , ,333.2,7.0,1.037, ,HPLC, ,mol/L;(Mg)1(SO4)1=0.01;(Co)1(Cl)2=0.001  ,5.3.1.5, , , , , 
3330,3566.0,2289.0,xylose isomerase,kegg:C00031 = kegg:C00095,CHB_4167 = CHB_37721,D-glucose(aq) = D-fructose(aq),Oliver S.P.; du Toit P.J.; Biotechnol. Bioeng.; 28 684 (1986).,86OLI/TOI_1317, , ,341.6,7.0,1.083, ,HPLC, ,mol/L;(Mg)1(SO4)1=0.01;(Co)1(Cl)2=0.001  ,5.3.1.5, , , , , 
3331,3567.0,2288.0,xylose isomerase,kegg:C00031 = kegg:C00095,CHB_4167 = CHB_37721,D-glucose(aq) = D-fructose(aq),Oliver S.P.; du Toit P.J.; Biotechnol. Bioeng.; 28 684 (1986).,86OLI/TOI_1317, , ,345.2,7.0,1.12, ,HPLC, ,mol/L;(Mg)1(SO4)1=0.01;(Co)1(Cl)2=0.001  ,5.3.1.5, , , , , 
3332,3568.0,1457.0,xylose isomerase,kegg:C00181 = kegg:C00310,CHB_53455 = CHS_388344,D-xylose(aq) = D-xylulose(aq),Oliver S.P.; du Toit P.J.; Biotechnol. Bioeng.; 28 684 (1986).,86OLI/TOI_1330,18555380.0,10.1002/bit.260280508,311.15,7.0,0.176, ,HPLC,Tris + maleate,mol/L;Tris-maleate buffer=0.091;(Mg)1(SO4)1=0.01;(Co)1(Cl)2=0.001  ,5.3.1.5, , , , , 
3333,3569.0,1454.0,xylose isomerase,kegg:C00181 = kegg:C00310,CHB_53455 = CHS_388344,D-xylose(aq) = D-xylulose(aq),Oliver S.P.; du Toit P.J.; Biotechnol. Bioeng.; 28 684 (1986).,86OLI/TOI_1330,18555380.0,10.1002/bit.260280508,318.15,7.0,0.209, ,HPLC,Tris + maleate,mol/L;Tris-maleate buffer=0.091;(Mg)1(SO4)1=0.01;(Co)1(Cl)2=0.001  ,5.3.1.5, , , , , 
3334,3570.0,1459.0,xylose isomerase,kegg:C00181 = kegg:C00310,CHB_53455 = CHS_388344,D-xylose(aq) = D-xylulose(aq),Oliver S.P.; du Toit P.J.; Biotechnol. Bioeng.; 28 684 (1986).,86OLI/TOI_1330,18555380.0,10.1002/bit.260280508,325.15,7.0,0.246, ,HPLC,Tris + maleate,mol/L;Tris-maleate buffer=0.091;(Mg)1(SO4)1=0.01;(Co)1(Cl)2=0.001  ,5.3.1.5, , , , , 
3335,3571.0,1455.0,xylose isomerase,kegg:C00181 = kegg:C00310,CHB_53455 = CHS_388344,D-xylose(aq) = D-xylulose(aq),Oliver S.P.; du Toit P.J.; Biotechnol. Bioeng.; 28 684 (1986).,86OLI/TOI_1330,18555380.0,10.1002/bit.260280508,331.15,7.0,0.282, ,HPLC,Tris + maleate,mol/L;Tris-maleate buffer=0.091;(Mg)1(SO4)1=0.01;(Co)1(Cl)2=0.001  ,5.3.1.5, , , , , 
3336,3572.0,1456.0,xylose isomerase,kegg:C00181 = kegg:C00310,CHB_53455 = CHS_388344,D-xylose(aq) = D-xylulose(aq),Oliver S.P.; du Toit P.J.; Biotechnol. Bioeng.; 28 684 (1986).,86OLI/TOI_1330,18555380.0,10.1002/bit.260280508,341.15,7.0,0.347, ,HPLC,Tris + maleate,mol/L;Tris-maleate buffer=0.091;(Mg)1(SO4)1=0.01;(Co)1(Cl)2=0.001  ,5.3.1.5, , , , , 
3337,3573.0,1458.0,xylose isomerase,kegg:C00181 = kegg:C00310,CHB_53455 = CHS_388344,D-xylose(aq) = D-xylulose(aq),Oliver S.P.; du Toit P.J.; Biotechnol. Bioeng.; 28 684 (1986).,86OLI/TOI_1330,18555380.0,10.1002/bit.260280508,348.15,7.0,0.4, ,HPLC,Tris + maleate,mol/L;Tris-maleate buffer=0.091;(Mg)1(SO4)1=0.01;(Co)1(Cl)2=0.001  ,5.3.1.5, , , , , 
3338,3574.0,277.0,xylose isomerase,kegg:C00031 = kegg:C00095,CHB_4167 = CHB_37721,D-glucose(aq) = D-fructose(aq),Polishchuk E.G.; Menyailova I.I.; Nachapetyan L.A.; Bioteknologiya; No. 5 pp. 79-82 (1986).,86POL/MEN_1318, , ,303.15,7.0,1.06, ,polarimetry, ,   ,5.3.1.5, , , , , 
3339,3575.0,280.0,xylose isomerase,kegg:C00031 = kegg:C00095,CHB_4167 = CHB_37721,D-glucose(aq) = D-fructose(aq),Polishchuk E.G.; Menyailova I.I.; Nachapetyan L.A.; Bioteknologiya; No. 5 pp. 79-82 (1986).,86POL/MEN_1318, , ,313.15,7.0,1.08, ,polarimetry, ,   ,5.3.1.5, , , , , 
3340,3576.0,278.0,xylose isomerase,kegg:C00031 = kegg:C00095,CHB_4167 = CHB_37721,D-glucose(aq) = D-fructose(aq),Polishchuk E.G.; Menyailova I.I.; Nachapetyan L.A.; Bioteknologiya; No. 5 pp. 79-82 (1986).,86POL/MEN_1318, , ,323.15,7.0,1.093, ,polarimetry, ,   ,5.3.1.5, , , , , 
3341,3577.0,279.0,xylose isomerase,kegg:C00031 = kegg:C00095,CHB_4167 = CHB_37721,D-glucose(aq) = D-fructose(aq),Polishchuk E.G.; Menyailova I.I.; Nachapetyan L.A.; Bioteknologiya; No. 5 pp. 79-82 (1986).,86POL/MEN_1318, , ,333.15,7.0,1.162, ,polarimetry, ,   ,5.3.1.5, , , , , 
3342,3578.0, ,peroxidase, ,CHB_16240 + CHB_18022 = CHB_15377 + MAN_10119,H2O2(aq) + thiocyanate(aq) = oxidized thiocyanate(aq) + H2O(l),Pruitt K.M.; Tenovuo J.; Mansson-Rahemtulla B.; Harrington P.; Baldone D.C.; Biochim. Biophys. Acta; 870 385 (1986).,86PRU/TEN_333, , ,310.15,7.0,3800, ,enzymatic assay and chemical analysis,phosphate,mol/L;potassium phosphate=0.01;(Na)1(Cl)1=0.03  ,1.11.1.7, , , , , 
3343,,1599.0,aminoacylase,kegg:C02712 + kegg:C00001 = kegg:C00033 + kegg:C00073, ,N-acetyl-L-methionine(aq) + H2O(l) = acetate(aq) + L-methionine(aq),Rekharsky M.V.; Skya A.Zh.; Lopatnev S.V.; Slozhenikina Yu.B.; Egorov A.M.; Gal'chenko G.L.; J. Biochem. Biophys. Methods; 12 247 (1986).,86REK/SKY_1025, , ,298.15,6.86, , ,calorimetry,phosphate (0.05 mol dm-3), ,3.5.1.14, , , , ,-1.3
3344,, ,aminoacylase, , ,phenylacetyl-L-phenylglycine(aq) + H2O(l) = phenylacetic acid(aq) + L-phenylglycine(aq),Rekharsky M.V.; Skya A.Zh.; Lopatnev S.V.; Slozhenikina Yu.B.; Egorov A.M.; Gal'chenko G.L.; J. Biochem. Biophys. Methods; 12 247 (1986).,86REK/SKY_1031, , ,298.15,6.86, , ,calorimetry,phosphate (0.05 mol dm-3), ,3.5.1.14, , , , ,-8.58
3345,3580, ,aminoacylase, ,CHB_15377 + CHB_40992 = CHB_16977 + CHB_30089,N-acetyl-L-alanine(aq) + H2O(l) = acetate(aq) + L-alanine(aq),Rvhm K.H.; Van Etten T.L.; Eur. J. Biochem.; 160 327 (1986).,86ROH/ETT_1020,3769932.0,10.1111/j.1432-1033.1986.tb09975.x,298.15,4.5,33, ,enzymatic assay and spectrophotometry,acetate (1.25 mol dm-3) phosphate (0.125 mol dm-3) and borate (0.125 mol dm-3),mol/L;L-alanine=0.05;acetate=1.25;N-acetyl-L-alanine=0;phosphate buffer=0.125;borate buffer=0.125;(Na)1(Cl)1=1.36322711022493 _ nan _ ,3.5.1.14, , ,, , 
3346,3581, ,aminoacylase, ,CHB_15377 + CHB_40992 = CHB_16977 + CHB_30089,N-acetyl-L-alanine(aq) + H2O(l) = acetate(aq) + L-alanine(aq),Rvhm K.H.; Van Etten T.L.; Eur. J. Biochem.; 160 327 (1986).,86ROH/ETT_1020,3769932.0,10.1111/j.1432-1033.1986.tb09975.x,298.15,5.0,25, ,enzymatic assay and spectrophotometry,acetate (1.25 mol dm-3) phosphate (0.125 mol dm-3) and borate (0.125 mol dm-3),mol/L;L-alanine=0.05;acetate=1.25;N-acetyl-L-alanine=0;phosphate buffer=0.125;borate buffer=0.125;(Na)1(Cl)1=1.01518253202359 _ nan _ ,3.5.1.14, , ,, , 
3347,3582, ,aminoacylase, ,CHB_15377 + CHB_40992 = CHB_16977 + CHB_30089,N-acetyl-L-alanine(aq) + H2O(l) = acetate(aq) + L-alanine(aq),Rvhm K.H.; Van Etten T.L.; Eur. J. Biochem.; 160 327 (1986).,86ROH/ETT_1020,3769932.0,10.1111/j.1432-1033.1986.tb09975.x,298.15,5.5,12, ,enzymatic assay and spectrophotometry,acetate (1.25 mol dm-3) phosphate (0.125 mol dm-3) and borate (0.125 mol dm-3),mol/L;L-alanine=0.05;acetate=1.25;N-acetyl-L-alanine=0;phosphate buffer=0.125;borate buffer=0.125;(Na)1(Cl)1=0.812620864790093 _ nan _ ,3.5.1.14, , ,, , 
3348,3583, ,aminoacylase, ,CHB_15377 + CHB_40992 = CHB_16977 + CHB_30089,N-acetyl-L-alanine(aq) + H2O(l) = acetate(aq) + L-alanine(aq),Rvhm K.H.; Van Etten T.L.; Eur. J. Biochem.; 160 327 (1986).,86ROH/ETT_1020,3769932.0,10.1111/j.1432-1033.1986.tb09975.x,298.15,6.0,7, ,enzymatic assay and spectrophotometry,acetate (1.25 mol dm-3) phosphate (0.125 mol dm-3) and borate (0.125 mol dm-3),mol/L;L-alanine=0.05;acetate=1.25;N-acetyl-L-alanine=0;phosphate buffer=0.125;borate buffer=0.125;(Na)1(Cl)1=0.678365717841427 _ nan _ ,3.5.1.14, , ,, , 
3349,3584, ,aminoacylase, ,CHB_15377 + CHB_40992 = CHB_16977 + CHB_30089,N-acetyl-L-alanine(aq) + H2O(l) = acetate(aq) + L-alanine(aq),Rvhm K.H.; Van Etten T.L.; Eur. J. Biochem.; 160 327 (1986).,86ROH/ETT_1020,3769932.0,10.1111/j.1432-1033.1986.tb09975.x,298.15,6.5,9, ,enzymatic assay and spectrophotometry,acetate (1.25 mol dm-3) phosphate (0.125 mol dm-3) and borate (0.125 mol dm-3),mol/L;L-alanine=0.05;acetate=1.25;N-acetyl-L-alanine=0;phosphate buffer=0.125;borate buffer=0.125;(Na)1(Cl)1=0.606134937888446 _ nan _ ,3.5.1.14, , ,, , 
3350,3585, ,aminoacylase, ,CHB_15377 + CHB_40992 = CHB_16977 + CHB_30089,N-acetyl-L-alanine(aq) + H2O(l) = acetate(aq) + L-alanine(aq),Rvhm K.H.; Van Etten T.L.; Eur. J. Biochem.; 160 327 (1986).,86ROH/ETT_1020,3769932.0,10.1111/j.1432-1033.1986.tb09975.x,298.15,7.0,9, ,enzymatic assay and spectrophotometry,acetate (1.25 mol dm-3) phosphate (0.125 mol dm-3) and borate (0.125 mol dm-3),mol/L;L-alanine=0.05;acetate=1.25;N-acetyl-L-alanine=0;phosphate buffer=0.125;borate buffer=0.125;(Na)1(Cl)1=0.535502528429063 _ nan _ ,3.5.1.14, , ,, , 
3351,3586, ,aminoacylase, ,CHB_15377 + CHB_40992 = CHB_16977 + CHB_30089,N-acetyl-L-alanine(aq) + H2O(l) = acetate(aq) + L-alanine(aq),Rvhm K.H.; Van Etten T.L.; Eur. J. Biochem.; 160 327 (1986).,86ROH/ETT_1020,3769932.0,10.1111/j.1432-1033.1986.tb09975.x,298.15,7.5,12, ,enzymatic assay and spectrophotometry,acetate (1.25 mol dm-3) phosphate (0.125 mol dm-3) and borate (0.125 mol dm-3),mol/L;L-alanine=0.05;acetate=1.25;N-acetyl-L-alanine=0;phosphate buffer=0.125;borate buffer=0.125;(Na)1(Cl)1=0.458014249387484   _ mol/L;L-alanine=0.05;acetate=1.25;N-acetyl-L-alanine=0;phosphate buffer=0.125;borate buffer=0.125;(Na)1(Cl)1=0.458014249387484 _ nan _ ,3.5.1.14, , ,, , 
3352,3587, ,aminoacylase, ,CHB_15377 + CHB_40992 = CHB_16977 + CHB_30089,N-acetyl-L-alanine(aq) + H2O(l) = acetate(aq) + L-alanine(aq),Rvhm K.H.; Van Etten T.L.; Eur. J. Biochem.; 160 327 (1986).,86ROH/ETT_1020,3769932.0,10.1111/j.1432-1033.1986.tb09975.x,298.15,8.0,10, ,enzymatic assay and spectrophotometry,acetate (1.25 mol dm-3) phosphate (0.125 mol dm-3) and borate (0.125 mol dm-3),mol/L;L-alanine=0.05;acetate=1.25;N-acetyl-L-alanine=0;phosphate buffer=0.125;borate buffer=0.125;(Na)1(Cl)1=0.398757671309738 _ nan _ ,3.5.1.14, , ,, , 
3353,3588, ,aminoacylase, ,CHB_15377 + CHB_40992 = CHB_16977 + CHB_30089,N-acetyl-L-alanine(aq) + H2O(l) = acetate(aq) + L-alanine(aq),Rvhm K.H.; Van Etten T.L.; Eur. J. Biochem.; 160 327 (1986).,86ROH/ETT_1020,3769932.0,10.1111/j.1432-1033.1986.tb09975.x,298.15,9.0,8, ,enzymatic assay and spectrophotometry,acetate (1.25 mol dm-3) phosphate (0.125 mol dm-3) and borate (0.125 mol dm-3),mol/L;L-alanine=0.05;acetate=1.25;N-acetyl-L-alanine=0;phosphate buffer=0.125;borate buffer=0.125;(Na)1(Cl)1=0.315122882423693 _ nan _ ,3.5.1.14, , ,, , 
3354,3589, ,aminoacylase, ,CHB_15377 + CHB_40992 = CHB_16977 + CHB_30089,N-acetyl-L-alanine(aq) + H2O(l) = acetate(aq) + L-alanine(aq),Rvhm K.H.; Van Etten T.L.; Eur. J. Biochem.; 160 327 (1986).,86ROH/ETT_1020,3769932.0,10.1111/j.1432-1033.1986.tb09975.x,298.15,9.5,18, ,enzymatic assay and spectrophotometry,acetate (1.25 mol dm-3) phosphate (0.125 mol dm-3) and borate (0.125 mol dm-3),mol/L;L-alanine=0.05;acetate=1.25;N-acetyl-L-alanine=0;phosphate buffer=0.125;borate buffer=0.125;(Na)1(Cl)1=0.280291856792874 _ nan _ ,3.5.1.14, , ,, , 
3355,3591.0,1594.0,xylose isomerase,kegg:C06468 = kegg:C01487,CHB_4093 = CHS_9553766,D-psicose(aq) = Î²-D-allose(aq),Tewari Y.B.; Goldberg R.N.; Biophys. Chem.; 24 291 (1986).,86TEW/GOL_1321, , ,317.25,7.4,2.15, ,HPLC,phosphate (0.039 mol dm-3),mol/L;(K)1(H2PO4)1=0.0087;(Na)2(HPO4)1=0.0303  ,5.3.1.5, , , , , 
3356,3592.0,1595.0,xylose isomerase,kegg:C06468 = kegg:C01487,CHB_4093 = CHS_9553766,D-psicose(aq) = Î²-D-allose(aq),Tewari Y.B.; Goldberg R.N.; Biophys. Chem.; 24 291 (1986).,86TEW/GOL_1321, , ,325.15,7.4,2.32, ,HPLC,phosphate (0.039 mol dm-3),mol/L;(K)1(H2PO4)1=0.0087;(Na)2(HPO4)1=0.0303  ,5.3.1.5, , , , , 
3357,3593.0,1598.0,xylose isomerase,kegg:C06468 = kegg:C01487,CHB_4093 = CHS_9553766,D-psicose(aq) = Î²-D-allose(aq),Tewari Y.B.; Goldberg R.N.; Biophys. Chem.; 24 291 (1986).,86TEW/GOL_1321, , ,333.15,7.4,2.55, ,HPLC,phosphate (0.039 mol dm-3),mol/L;(K)1(H2PO4)1=0.0087;(Na)2(HPO4)1=0.0303  ,5.3.1.5, , , , , 
3358,3594.0,1596.0,xylose isomerase,kegg:C06468 = kegg:C01487,CHB_4093 = CHS_9553766,D-psicose(aq) = Î²-D-allose(aq),Tewari Y.B.; Goldberg R.N.; Biophys. Chem.; 24 291 (1986).,86TEW/GOL_1321, , ,341.55,7.4,2.77, ,HPLC,phosphate (0.039 mol dm-3),mol/L;(K)1(H2PO4)1=0.0087;(Na)2(HPO4)1=0.0303  ,5.3.1.5, , , , , 
3359,3595.0,1597.0,xylose isomerase,kegg:C06468 = kegg:C01487,CHB_4093 = CHS_9553766,D-psicose(aq) = Î²-D-allose(aq),Tewari Y.B.; Goldberg R.N.; Biophys. Chem.; 24 291 (1986).,86TEW/GOL_1321, , ,349.25,7.4,3.01, ,HPLC,phosphate (0.039 mol dm-3),mol/L;(K)1(H2PO4)1=0.0087;(Na)2(HPO4)1=0.0303  ,5.3.1.5, , , , , 
3360,3590.0,1593.0,xylose isomerase,kegg:C06468 = kegg:C06464,CHS_9553766 = PBC_441032,D-psicose(aq) = D-altrose(aq),Tewari Y.B.; Goldberg R.N.; Biophys. Chem.; 24 291 (1986).,86TEW/GOL_1322,17007802.0,10.1016/0301-4622(86)85034-7,333.15,7.4,0.30, ,HPLC,phosphate,mol/L;(K)1(H2PO4)1=0.0087;(Na)2(HPO4)1=0.0303  ,5.3.1.5, , , , , 
3361,, ,alkaline phosphatase, , ,1-naphthyl phosphate(aq) + H2O(l) = 1-naphthol(aq) + orthophosphate(aq),"Anthony C.M.; ""Enthalpimetric Enzyme Assay""; Thesis Pennsylvania State University (1987).",87ANT_791, , ,298.15,10.4, , ,calorimetry,carbonate + hydrogen carbonate, ,3.1.3.1, , , , ,-6.53
3362,,1604.0,alkaline phosphatase,kegg:C03360 + kegg:C00001 = kegg:C00870 + kegg:C00009, ,4-nitrophenyl phosphate(aq) + H2O(l) = 4-nitrophenol(aq) + orthophosphate(aq),"Anthony C.M.; ""Enthalpimetric Enzyme Assay""; Thesis Pennsylvania State University (1987).",87ANT_793, , ,298.15,10.4, , ,calorimetry,carbonate + hydrogen carbonate, ,3.1.3.1, , , , ,-11.9
3363,,1602.0,alkaline phosphatase,kegg:C02734 + kegg:C00001 = kegg:C00146 + kegg:C00009, ,phenyl phosphate(aq) + H2O(l) = phenol(aq) + orthophosphate(aq),"Anthony C.M.; ""Enthalpimetric Enzyme Assay""; Thesis Pennsylvania State University (1987).",87ANT_796, , ,298.15,10.4, , ,calorimetry,carbonate + hydrogen carbonate, ,3.1.3.1, , , , ,-7.45
3364,3596.0,4038.0,alcohol dehydrogenase,kegg:C00469 + kegg:C00003 = kegg:C00084 + kegg:C00004,CHB_15846 + CHB_16236 = CHB_15343 + CHB_16908,ethanol(aq) + NAD(aq) = acetaldehyde(aq) + NADH(aq),Bedino S.; Testore G.; Obert F.; Ital. J. Biochem.; 36 243 (1987).,87BED/TES_20,3429208.0, ,298.15,7.4,0.00024, ,spectrophotometry,sodium phosphate (0.10 mol dm-3),mol/L;sodium phosphate buffer=0.1  ,1.1.1.1, , , , , 
3365,3605.0,2427.0,citramalate lyase,kegg:C02614 = kegg:C00033 + kegg:C00022,CHB_30936 = CHB_15361 + CHB_30089,(S)-2-methylmalate(aq) = acetate(aq) + pyruvate(aq),Buckel W.; Miller S.; Eur. J. Biochem.; 164 565 (1987).,87BUC/MIL_1135, , ,298.15,7.4,0.211, ,enzymatic assay and spectrophotometry,phosphate (0.050 mol dm-3),mol/L;acetate=0.403;pyruvate=0.0153;(S)-2-methylmalate=0.0291;IS=0.648;(K)1(H2PO4)1=0.01;(K)2(HPO4)1=0.04;(Mg)1(Cl)2=0.0005  ,4.1.3.22, , ,0.212 & 0.648, , 
3366,3608.0,2426.0,citramalate lyase,kegg:C02614 = kegg:C00033 + kegg:C00022,CHB_30936 = CHB_15361 + CHB_30089,(S)-2-methylmalate(aq) = acetate(aq) + pyruvate(aq),Buckel W.; Miller S.; Eur. J. Biochem.; 164 565 (1987).,87BUC/MIL_1135, , ,298.15,7.4,0.207, ,enzymatic assay and spectrophotometry,phosphate (0.050 mol dm-3),mol/L;acetate=0.092;pyruvate=0.0409;(S)-2-methylmalate=0.0182;IS=0.306;(K)1(H2PO4)1=0.01;(K)2(HPO4)1=0.04;(Mg)1(Cl)2=0.0005  ,4.1.3.22, , ,0.306, , 
3367,3607.0,2425.0,citramalate lyase,kegg:C02614 = kegg:C00033 + kegg:C00022,CHB_30936 = CHB_15361 + CHB_30089,(S)-2-methylmalate(aq) = acetate(aq) + pyruvate(aq),Buckel W.; Miller S.; Eur. J. Biochem.; 164 565 (1987).,87BUC/MIL_1135, , ,298.15,7.4,0.188, ,enzymatic assay and spectrophotometry,phosphate (0.050 mol dm-3),mol/L;acetate=0.196;pyruvate=0.02;(S)-2-methylmalate=0.0208;IS=0.399;(K)1(H2PO4)1=0.01;(K)2(HPO4)1=0.04;(Mg)1(Cl)2=0.0005  ,4.1.3.22, , ,0.399, , 
3368,3609.0,2424.0,citramalate lyase,kegg:C02614 = kegg:C00033 + kegg:C00022,CHB_30936 = CHB_15361 + CHB_30089,(S)-2-methylmalate(aq) = acetate(aq) + pyruvate(aq),Buckel W.; Miller S.; Eur. J. Biochem.; 164 565 (1987).,87BUC/MIL_1135, , ,298.15,7.4,0.212, ,enzymatic assay and spectrophotometry,phosphate (0.050 mol dm-3),mol/L;acetate=0.048;pyruvate=0.0335;(S)-2-methylmalate=0.0076;IS=0.212;(K)1(H2PO4)1=0.01;(K)2(HPO4)1=0.04;(Mg)1(Cl)2=0.0005  ,4.1.3.22, , ,0.648 & 0.212, , 
3369,3606.0,2428.0,citramalate lyase,kegg:C02614 = kegg:C00033 + kegg:C00022,CHB_30936 = CHB_15361 + CHB_30089,(S)-2-methylmalate(aq) = acetate(aq) + pyruvate(aq),Buckel W.; Miller S.; Eur. J. Biochem.; 164 565 (1987).,87BUC/MIL_1135, , ,298.15,7.4,0.151, ,enzymatic assay and spectrophotometry,phosphate (0.050 mol dm-3),mol/L;acetate=0.446;pyruvate=0.0121;(S)-2-methylmalate=0.0358;IS=0.845;(K)1(H2PO4)1=0.01;(K)2(HPO4)1=0.04;(Mg)1(Cl)2=0.0005  ,4.1.3.22, , ,0.845, , 
3370,,2412.0,(R)-2-hydroxyglutarate dehydrogenase,kegg:C01087 + kegg:C00003 = kegg:C00026 + kegg:C00004, ,(R)-2-hydroxyglutarate(aq) + NAD(aq) = 2-oxoglutarate(aq) + NADH(aq),Buckel W.; Miller S.; Eur. J. Biochem.; 164 565 (1987).,87BUC/MIL_224,2883006.0,10.1111/j.1432-1033.1987.tb11164.x,298.15,7.0,1.47E-05, ,spectrophotometry,(Tris + HCl) and phosphate, ,1.1.1.-, , , , , 
3371,,2411.0,(R)-2-hydroxyglutarate dehydrogenase,kegg:C01087 + kegg:C00003 = kegg:C00026 + kegg:C00004, ,(R)-2-hydroxyglutarate(aq) + NAD(aq) = 2-oxoglutarate(aq) + NADH(aq),Buckel W.; Miller S.; Eur. J. Biochem.; 164 565 (1987).,87BUC/MIL_224,2883006.0,10.1111/j.1432-1033.1987.tb11164.x,298.15,7.0,1.83E-05, ,spectrophotometry,(Tris + HCl) and phosphate, ,1.1.1.-, , , , , 
3372,, ,DNA-directed DNA polymerase, , ,dTTP(aq) + 9/20-DNA oligomer(aq) = 10/20-DNA oligomer(aq) + pyrophosphate(aq),Kuchta R.D.; Mizrahi V.; Benkovic P.A.; Johnson K.A.; Benkovic S.J.; Biochemistry; 26 8410 (1987).,87KUC/MIZ_682,3327522.0,10.1021/bi00399a057,295.15,7.4,513, ,gel electrophoresis and radioactivity,Tris (0.050 mol dm-3) + HCl, ,2.7.7.7, , , , , 
3373,,1248.0,"lysine 2,3-aminomutase",kegg:C00047 = kegg:C01142, ,"L-lysine(aq) = (3S)-3,6-diaminohexanoate(aq)",Moss M.; Frey P.A.; J. Biol. Chem.; 262 14859 (1987).,87MOS/FRE_1417,3117791.0, ,303.15,7.7,5.3, ,chromatography and radioactivity,potassium phosphate (0.04 mol dm-3), ,5.4.3.2, , , , , 
3374,,4400.0,urease,kegg:C00086 + 2 kegg:C00001 = 2 kegg:C00014 + kegg:C00288, ,urea(aq) + 2 H2O(l) = 2 ammonia(aq) + carbon dioxide(aq),Owusu R.K.; Trewhella M.J.; Finch A.; Thermochim. Acta; 111 1 (1987).,87OWU/TRE_1003, , ,298.15,6.9, , ,calorimetry,{Tris (0.2 mol dm-3) + HCl} or sodium phosphate (0.2 mol dm-3), ,3.5.1.5, , , , ,-61
3375,,4401.0,urease,kegg:C00086 + 2 kegg:C00001 = 2 kegg:C00014 + kegg:C00288, ,urea(aq) + 2 H2O(l) = 2 ammonia(aq) + carbon dioxide(aq),Owusu R.K.; Trewhella M.J.; Finch A.; Thermochim. Acta; 111 1 (1987).,87OWU/TRE_1003, , ,298.15,7.9, , ,calorimetry,{Tris (0.2 mol dm-3) + HCl} or sodium phosphate (0.2 mol dm-3), ,3.5.1.5, , , , ,-20
3376,3615.0,75.0,6-phosphofructokinase,kegg:C00002 + kegg:C00085 = kegg:C00008 + kegg:C00354,CHB_15422 + CHB_61553 = CHB_16761 + CHB_40595,"ATP(aq) + D-fructose 6-phosphate(aq) = ADP(aq) + D-fructose 1,6-bisphosphate(aq)",Rao G.S.J.; Harris B.G.; Cook P.F.; J. Biol. Chem.; 262 14074 (1987).,87RAO/HAR_555,2958459.0, ,303.15,6.8,150, ,enzymatic assay and spectrophotometry,{imidazole (0.10 mol dm-3) + HCl} and {Tris (0.10 mol dm-3) + HCl},mol/L;imidazole-HCl=0.1  ,2.7.1.11, , , , , 
3377,3616.0,76.0,6-phosphofructokinase,kegg:C00002 + kegg:C00085 = kegg:C00008 + kegg:C00354,CHB_15422 + CHB_61553 = CHB_16761 + CHB_40595,"ATP(aq) + D-fructose 6-phosphate(aq) = ADP(aq) + D-fructose 1,6-bisphosphate(aq)",Rao G.S.J.; Harris B.G.; Cook P.F.; J. Biol. Chem.; 262 14074 (1987).,87RAO/HAR_555,2958459.0, ,303.15,8.0,2900, ,enzymatic assay and spectrophotometry,{imidazole (0.10 mol dm-3) + HCl} and {Tris (0.10 mol dm-3) + HCl},mol/L;Tris-HCl=0.1  ,2.7.1.11, , , , , 
3378,, ,penicillin amidase, , ,phenylacetyl-L-phenylglycine(aq) + H2O(l) = phenylacetic acid(aq) + L-phenylglycine(aq),Rekharsky M.V.; Egorov A.M.; Gal'chenko G.L.; Thermochim. Acta; 112 151 (1987).,87REK/EGO_1018, , ,298.15,6.86, , ,calorimetry,phosphate (0.05 mol dm-3), ,3.5.1.11, , , , ,-8.58
3379,3617.0,3638.0,orotate phosphoribosyltransferase,kegg:C01103 + kegg:C00013 = kegg:C00295 + kegg:C00119,CHB_15842 + CHB_18361 = CHB_17111 + CHB_30839,orotidine 5'-phosphate(aq) + pyrophosphate(aq) = orotate(aq) + 5-phospho-Î±-D-ribose 1-diphosphate(aq),Tavares A.; Lee C.S.; O'Sullivan W.J.; Biochim. Biophys. Acta; 913 279 (1987).,87TAV/LEE_483, , ,301.15,8.0,1.4, ,NMR,Hepes (0.025 mol dm-3) + KOH,mol/L;HEPES-KOH=0.025;orotidine 5'-phosphate=0.01;pyrophosphate=0.01;(Mg)1(Cl)2=0.008;EDTA=0.0005;2-mercaptoethanol=0.001;orotate=0;5-phospho--D-ribose 1-diphosphate=0  ,2.4.2.10, , , , , 
3380,3618.0, ,orotate phosphoribosyltransferase, ,CHB_15842 + PBC_5289158 = CHB_30839 + PBC_6913076,orotidine 5'-phosphate(aq) + thiopyrophosphate(aq) = orotate(aq) + phosphoribosyl-1-O-(2-thiodiphosphate)(aq),Tavares A.; Lee C.S.; O'Sullivan W.J.; Biochim. Biophys. Acta; 913 279 (1987).,87TAV/LEE_484, , ,301.15,8.0,0.026, ,NMR,Hepes (0.025 mol dm-3) + KOH,mol/L;HEPES-KOH=0.025;orotidine 5'-phosphate=0.0111;thiopyrophosphate=0.0044;DTT=0.0042;(Mg)1(Cl)2=0.008;EDTA=0.0005;2-mercaptoethanol=0.001;orotate=0;phosphoribosyl-1-O-(2-thiodiphosphate)=0  ,2.4.2.10, , , , , 
3381,3629.0,3870.0,phenylalanine ammonia-lyase,kegg:C00079 = kegg:C00423 + kegg:C00014,CHB_17295 = CHB_16134 + CHB_35697,L-phenylalanine(aq) = trans-cinnamate(aq) + ammonia(aq),Tewari Y.B.; Gajewski E.; Goldberg R.N.; J. Phys. Chem.; 91 904 (1987).,87TEW/GAJ_1220, , ,285.65,7.68, ,1.54,HPLC,Tris (0.1 mol dm-3) + HCl,mol/kg;IS=1.05  ,4.3.1.5, , ,1.05, , 
3382,3619.0,3862.0,phenylalanine ammonia-lyase,kegg:C00079 = kegg:C00423 + kegg:C00014,CHB_17295 = CHB_16134 + CHB_35697,L-phenylalanine(aq) = trans-cinnamate(aq) + ammonia(aq),Tewari Y.B.; Gajewski E.; Goldberg R.N.; J. Phys. Chem.; 91 904 (1987).,87TEW/GAJ_1220, , ,292.15,7.62, ,2.09,HPLC,Tris (0.1 mol dm-3) + HCl,mol/kg;IS=1.05  ,4.3.1.5, , ,1.05, , 
3383,3621.0,3863.0,phenylalanine ammonia-lyase,kegg:C00079 = kegg:C00423 + kegg:C00014,CHB_17295 = CHB_16134 + CHB_35697,L-phenylalanine(aq) = trans-cinnamate(aq) + ammonia(aq),Tewari Y.B.; Gajewski E.; Goldberg R.N.; J. Phys. Chem.; 91 904 (1987).,87TEW/GAJ_1220, , ,298.05,7.69, ,2.47,HPLC,Tris (0.1 mol dm-3) + HCl,mol/kg;IS=1.05  ,4.3.1.5, , ,1.05, , 
3384,3622.0,3864.0,phenylalanine ammonia-lyase,kegg:C00079 = kegg:C00423 + kegg:C00014,CHB_17295 = CHB_16134 + CHB_35697,L-phenylalanine(aq) = trans-cinnamate(aq) + ammonia(aq),Tewari Y.B.; Gajewski E.; Goldberg R.N.; J. Phys. Chem.; 91 904 (1987).,87TEW/GAJ_1220, , ,304.45,7.62, ,3.11,HPLC,Tris (0.1 mol dm-3) + HCl,mol/kg;IS=1.05  ,4.3.1.5, , ,1.05, , 
3385,3623.0,3868.0,phenylalanine ammonia-lyase,kegg:C00079 = kegg:C00423 + kegg:C00014,CHB_17295 = CHB_16134 + CHB_35697,L-phenylalanine(aq) = trans-cinnamate(aq) + ammonia(aq),Tewari Y.B.; Gajewski E.; Goldberg R.N.; J. Phys. Chem.; 91 904 (1987).,87TEW/GAJ_1220, , ,309.95,6.98, ,3.61,HPLC,Tris (0.1 mol dm-3) + HCl,mol/kg;IS=1.05  ,4.3.1.5, , ,1.05, , 
3386,3634.0,3871.0,phenylalanine ammonia-lyase,kegg:C00079 = kegg:C00423 + kegg:C00014,CHB_17295 = CHB_16134 + CHB_35697,L-phenylalanine(aq) = trans-cinnamate(aq) + ammonia(aq),Tewari Y.B.; Gajewski E.; Goldberg R.N.; J. Phys. Chem.; 91 904 (1987).,87TEW/GAJ_1220, , ,309.95,7.25, ,3.74,HPLC,Tris (0.1 mol dm-3) + HCl,mol/kg;IS=1.05  ,4.3.1.5, , ,1.05, , 
3387,3624.0,3866.0,phenylalanine ammonia-lyase,kegg:C00079 = kegg:C00423 + kegg:C00014,CHB_17295 = CHB_16134 + CHB_35697,L-phenylalanine(aq) = trans-cinnamate(aq) + ammonia(aq),Tewari Y.B.; Gajewski E.; Goldberg R.N.; J. Phys. Chem.; 91 904 (1987).,87TEW/GAJ_1220, , ,309.95,7.28, ,3.58,HPLC,Tris (0.1 mol dm-3) + HCl,mol/kg;IS=1.05  ,4.3.1.5, , ,1.05, , 
3388,3626.0,3867.0,phenylalanine ammonia-lyase,kegg:C00079 = kegg:C00423 + kegg:C00014,CHB_17295 = CHB_16134 + CHB_35697,L-phenylalanine(aq) = trans-cinnamate(aq) + ammonia(aq),Tewari Y.B.; Gajewski E.; Goldberg R.N.; J. Phys. Chem.; 91 904 (1987).,87TEW/GAJ_1220, , ,309.95,7.39, ,3.7,HPLC,Tris (0.1 mol dm-3) + HCl,mol/kg;IS=1.55  ,4.3.1.5, , ,1.55, , 
3389,3625.0,3869.0,phenylalanine ammonia-lyase,kegg:C00079 = kegg:C00423 + kegg:C00014,CHB_17295 = CHB_16134 + CHB_35697,L-phenylalanine(aq) = trans-cinnamate(aq) + ammonia(aq),Tewari Y.B.; Gajewski E.; Goldberg R.N.; J. Phys. Chem.; 91 904 (1987).,87TEW/GAJ_1220, , ,309.95,7.71, ,3.46,HPLC,Tris (0.1 mol dm-3) + HCl,mol/kg;IS=1.05  ,4.3.1.5, , ,1.05, , 
3390,3628.0,3865.0,phenylalanine ammonia-lyase,kegg:C00079 = kegg:C00423 + kegg:C00014,CHB_17295 = CHB_16134 + CHB_35697,L-phenylalanine(aq) = trans-cinnamate(aq) + ammonia(aq),Tewari Y.B.; Gajewski E.; Goldberg R.N.; J. Phys. Chem.; 91 904 (1987).,87TEW/GAJ_1220, , ,316.45,7.23, ,4.48,HPLC,Tris (0.1 mol dm-3) + HCl,mol/kg;IS=1.05  ,4.3.1.5, , ,1.05, , 
3391,,4241.0,alkaline phosphatase,kegg:C02305 + kegg:C00001 = kegg:C00300 + kegg:C00009, ,phosphocreatine(aq) + H2O(l) = creatine(aq) + orthophosphate(aq),Woledge R.C.; Reilly P.J.; Biophys. J.; 54 97 (1987).,87WOL/REI_801, , ,273.15,8.0, , ,calorimetry,Tris (0.025 mol dm-3) or carnosine (0.010 mol dm-3), ,3.1.3.1, , , , ,43
3392,,4243.0,alkaline phosphatase,kegg:C02305 + kegg:C00001 = kegg:C00300 + kegg:C00009, ,phosphocreatine(aq) + H2O(l) = creatine(aq) + orthophosphate(aq),Woledge R.C.; Reilly P.J.; Biophys. J.; 54 97 (1987).,87WOL/REI_801, , ,298.15,8.0, , ,calorimetry,Tris (0.025 mol dm-3) or carnosine (0.010 mol dm-3), ,3.1.3.1, , , , ,42
3393,,4242.0,alkaline phosphatase,kegg:C02305 + kegg:C00001 = kegg:C00300 + kegg:C00009, ,phosphocreatine(aq) + H2O(l) = creatine(aq) + orthophosphate(aq),Woledge R.C.; Reilly P.J.; Biophys. J.; 54 97 (1987).,87WOL/REI_801, , ,310.15,8.0, , ,calorimetry,Tris (0.025 mol dm-3) or carnosine (0.010 mol dm-3), ,3.1.3.1, , , , ,44
3394,3639.0, ,chalcone isomerase, ,CHB_310312 = CHB_28777,"2',4,4'-trihydroxychalcone(aq) = (2S)-4',7-dihydroxyflavanone(aq)",Bednar R.A.; Hadcock J.R.; J. Biol. Chem.; 263 9582 (1988).,88BED/HAD_1430,3384815.0, ,298.15,7.6,7.6, ,spectrophotometry,Tris (0.050 mol dm-3) + HCl,mol/L;Tris-HCl=0.05  ,5.5.1.6, , , , , 
3395,,2889.0,1-phosphatidylinositol kinase,kegg:C00002 + kegg:C01194 = kegg:C00008 + kegg:C01277, ,ATP(aq) + 1-phosphatidyl-1D-myo-inositol(aq) = ADP(aq) + 1-phosphatidyl-1D-myo-inositol 4-phosphate(aq),Belunis C.J.; Bae-Lee M.; Kelley M.J.; Carman G.M.; J. Biol. Chem.; 263 18897 (1988).,88BEL/BAE_569,2848810.0, ,303.15,8.0,0.003, ,chromatography and radioactivity,Tris maleate (0.050 mol dm-3), ,2.7.1.67, , , , , 
3396,, ,triose-phosphate isomerase, , ,D-glyceraldehyde 3-phosphate(aq) = glycerone phosphate(aq),Lim W.A.; Raines R.T.; Knowles J.R.; Biochemistry; 27 1158 (1988).,88LIM/RAI_1287,3365378.0,10.1021/bi00404a013,303.15,7.6,21, ,enzymatic assay and spectrophotometry; NMR,triethanolamine (0.1 mol dm-3),2-propanol (14 mass percent),5.3.1.1, , , , , 
3397,, ,triose-phosphate isomerase, , ,D-glyceraldehyde 3-phosphate(aq) = glycerone phosphate(aq),Lim W.A.; Raines R.T.; Knowles J.R.; Biochemistry; 27 1158 (1988).,88LIM/RAI_1287,3365378.0,10.1021/bi00404a013,303.15,7.6,19, ,enzymatic assay and spectrophotometry; NMR,triethanolamine (0.1 mol dm-3),glycerol (10 mass percent),5.3.1.1, , , , , 
3398,, ,triose-phosphate isomerase, , ,D-glyceraldehyde 3-phosphate(aq) = glycerone phosphate(aq),Lim W.A.; Raines R.T.; Knowles J.R.; Biochemistry; 27 1158 (1988).,88LIM/RAI_1287,3365378.0,10.1021/bi00404a013,303.15,7.6,16, ,enzymatic assay and spectrophotometry; NMR,triethanolamine (0.1 mol dm-3),glycerol (18 mass percent),5.3.1.1, , , , , 
3399,, ,triose-phosphate isomerase, , ,D-glyceraldehyde 3-phosphate(aq) = glycerone phosphate(aq),Lim W.A.; Raines R.T.; Knowles J.R.; Biochemistry; 27 1158 (1988).,88LIM/RAI_1287,3365378.0,10.1021/bi00404a013,303.15,7.6,11, ,enzymatic assay and spectrophotometry; NMR,triethanolamine (0.1 mol dm-3),glycerol (27 mass percent),5.3.1.1, , , , , 
3400,, ,triose-phosphate isomerase, , ,D-glyceraldehyde 3-phosphate(aq) = glycerone phosphate(aq),Lim W.A.; Raines R.T.; Knowles J.R.; Biochemistry; 27 1158 (1988).,88LIM/RAI_1287,3365378.0,10.1021/bi00404a013,303.15,7.6,14, ,enzymatic assay and spectrophotometry; NMR,triethanolamine (0.1 mol dm-3),glycerol (34 mass percent),5.3.1.1, , , , , 
3401,, ,triose-phosphate isomerase, , ,D-glyceraldehyde 3-phosphate(aq) = glycerone phosphate(aq),Lim W.A.; Raines R.T.; Knowles J.R.; Biochemistry; 27 1158 (1988).,88LIM/RAI_1287,3365378.0,10.1021/bi00404a013,303.15,7.6,10, ,enzymatic assay and spectrophotometry; NMR,triethanolamine (0.1 mol dm-3),glycerol (36 mass percent),5.3.1.1, , , , , 
3402,, ,triose-phosphate isomerase, , ,D-glyceraldehyde 3-phosphate(aq) = glycerone phosphate(aq),Lim W.A.; Raines R.T.; Knowles J.R.; Biochemistry; 27 1158 (1988).,88LIM/RAI_1287,3365378.0,10.1021/bi00404a013,303.15,7.6,20, ,enzymatic assay and spectrophotometry; NMR,triethanolamine (0.1 mol dm-3),glycerol (9 mass percent),5.3.1.1, , , , , 
3403,3643.0,933.0,triose-phosphate isomerase,kegg:C00118 = kegg:C00111,CHB_29052 = CHB_16108,D-glyceraldehyde 3-phosphate(aq) = glycerone phosphate(aq),Lim W.A.; Raines R.T.; Knowles J.R.; Biochemistry; 27 1158 (1988).,88LIM/RAI_1287,3365378.0,10.1021/bi00404a013,303.15,7.6,22, ,enzymatic assay and spectrophotometry; NMR,triethanolamine (0.1 mol dm-3),mol/L;triethanolamine=0.1  ,5.3.1.1, , , , , 
3404,, ,triose-phosphate isomerase, , ,D-glyceraldehyde 3-phosphate(aq) = glycerone phosphate(aq),Lim W.A.; Raines R.T.; Knowles J.R.; Biochemistry; 27 1158 (1988).,88LIM/RAI_1287,3365378.0,10.1021/bi00404a013,303.15,7.6,19, ,enzymatic assay and spectrophotometry; NMR,triethanolamine (0.1 mol dm-3),poly(ethylene glycol) (18 mass percent),5.3.1.1, , , , , 
3405,3644.0,2666.0,aryl-alcohol dehydrogenase,kegg:C00556 + kegg:C00003 = kegg:C00261 + kegg:C00004,CHB_15846 + CHB_17987 = CHB_16908 + CHB_17169,benzyl alcohol(aq) + NAD(aq) = benzaldehyde(aq) + NADH(aq),MacKintosh R.W.; Fewson C.A.; Biochem. J.; 250 743 (1988).,88MAC/FEW_201,3291854.0,10.1042/bj2500743,300.15,9.5,0.097, ,spectrophotometry,bicine + NaOH (0.1 mol dm-3),mol/L;bicine-NaOH=0.1  ,1.1.1.90, , , , , 
3406,3645.0,653.0,penicillin amidase,kegg:C05551 + kegg:C00001 = kegg:C02954 + kegg:C07086,CHB_15377 + CHB_18208 = CHB_16705 + CHB_30745,penicillin G(aq) + H2O(l) = 6-aminopenicillanic acid(aq) + phenylacetic acid(aq),Tewari Y.B.; Goldberg R.N.; Biophys. Chem.; 29 245 (1988).,88TEW/GOL_1011, , ,292.15,6.67, ,0.33,HPLC,phosphate (0.1 mol dm-3),mol/kg;phosphate buffer=0.1;penicillin G=0.013;6-aminopenicillanic acid=0;phenylacetic acid=0  ,3.5.1.11,0.0 KCl & 0.0 KCl, , , , 
3407,3658.0,654.0,penicillin amidase,kegg:C05551 + kegg:C00001 = kegg:C02954 + kegg:C07086,CHB_15377 + CHB_18208 = CHB_16705 + CHB_30745,penicillin G(aq) + H2O(l) = 6-aminopenicillanic acid(aq) + phenylacetic acid(aq),Tewari Y.B.; Goldberg R.N.; Biophys. Chem.; 29 245 (1988).,88TEW/GOL_1011, , ,292.15,6.68, ,0.275,HPLC,phosphate (0.1 mol dm-3),mol/kg;phosphate buffer=0.1;penicillin G=0.013;6-aminopenicillanic acid=0;phenylacetic acid=0  ,3.5.1.11,0.0 KCl & 0.0 KCl, , , , 
3408,3659.0,676.0,penicillin amidase,kegg:C05551 + kegg:C00001 = kegg:C02954 + kegg:C07086,CHB_15377 + CHB_18208 = CHB_16705 + CHB_30745,penicillin G(aq) + H2O(l) = 6-aminopenicillanic acid(aq) + phenylacetic acid(aq),Tewari Y.B.; Goldberg R.N.; Biophys. Chem.; 29 245 (1988).,88TEW/GOL_1011, , ,298.15,6.59, ,0.382,HPLC,phosphate (0.1 mol dm-3),mol/kg;phosphate buffer=0.1;penicillin G=0.013;6-aminopenicillanic acid=0;phenylacetic acid=0  ,3.5.1.11,0.0 KCl & 0.0 KCl, , , , 
3409,3646.0,675.0,penicillin amidase,kegg:C05551 + kegg:C00001 = kegg:C02954 + kegg:C07086,CHB_15377 + CHB_18208 = CHB_16705 + CHB_30745,penicillin G(aq) + H2O(l) = 6-aminopenicillanic acid(aq) + phenylacetic acid(aq),Tewari Y.B.; Goldberg R.N.; Biophys. Chem.; 29 245 (1988).,88TEW/GOL_1011, , ,298.15,6.71, ,0.445,HPLC,phosphate (0.1 mol dm-3),mol/kg;phosphate buffer=0.1;penicillin G=0.013;6-aminopenicillanic acid=0;phenylacetic acid=0  ,3.5.1.11,0.0 KCl & 0.0 KCl, , , , 
3410,3660.0,671.0,penicillin amidase,kegg:C05551 + kegg:C00001 = kegg:C02954 + kegg:C07086,CHB_15377 + CHB_18208 = CHB_16705 + CHB_30745,penicillin G(aq) + H2O(l) = 6-aminopenicillanic acid(aq) + phenylacetic acid(aq),Tewari Y.B.; Goldberg R.N.; Biophys. Chem.; 29 245 (1988).,88TEW/GOL_1011, , ,304.15,6.54, ,0.469,HPLC,phosphate (0.1 mol dm-3),mol/kg;phosphate buffer=0.1;penicillin G=0.013;6-aminopenicillanic acid=0;phenylacetic acid=0  ,3.5.1.11,0.0 KCl & 0.0 KCl, , , , 
3411,3647.0,655.0,penicillin amidase,kegg:C05551 + kegg:C00001 = kegg:C02954 + kegg:C07086,CHB_15377 + CHB_18208 = CHB_16705 + CHB_30745,penicillin G(aq) + H2O(l) = 6-aminopenicillanic acid(aq) + phenylacetic acid(aq),Tewari Y.B.; Goldberg R.N.; Biophys. Chem.; 29 245 (1988).,88TEW/GOL_1011, , ,304.15,6.68, ,0.579,HPLC,phosphate (0.1 mol dm-3),mol/kg;phosphate buffer=0.1;penicillin G=0.013;6-aminopenicillanic acid=0;phenylacetic acid=0  ,3.5.1.11,0.0 KCl & 0.0 KCl, , , , 
3412,3661.0,657.0,penicillin amidase,kegg:C05551 + kegg:C00001 = kegg:C02954 + kegg:C07086,CHB_15377 + CHB_18208 = CHB_16705 + CHB_30745,penicillin G(aq) + H2O(l) = 6-aminopenicillanic acid(aq) + phenylacetic acid(aq),Tewari Y.B.; Goldberg R.N.; Biophys. Chem.; 29 245 (1988).,88TEW/GOL_1011, , ,310.15,6.02, ,0.194,HPLC,phosphate (0.1 mol dm-3),mol/kg;phosphate buffer=0.1;penicillin G=0.013;6-aminopenicillanic acid=0;phenylacetic acid=0  ,3.5.1.11,0.0 KCl & 0.0 KCl, , , , 
3413,3648.0,659.0,penicillin amidase,kegg:C05551 + kegg:C00001 = kegg:C02954 + kegg:C07086,CHB_15377 + CHB_18208 = CHB_16705 + CHB_30745,penicillin G(aq) + H2O(l) = 6-aminopenicillanic acid(aq) + phenylacetic acid(aq),Tewari Y.B.; Goldberg R.N.; Biophys. Chem.; 29 245 (1988).,88TEW/GOL_1011, , ,310.15,6.07, ,0.247,HPLC,phosphate (0.1 mol dm-3),mol/kg;phosphate buffer=0.1;penicillin G=0.013;6-aminopenicillanic acid=0;phenylacetic acid=0  ,3.5.1.11,0.0 KCl & 0.0 KCl, , , , 
3414,3662.0,656.0,penicillin amidase,kegg:C05551 + kegg:C00001 = kegg:C02954 + kegg:C07086,CHB_15377 + CHB_18208 = CHB_16705 + CHB_30745,penicillin G(aq) + H2O(l) = 6-aminopenicillanic acid(aq) + phenylacetic acid(aq),Tewari Y.B.; Goldberg R.N.; Biophys. Chem.; 29 245 (1988).,88TEW/GOL_1011, , ,310.15,6.1, ,0.221,HPLC,phosphate (0.1 mol dm-3),mol/kg;phosphate buffer=0.1;penicillin G=0.013;6-aminopenicillanic acid=0;phenylacetic acid=0  ,3.5.1.11,0.0 KCl & 0.0 KCl, , , , 
3415,3649.0,658.0,penicillin amidase,kegg:C05551 + kegg:C00001 = kegg:C02954 + kegg:C07086,CHB_15377 + CHB_18208 = CHB_16705 + CHB_30745,penicillin G(aq) + H2O(l) = 6-aminopenicillanic acid(aq) + phenylacetic acid(aq),Tewari Y.B.; Goldberg R.N.; Biophys. Chem.; 29 245 (1988).,88TEW/GOL_1011, , ,310.15,6.3, ,0.416,HPLC,phosphate (0.1 mol dm-3),mol/kg;phosphate buffer=0.1;penicillin G=0.013;6-aminopenicillanic acid=0;phenylacetic acid=0  ,3.5.1.11,0.0 KCl & 0.0 KCl, , , , 
3416,3663.0,677.0,penicillin amidase,kegg:C05551 + kegg:C00001 = kegg:C02954 + kegg:C07086,CHB_15377 + CHB_18208 = CHB_16705 + CHB_30745,penicillin G(aq) + H2O(l) = 6-aminopenicillanic acid(aq) + phenylacetic acid(aq),Tewari Y.B.; Goldberg R.N.; Biophys. Chem.; 29 245 (1988).,88TEW/GOL_1011, , ,310.15,6.39, ,0.524,HPLC,phosphate (0.1 mol dm-3),mol/kg;phosphate buffer=0.1;(K)1(Cl)1=0.2;penicillin G=0.013;6-aminopenicillanic acid=0;phenylacetic acid=0  ,3.5.1.11,0.0 KCl & 0.0 KCl, , , , 
3417,3664.0,670.0,penicillin amidase,kegg:C05551 + kegg:C00001 = kegg:C02954 + kegg:C07086,CHB_15377 + CHB_18208 = CHB_16705 + CHB_30745,penicillin G(aq) + H2O(l) = 6-aminopenicillanic acid(aq) + phenylacetic acid(aq),Tewari Y.B.; Goldberg R.N.; Biophys. Chem.; 29 245 (1988).,88TEW/GOL_1011, , ,310.15,6.43, ,0.59,HPLC,phosphate (0.1 mol dm-3),mol/kg;phosphate buffer=0.1;penicillin G=0.013;6-aminopenicillanic acid=0;phenylacetic acid=0  ,3.5.1.11,0.2 KCl & 0.2 KCl, , , , 
3418,3650.0,662.0,penicillin amidase,kegg:C05551 + kegg:C00001 = kegg:C02954 + kegg:C07086,CHB_15377 + CHB_18208 = CHB_16705 + CHB_30745,penicillin G(aq) + H2O(l) = 6-aminopenicillanic acid(aq) + phenylacetic acid(aq),Tewari Y.B.; Goldberg R.N.; Biophys. Chem.; 29 245 (1988).,88TEW/GOL_1011, , ,310.15,6.46, ,0.536,HPLC,phosphate (0.1 mol dm-3),mol/kg;phosphate buffer=0.1;(K)1(Cl)1=0.2;penicillin G=0.013;6-aminopenicillanic acid=0;phenylacetic acid=0  ,3.5.1.11,0.0 KCl & 0.0 KCl, , , , 
3419,3666.0,648.0,penicillin amidase,kegg:C05551 + kegg:C00001 = kegg:C02954 + kegg:C07086,CHB_15377 + CHB_18208 = CHB_16705 + CHB_30745,penicillin G(aq) + H2O(l) = 6-aminopenicillanic acid(aq) + phenylacetic acid(aq),Tewari Y.B.; Goldberg R.N.; Biophys. Chem.; 29 245 (1988).,88TEW/GOL_1011, , ,310.15,6.54, ,0.694,calorimetry and HPLC,phosphate (0.1 mol dm-3),mol/kg;phosphate buffer=0.05;penicillin G=0.013;6-aminopenicillanic acid=0;phenylacetic acid=0  ,3.5.1.11,0.2 KCl & 0.2 KCl, , , , 
3420,3651.0,661.0,penicillin amidase,kegg:C05551 + kegg:C00001 = kegg:C02954 + kegg:C07086,CHB_15377 + CHB_18208 = CHB_16705 + CHB_30745,penicillin G(aq) + H2O(l) = 6-aminopenicillanic acid(aq) + phenylacetic acid(aq),Tewari Y.B.; Goldberg R.N.; Biophys. Chem.; 29 245 (1988).,88TEW/GOL_1011, , ,310.15,6.59, ,0.565,HPLC,phosphate (0.1 mol dm-3),mol/kg;phosphate buffer=0.1;penicillin G=0.013;6-aminopenicillanic acid=0;phenylacetic acid=0  ,3.5.1.11,0.0 KCl & 0.0 KCl, , , , 
3421,3665.0,672.0,penicillin amidase,kegg:C05551 + kegg:C00001 = kegg:C02954 + kegg:C07086,CHB_15377 + CHB_18208 = CHB_16705 + CHB_30745,penicillin G(aq) + H2O(l) = 6-aminopenicillanic acid(aq) + phenylacetic acid(aq),Tewari Y.B.; Goldberg R.N.; Biophys. Chem.; 29 245 (1988).,88TEW/GOL_1011, , ,310.15,6.61, ,0.756,HPLC,phosphate (0.1 mol dm-3),mol/kg;phosphate buffer=0.1;penicillin G=0.013;6-aminopenicillanic acid=0;phenylacetic acid=0  ,3.5.1.11,0.0 KCl & 0.0 KCl, , , , 
3422,3652.0,660.0,penicillin amidase,kegg:C05551 + kegg:C00001 = kegg:C02954 + kegg:C07086,CHB_15377 + CHB_18208 = CHB_16705 + CHB_30745,penicillin G(aq) + H2O(l) = 6-aminopenicillanic acid(aq) + phenylacetic acid(aq),Tewari Y.B.; Goldberg R.N.; Biophys. Chem.; 29 245 (1988).,88TEW/GOL_1011, , ,310.15,6.68, ,0.644,HPLC,phosphate (0.1 mol dm-3),mol/kg;phosphate buffer=0.1;penicillin G=0.013;6-aminopenicillanic acid=0;phenylacetic acid=0  ,3.5.1.11,0.0 KCl & 0.0 KCl, , , , 
3423,3653.0,673.0,penicillin amidase,kegg:C05551 + kegg:C00001 = kegg:C02954 + kegg:C07086,CHB_15377 + CHB_18208 = CHB_16705 + CHB_30745,penicillin G(aq) + H2O(l) = 6-aminopenicillanic acid(aq) + phenylacetic acid(aq),Tewari Y.B.; Goldberg R.N.; Biophys. Chem.; 29 245 (1988).,88TEW/GOL_1011, , ,310.15,6.74, ,1.051,HPLC,phosphate (0.1 mol dm-3),mol/kg;phosphate buffer=0.05;penicillin G=0.013;6-aminopenicillanic acid=0;phenylacetic acid=0  ,3.5.1.11,0.0 KCl & 0.0 KCl, , , , 
3424,3667.0,679.0,penicillin amidase,kegg:C05551 + kegg:C00001 = kegg:C02954 + kegg:C07086,CHB_15377 + CHB_18208 = CHB_16705 + CHB_30745,penicillin G(aq) + H2O(l) = 6-aminopenicillanic acid(aq) + phenylacetic acid(aq),Tewari Y.B.; Goldberg R.N.; Biophys. Chem.; 29 245 (1988).,88TEW/GOL_1011, , ,310.15,6.85, ,1.13,HPLC,phosphate (0.1 mol dm-3),mol/kg;phosphate buffer=0.1;penicillin G=0.013;6-aminopenicillanic acid=0;phenylacetic acid=0  ,3.5.1.11,0.0 KCl & 0.0 KCl, , , , 
3425,3654.0,663.0,penicillin amidase,kegg:C05551 + kegg:C00001 = kegg:C02954 + kegg:C07086,CHB_15377 + CHB_18208 = CHB_16705 + CHB_30745,penicillin G(aq) + H2O(l) = 6-aminopenicillanic acid(aq) + phenylacetic acid(aq),Tewari Y.B.; Goldberg R.N.; Biophys. Chem.; 29 245 (1988).,88TEW/GOL_1011, , ,310.15,7.05, ,1.71,HPLC,phosphate (0.1 mol dm-3),mol/kg;phosphate buffer=0.1;penicillin G=0.013;6-aminopenicillanic acid=0;phenylacetic acid=0  ,3.5.1.11,0.0 KCl & 0.0 KCl, , , , 
3426,3668.0,665.0,penicillin amidase,kegg:C05551 + kegg:C00001 = kegg:C02954 + kegg:C07086,CHB_15377 + CHB_18208 = CHB_16705 + CHB_30745,penicillin G(aq) + H2O(l) = 6-aminopenicillanic acid(aq) + phenylacetic acid(aq),Tewari Y.B.; Goldberg R.N.; Biophys. Chem.; 29 245 (1988).,88TEW/GOL_1011, , ,310.15,7.32, ,4.16,HPLC,phosphate (0.1 mol dm-3),mol/kg;phosphate buffer=0.1;penicillin G=0.013;6-aminopenicillanic acid=0;phenylacetic acid=0  ,3.5.1.11,0.0 KCl & 0.0 KCl, , , , 
3427,3655.0,664.0,penicillin amidase,kegg:C05551 + kegg:C00001 = kegg:C02954 + kegg:C07086,CHB_15377 + CHB_18208 = CHB_16705 + CHB_30745,penicillin G(aq) + H2O(l) = 6-aminopenicillanic acid(aq) + phenylacetic acid(aq),Tewari Y.B.; Goldberg R.N.; Biophys. Chem.; 29 245 (1988).,88TEW/GOL_1011, , ,310.15,7.55, ,7.46,HPLC,phosphate (0.1 mol dm-3),mol/kg;phosphate buffer=0.1;penicillin G=0.013;6-aminopenicillanic acid=0;phenylacetic acid=0  ,3.5.1.11,0.0 KCl & 0.0 KCl, , , , 
3428,3656.0,666.0,penicillin amidase,kegg:C05551 + kegg:C00001 = kegg:C02954 + kegg:C07086,CHB_15377 + CHB_18208 = CHB_16705 + CHB_30745,penicillin G(aq) + H2O(l) = 6-aminopenicillanic acid(aq) + phenylacetic acid(aq),Tewari Y.B.; Goldberg R.N.; Biophys. Chem.; 29 245 (1988).,88TEW/GOL_1011, , ,316.15,6.59, ,0.725,HPLC,phosphate (0.1 mol dm-3),mol/kg;phosphate buffer=0.1;penicillin G=0.013;6-aminopenicillanic acid=0;phenylacetic acid=0  ,3.5.1.11,0.0 KCl & 0.0 KCl, , , , 
3429,3669.0,678.0,penicillin amidase,kegg:C05551 + kegg:C00001 = kegg:C02954 + kegg:C07086,CHB_15377 + CHB_18208 = CHB_16705 + CHB_30745,penicillin G(aq) + H2O(l) = 6-aminopenicillanic acid(aq) + phenylacetic acid(aq),Tewari Y.B.; Goldberg R.N.; Biophys. Chem.; 29 245 (1988).,88TEW/GOL_1011, , ,316.15,6.65, ,0.879,HPLC,phosphate (0.1 mol dm-3),mol/kg;phosphate buffer=0.1;penicillin G=0.013;6-aminopenicillanic acid=0;phenylacetic acid=0  ,3.5.1.11,0.0 KCl & 0.0 KCl, , , , 
3430,3670.0,668.0,penicillin amidase,kegg:C05551 + kegg:C00001 = kegg:C02954 + kegg:C07086,CHB_15377 + CHB_18208 = CHB_16705 + CHB_30745,penicillin G(aq) + H2O(l) = 6-aminopenicillanic acid(aq) + phenylacetic acid(aq),Tewari Y.B.; Goldberg R.N.; Biophys. Chem.; 29 245 (1988).,88TEW/GOL_1011, , ,322.15,6.53, ,0.776,HPLC,phosphate (0.1 mol dm-3),mol/kg;phosphate buffer=0.1;penicillin G=0.013;6-aminopenicillanic acid=0;phenylacetic acid=0  ,3.5.1.11,0.0 KCl & 0.0 KCl, , , , 
3431,3657.0,667.0,penicillin amidase,kegg:C05551 + kegg:C00001 = kegg:C02954 + kegg:C07086,CHB_15377 + CHB_18208 = CHB_16705 + CHB_30745,penicillin G(aq) + H2O(l) = 6-aminopenicillanic acid(aq) + phenylacetic acid(aq),Tewari Y.B.; Goldberg R.N.; Biophys. Chem.; 29 245 (1988).,88TEW/GOL_1011, , ,322.15,6.75, ,1.19,HPLC,phosphate (0.1 mol dm-3),mol/kg;phosphate buffer=0.1;penicillin G=0.013;6-aminopenicillanic acid=0;phenylacetic acid=0  ,3.5.1.11,0.0 KCl & 0.0 KCl, , , , 
3432,,652.0,penicillin amidase,kegg:C05551 + kegg:C00001 = kegg:C02954 + kegg:C07086, ,penicillin G(aq) + H2O(l) = 6-aminopenicillanic acid(aq) + phenylacetic acid(aq),Tewari Y.B.; Goldberg R.N.; Biophys. Chem.; 29 245 (1988).,88TEW/GOL_1012,2839246.0,10.1016/0301-4622(88)85045-2,298.15,6.0, , ,calorimetry,phosphate (0.1 mol dm-3), ,3.5.1.11, , , , ,19.73
3433,,643.0,penicillin amidase,kegg:C05551 + kegg:C00001 = kegg:C02954 + kegg:C07086, ,penicillin G(aq) + H2O(l) = 6-aminopenicillanic acid(aq) + phenylacetic acid(aq),Tewari Y.B.; Goldberg R.N.; Biophys. Chem.; 29 245 (1988).,88TEW/GOL_1012,2839246.0,10.1016/0301-4622(88)85045-2,298.15,6.54, , ,calorimetry,phosphate (0.1 mol dm-3), ,3.5.1.11, , , , ,22.95
3434,,651.0,penicillin amidase,kegg:C05551 + kegg:C00001 = kegg:C02954 + kegg:C07086, ,penicillin G(aq) + H2O(l) = 6-aminopenicillanic acid(aq) + phenylacetic acid(aq),Tewari Y.B.; Goldberg R.N.; Biophys. Chem.; 29 245 (1988).,88TEW/GOL_1012,2839246.0,10.1016/0301-4622(88)85045-2,298.15,7.0, , ,calorimetry,phosphate (0.1 mol dm-3), ,3.5.1.11, , , , ,23.8
3435,,649.0,penicillin amidase,kegg:C05551 + kegg:C00001 = kegg:C02954 + kegg:C07086, ,penicillin G(aq) + H2O(l) = 6-aminopenicillanic acid(aq) + phenylacetic acid(aq),Tewari Y.B.; Goldberg R.N.; Biophys. Chem.; 29 245 (1988).,88TEW/GOL_1012,2839246.0,10.1016/0301-4622(88)85045-2,304.4,6.0, , ,calorimetry,phosphate (0.1 mol dm-3), ,3.5.1.11, , , , ,19.63
3436,,644.0,penicillin amidase,kegg:C05551 + kegg:C00001 = kegg:C02954 + kegg:C07086, ,penicillin G(aq) + H2O(l) = 6-aminopenicillanic acid(aq) + phenylacetic acid(aq),Tewari Y.B.; Goldberg R.N.; Biophys. Chem.; 29 245 (1988).,88TEW/GOL_1012,2839246.0,10.1016/0301-4622(88)85045-2,304.4,6.54, , ,calorimetry,phosphate (0.1 mol dm-3), ,3.5.1.11, , , , ,22.91
3437,,645.0,penicillin amidase,kegg:C05551 + kegg:C00001 = kegg:C02954 + kegg:C07086, ,penicillin G(aq) + H2O(l) = 6-aminopenicillanic acid(aq) + phenylacetic acid(aq),Tewari Y.B.; Goldberg R.N.; Biophys. Chem.; 29 245 (1988).,88TEW/GOL_1012,2839246.0,10.1016/0301-4622(88)85045-2,304.4,7.0, , ,calorimetry,phosphate (0.1 mol dm-3), ,3.5.1.11, , , , ,23.44
3438,,647.0,penicillin amidase,kegg:C05551 + kegg:C00001 = kegg:C02954 + kegg:C07086, ,penicillin G(aq) + H2O(l) = 6-aminopenicillanic acid(aq) + phenylacetic acid(aq),Tewari Y.B.; Goldberg R.N.; Biophys. Chem.; 29 245 (1988).,88TEW/GOL_1012,2839246.0,10.1016/0301-4622(88)85045-2,304.4,7.44, , ,calorimetry,phosphate (0.1 mol dm-3), ,3.5.1.11, , , , ,23.26
3439,,650.0,penicillin amidase,kegg:C05551 + kegg:C00001 = kegg:C02954 + kegg:C07086, ,penicillin G(aq) + H2O(l) = 6-aminopenicillanic acid(aq) + phenylacetic acid(aq),Tewari Y.B.; Goldberg R.N.; Biophys. Chem.; 29 245 (1988).,88TEW/GOL_1012,2839246.0,10.1016/0301-4622(88)85045-2,310.15,6.0, , ,calorimetry,phosphate (0.1 mol dm-3), ,3.5.1.11, , , , ,19.6
3440,,669.0,penicillin amidase,kegg:C05551 + kegg:C00001 = kegg:C02954 + kegg:C07086, ,penicillin G(aq) + H2O(l) = 6-aminopenicillanic acid(aq) + phenylacetic acid(aq),Tewari Y.B.; Goldberg R.N.; Biophys. Chem.; 29 245 (1988).,88TEW/GOL_1012,2839246.0,10.1016/0301-4622(88)85045-2,310.15,6.54, , ,HPLC,phosphate (0.1 mol dm-3), ,3.5.1.11, , , , ,22.61
3441,,646.0,penicillin amidase,kegg:C05551 + kegg:C00001 = kegg:C02954 + kegg:C07086, ,penicillin G(aq) + H2O(l) = 6-aminopenicillanic acid(aq) + phenylacetic acid(aq),Tewari Y.B.; Goldberg R.N.; Biophys. Chem.; 29 245 (1988).,88TEW/GOL_1012,2839246.0,10.1016/0301-4622(88)85045-2,310.15,7.0, , ,calorimetry,phosphate (0.1 mol dm-3), ,3.5.1.11, , , , ,23.48
3442,3681.0,412.0,alkaline phosphatase,kegg:C00085 + kegg:C00001 = kegg:C00095 + kegg:C00009,CHB_15377 + CHB_61553 = CHB_26078 + CHB_37721,D-fructose 6-phosphate(aq) + H2O(l) = D-fructose(aq) + orthophosphate(aq),Tewari Y.B.; Steckler D.K.; Goldberg R.N.; Gitomer W.L.; J. Biol. Chem.; 263 3670 (1988).,88TEW/STE2_766, , ,298.15,8.4,262, ,enzymatic assay and chromatography,Tris (0.1 mol dm-3) + HCl,mol/L;IS=0.29;Tris-HCl=0.1  ,3.1.3.1, , ,0.29, , 
3443,,402.0,alkaline phosphatase,kegg:C00085 + kegg:C00001 = kegg:C00095 + kegg:C00009, ,D-fructose 6-phosphate(aq) + H2O(l) = D-fructose(aq) + orthophosphate(aq),Tewari Y.B.; Steckler D.K.; Goldberg R.N.; Gitomer W.L.; J. Biol. Chem.; 263 3670 (1988).,88TEW/STE2_767, , ,298.15,8.85, , ,calorimetry,Tris,3.27 = -log[Mg+2],3.1.3.1, ,0.00054 MgCl2 & 0.1 Tris, , ,-7.43
3444,,403.0,alkaline phosphatase,kegg:C00085 + kegg:C00001 = kegg:C00095 + kegg:C00009, ,D-fructose 6-phosphate(aq) + H2O(l) = D-fructose(aq) + orthophosphate(aq),Tewari Y.B.; Steckler D.K.; Goldberg R.N.; Gitomer W.L.; J. Biol. Chem.; 263 3670 (1988).,88TEW/STE2_767, , ,304.8,8.85, , ,calorimetry,Tris,3.27 = -log[Mg+2],3.1.3.1, ,0.00054 MgCl2 & 0.1 Tris, , ,-7.58
3445,,408.0,alkaline phosphatase,kegg:C00085 + kegg:C00001 = kegg:C00095 + kegg:C00009, ,D-fructose 6-phosphate(aq) + H2O(l) = D-fructose(aq) + orthophosphate(aq),Tewari Y.B.; Steckler D.K.; Goldberg R.N.; Gitomer W.L.; J. Biol. Chem.; 263 3670 (1988).,88TEW/STE2_767, , ,311.15,7.87, , ,calorimetry,Tris,2.21 = -log[Mg+2],3.1.3.1, ,0.0061 MgCl2 & 0.1 Tris, , ,-5.52
3446,,399.0,alkaline phosphatase,kegg:C00085 + kegg:C00001 = kegg:C00095 + kegg:C00009, ,D-fructose 6-phosphate(aq) + H2O(l) = D-fructose(aq) + orthophosphate(aq),Tewari Y.B.; Steckler D.K.; Goldberg R.N.; Gitomer W.L.; J. Biol. Chem.; 263 3670 (1988).,88TEW/STE2_767, , ,311.15,8.42, , ,calorimetry,Tris,2.21 = -log[Mg+2],3.1.3.1, ,0.0061 MgCl2 & 0.1 Tris, , ,-6.7
3447,,404.0,alkaline phosphatase,kegg:C00085 + kegg:C00001 = kegg:C00095 + kegg:C00009, ,D-fructose 6-phosphate(aq) + H2O(l) = D-fructose(aq) + orthophosphate(aq),Tewari Y.B.; Steckler D.K.; Goldberg R.N.; Gitomer W.L.; J. Biol. Chem.; 263 3670 (1988).,88TEW/STE2_767, , ,311.15,8.54, , ,calorimetry,Tris,2.21 = -log[Mg+2],3.1.3.1, ,0.0061 MgCl2 & 0.1 Tris, , ,-6.9
3448,,406.0,alkaline phosphatase,kegg:C00085 + kegg:C00001 = kegg:C00095 + kegg:C00009, ,D-fructose 6-phosphate(aq) + H2O(l) = D-fructose(aq) + orthophosphate(aq),Tewari Y.B.; Steckler D.K.; Goldberg R.N.; Gitomer W.L.; J. Biol. Chem.; 263 3670 (1988).,88TEW/STE2_767, , ,311.15,8.62, , ,calorimetry,Tris,2.21 = -log[Mg+2],3.1.3.1, ,0.0061 MgCl2 & 0.1 Tris, , ,-6.82
3449,,400.0,alkaline phosphatase,kegg:C00085 + kegg:C00001 = kegg:C00095 + kegg:C00009, ,D-fructose 6-phosphate(aq) + H2O(l) = D-fructose(aq) + orthophosphate(aq),Tewari Y.B.; Steckler D.K.; Goldberg R.N.; Gitomer W.L.; J. Biol. Chem.; 263 3670 (1988).,88TEW/STE2_767, , ,311.15,8.8, , ,calorimetry,Tris,2.96 = -log[Mg+2],3.1.3.1, ,0.00054 MgCl2 & 0.1 Tris, , ,-8.08
3450,,401.0,alkaline phosphatase,kegg:C00085 + kegg:C00001 = kegg:C00095 + kegg:C00009, ,D-fructose 6-phosphate(aq) + H2O(l) = D-fructose(aq) + orthophosphate(aq),Tewari Y.B.; Steckler D.K.; Goldberg R.N.; Gitomer W.L.; J. Biol. Chem.; 263 3670 (1988).,88TEW/STE2_767, , ,311.15,8.8, , ,calorimetry,Tris,2.49 = -log[Mg+2],3.1.3.1, ,0.00078 MgCl2 & 0.3 Tris, , ,-8.52
3451,,405.0,alkaline phosphatase,kegg:C00085 + kegg:C00001 = kegg:C00095 + kegg:C00009, ,D-fructose 6-phosphate(aq) + H2O(l) = D-fructose(aq) + orthophosphate(aq),Tewari Y.B.; Steckler D.K.; Goldberg R.N.; Gitomer W.L.; J. Biol. Chem.; 263 3670 (1988).,88TEW/STE2_767, , ,311.15,8.8, , ,calorimetry,Tris,3.11 = -log[Mg+2],3.1.3.1, ,0.00078 MgCl2 & 0.64 Tris, , ,-9.25
3452,,407.0,alkaline phosphatase,kegg:C00085 + kegg:C00001 = kegg:C00095 + kegg:C00009, ,D-fructose 6-phosphate(aq) + H2O(l) = D-fructose(aq) + orthophosphate(aq),Tewari Y.B.; Steckler D.K.; Goldberg R.N.; Gitomer W.L.; J. Biol. Chem.; 263 3670 (1988).,88TEW/STE2_767, , ,311.15,8.8, , ,calorimetry,Tris,2.25 = -log[Mg+2],3.1.3.1, ,0.0011 MgCl2 & 0.1 Tris, , ,-7.99
3453,,410.0,alkaline phosphatase,kegg:C00085 + kegg:C00001 = kegg:C00095 + kegg:C00009, ,D-fructose 6-phosphate(aq) + H2O(l) = D-fructose(aq) + orthophosphate(aq),Tewari Y.B.; Steckler D.K.; Goldberg R.N.; Gitomer W.L.; J. Biol. Chem.; 263 3670 (1988).,88TEW/STE2_767, , ,311.15,8.8, , ,calorimetry,Tris,3.27 = -log[Mg+2],3.1.3.1, ,0.0032 MgCl2 & 0.1 Tris, , ,-7.07
3454,,411.0,alkaline phosphatase,kegg:C00085 + kegg:C00001 = kegg:C00095 + kegg:C00009, ,D-fructose 6-phosphate(aq) + H2O(l) = D-fructose(aq) + orthophosphate(aq),Tewari Y.B.; Steckler D.K.; Goldberg R.N.; Gitomer W.L.; J. Biol. Chem.; 263 3670 (1988).,88TEW/STE2_767, , ,311.15,8.8, , ,calorimetry,Tris,3.11 = -log[Mg+2],3.1.3.1, ,0.0056 MgCl2 & 0.1 Tris, , ,-7.29
3455,,409.0,alkaline phosphatase,kegg:C00085 + kegg:C00001 = kegg:C00095 + kegg:C00009, ,D-fructose 6-phosphate(aq) + H2O(l) = D-fructose(aq) + orthophosphate(aq),Tewari Y.B.; Steckler D.K.; Goldberg R.N.; Gitomer W.L.; J. Biol. Chem.; 263 3670 (1988).,88TEW/STE2_767, , ,311.15,8.99, , ,calorimetry,Tris,2.21 = -log[Mg+2],3.1.3.1, ,0.0061 MgCl2 & 0.1 Tris, , ,-6.95
3456,,776.0,alkaline phosphatase,kegg:C00092 + kegg:C00001 = kegg:C00031 + kegg:C00009, ,D-glucose 6-phosphate(aq) + H2O(l) = D-glucose(aq) + orthophosphate(aq),Tewari Y.B.; Steckler D.K.; Goldberg R.N.; Gitomer W.L.; J. Biol. Chem.; 263 3670 (1988).,88TEW/STE2_775, , ,298.15,8.9, , ,calorimetry,Tris + (HCl or HNO3),3.27 = -log[Mg+2],3.1.3.1, ,0.00054 MgCl2 & 0.1 Tris, , ,0.99
3457,,782.0,alkaline phosphatase,kegg:C00092 + kegg:C00001 = kegg:C00031 + kegg:C00009, ,D-glucose 6-phosphate(aq) + H2O(l) = D-glucose(aq) + orthophosphate(aq),Tewari Y.B.; Steckler D.K.; Goldberg R.N.; Gitomer W.L.; J. Biol. Chem.; 263 3670 (1988).,88TEW/STE2_775, , ,298.15,8.9, , ,calorimetry,Tris + (HCl or HNO3),3.0 = -log[Mg+2],3.1.3.1, ,0.001 MgCl2 & 0.1 Tris, , ,0.94
3458,,777.0,alkaline phosphatase,kegg:C00092 + kegg:C00001 = kegg:C00031 + kegg:C00009, ,D-glucose 6-phosphate(aq) + H2O(l) = D-glucose(aq) + orthophosphate(aq),Tewari Y.B.; Steckler D.K.; Goldberg R.N.; Gitomer W.L.; J. Biol. Chem.; 263 3670 (1988).,88TEW/STE2_775, , ,304.8,8.9, , ,calorimetry,Tris + (HCl or HNO3),3.27 = -log[Mg+2],3.1.3.1, ,0.00054 MgCl2 & 0.1 Tris, , ,0.76
3459,,784.0,alkaline phosphatase,kegg:C00092 + kegg:C00001 = kegg:C00031 + kegg:C00009, ,D-glucose 6-phosphate(aq) + H2O(l) = D-glucose(aq) + orthophosphate(aq),Tewari Y.B.; Steckler D.K.; Goldberg R.N.; Gitomer W.L.; J. Biol. Chem.; 263 3670 (1988).,88TEW/STE2_775, , ,311.15,7.87, , ,calorimetry,Tris + (HCl or HNO3),2.2 = -log[Mg+2],3.1.3.1, ,0.0063 MgCl2 & 0.1 Tris, , ,2.46
3460,,783.0,alkaline phosphatase,kegg:C00092 + kegg:C00001 = kegg:C00031 + kegg:C00009, ,D-glucose 6-phosphate(aq) + H2O(l) = D-glucose(aq) + orthophosphate(aq),Tewari Y.B.; Steckler D.K.; Goldberg R.N.; Gitomer W.L.; J. Biol. Chem.; 263 3670 (1988).,88TEW/STE2_775, , ,311.15,8.53, , ,calorimetry,Tris + (HCl or HNO3),2.2 = -log[Mg+2],3.1.3.1, ,0.0063 MgCl2 & 0.1 Tris, , ,1.17
3461,,779.0,alkaline phosphatase,kegg:C00092 + kegg:C00001 = kegg:C00031 + kegg:C00009, ,D-glucose 6-phosphate(aq) + H2O(l) = D-glucose(aq) + orthophosphate(aq),Tewari Y.B.; Steckler D.K.; Goldberg R.N.; Gitomer W.L.; J. Biol. Chem.; 263 3670 (1988).,88TEW/STE2_775, , ,311.15,8.58, , ,calorimetry,Tris + (HCl or HNO3),2.2 = -log[Mg+2],3.1.3.1, ,0.0063 MgCl2 & 0.1 Tris, , ,1.09
3462,,772.0,alkaline phosphatase,kegg:C00092 + kegg:C00001 = kegg:C00031 + kegg:C00009, ,D-glucose 6-phosphate(aq) + H2O(l) = D-glucose(aq) + orthophosphate(aq),Tewari Y.B.; Steckler D.K.; Goldberg R.N.; Gitomer W.L.; J. Biol. Chem.; 263 3670 (1988).,88TEW/STE2_775, , ,311.15,8.68, , ,calorimetry,Tris + (HCl or HNO3),2.2 = -log[Mg+2],3.1.3.1, ,0.0063 MgCl2 & 0.1 Tris, , ,1.37
3463,,773.0,alkaline phosphatase,kegg:C00092 + kegg:C00001 = kegg:C00031 + kegg:C00009, ,D-glucose 6-phosphate(aq) + H2O(l) = D-glucose(aq) + orthophosphate(aq),Tewari Y.B.; Steckler D.K.; Goldberg R.N.; Gitomer W.L.; J. Biol. Chem.; 263 3670 (1988).,88TEW/STE2_775, , ,311.15,8.8, , ,calorimetry,Tris + (HCl or HNO3),3.27 = -log[Mg+2],3.1.3.1, ,0.00054 MgCl2 & 0.1 Tris, , ,0.47
3464,,774.0,alkaline phosphatase,kegg:C00092 + kegg:C00001 = kegg:C00031 + kegg:C00009, ,D-glucose 6-phosphate(aq) + H2O(l) = D-glucose(aq) + orthophosphate(aq),Tewari Y.B.; Steckler D.K.; Goldberg R.N.; Gitomer W.L.; J. Biol. Chem.; 263 3670 (1988).,88TEW/STE2_775, , ,311.15,8.8, , ,calorimetry,Tris + (HCl or HNO3),2.2 = -log[Mg+2],3.1.3.1, ,0.00108 MgCl2 & 0.1 Tris, , ,0.42
3465,,780.0,alkaline phosphatase,kegg:C00092 + kegg:C00001 = kegg:C00031 + kegg:C00009, ,D-glucose 6-phosphate(aq) + H2O(l) = D-glucose(aq) + orthophosphate(aq),Tewari Y.B.; Steckler D.K.; Goldberg R.N.; Gitomer W.L.; J. Biol. Chem.; 263 3670 (1988).,88TEW/STE2_775, , ,311.15,8.8, , ,calorimetry,Tris + (HCl or HNO3),2.97 = -log[Mg+2],3.1.3.1, ,0.0032 MgCl2 & 0.1 Tris, , ,0.8
3466,,781.0,alkaline phosphatase,kegg:C00092 + kegg:C00001 = kegg:C00031 + kegg:C00009, ,D-glucose 6-phosphate(aq) + H2O(l) = D-glucose(aq) + orthophosphate(aq),Tewari Y.B.; Steckler D.K.; Goldberg R.N.; Gitomer W.L.; J. Biol. Chem.; 263 3670 (1988).,88TEW/STE2_775, , ,311.15,8.8, , ,calorimetry,Tris + (HCl or HNO3),2.49 = -log[Mg+2],3.1.3.1, ,0.0063 MgCl2 & 0.1 Tris, , ,1.17
3467,,775.0,alkaline phosphatase,kegg:C00092 + kegg:C00001 = kegg:C00031 + kegg:C00009, ,D-glucose 6-phosphate(aq) + H2O(l) = D-glucose(aq) + orthophosphate(aq),Tewari Y.B.; Steckler D.K.; Goldberg R.N.; Gitomer W.L.; J. Biol. Chem.; 263 3670 (1988).,88TEW/STE2_775, , ,311.15,8.83, , ,calorimetry,Tris + (HCl or HNO3),3.18 = -log[Mg+2],3.1.3.1, ,0.00066 MgCl2 & 0.3 Tris, , ,0.18
3468,,785.0,alkaline phosphatase,kegg:C00092 + kegg:C00001 = kegg:C00031 + kegg:C00009, ,D-glucose 6-phosphate(aq) + H2O(l) = D-glucose(aq) + orthophosphate(aq),Tewari Y.B.; Steckler D.K.; Goldberg R.N.; Gitomer W.L.; J. Biol. Chem.; 263 3670 (1988).,88TEW/STE2_775, , ,311.15,8.83, , ,calorimetry,Tris + (HCl or HNO3),3.18 = -log[Mg+2],3.1.3.1, ,0.00066 MgCl2 & 0.64 Tris, , ,-0.44
3469,,778.0,alkaline phosphatase,kegg:C00092 + kegg:C00001 = kegg:C00031 + kegg:C00009, ,D-glucose 6-phosphate(aq) + H2O(l) = D-glucose(aq) + orthophosphate(aq),Tewari Y.B.; Steckler D.K.; Goldberg R.N.; Gitomer W.L.; J. Biol. Chem.; 263 3670 (1988).,88TEW/STE2_775, , ,311.15,9.15, , ,calorimetry,Tris + (HCl or HNO3),2.2 = -log[Mg+2],3.1.3.1, ,0.0063 MgCl2 & 0.1 Tris, , ,0.95
3470,,3118.0,alkaline phosphatase,kegg:C00275 + kegg:C00001 = kegg:C00159 + kegg:C00009, ,D-mannose 6-phosphate(aq) + H2O(l) = D-mannose(aq) + orthophosphate(aq),Tewari Y.B.; Steckler D.K.; Goldberg R.N.; Gitomer W.L.; J. Biol. Chem.; 263 3670 (1988).,88TEW/STE2_787, , ,298.15,8.6, , ,calorimetry,Tris, ,3.1.3.1, , , , ,1.78
3471,,3119.0,alkaline phosphatase,kegg:C00275 + kegg:C00001 = kegg:C00159 + kegg:C00009, ,D-mannose 6-phosphate(aq) + H2O(l) = D-mannose(aq) + orthophosphate(aq),Tewari Y.B.; Steckler D.K.; Goldberg R.N.; Gitomer W.L.; J. Biol. Chem.; 263 3670 (1988).,88TEW/STE2_787, , ,304.65,8.6, , ,calorimetry,Tris, ,3.1.3.1, , , , ,1.48
3472,,3120.0,alkaline phosphatase,kegg:C00275 + kegg:C00001 = kegg:C00159 + kegg:C00009, ,D-mannose 6-phosphate(aq) + H2O(l) = D-mannose(aq) + orthophosphate(aq),Tewari Y.B.; Steckler D.K.; Goldberg R.N.; Gitomer W.L.; J. Biol. Chem.; 263 3670 (1988).,88TEW/STE2_787, , ,310.15,8.6, , ,calorimetry,Tris, ,3.1.3.1, , , , ,1.22
3473,,3070.0,alkaline phosphatase,kegg:C00117 + kegg:C00001 = kegg:C00121 + kegg:C00009, ,D-ribose 5-phosphate(aq) + H2O(l) = D-ribose(aq) + orthophosphate(aq),Tewari Y.B.; Steckler D.K.; Goldberg R.N.; Gitomer W.L.; J. Biol. Chem.; 263 3670 (1988).,88TEW/STE2_813, , ,298.15,8.4, , ,calorimetry,Tris, ,3.1.3.1, , , , ,-5.03
3474,,3072.0,alkaline phosphatase,kegg:C00117 + kegg:C00001 = kegg:C00121 + kegg:C00009, ,D-ribose 5-phosphate(aq) + H2O(l) = D-ribose(aq) + orthophosphate(aq),Tewari Y.B.; Steckler D.K.; Goldberg R.N.; Gitomer W.L.; J. Biol. Chem.; 263 3670 (1988).,88TEW/STE2_813, , ,304.65,8.4, , ,calorimetry,Tris, ,3.1.3.1, , , , ,-5.57
3475,,3071.0,alkaline phosphatase,kegg:C00117 + kegg:C00001 = kegg:C00121 + kegg:C00009, ,D-ribose 5-phosphate(aq) + H2O(l) = D-ribose(aq) + orthophosphate(aq),Tewari Y.B.; Steckler D.K.; Goldberg R.N.; Gitomer W.L.; J. Biol. Chem.; 263 3670 (1988).,88TEW/STE2_813, , ,310.15,8.4, , ,calorimetry,Tris, ,3.1.3.1, , , , ,-5.76
3476,,3069.0,alkaline phosphatase,kegg:C00199 + kegg:C00001 = kegg:C00309 + kegg:C00009, ,D-ribulose 5-phosphate(aq) + H2O(l) = D-ribulose(aq) + orthophosphate(aq),Tewari Y.B.; Steckler D.K.; Goldberg R.N.; Gitomer W.L.; J. Biol. Chem.; 263 3670 (1988).,88TEW/STE2_814,3346216.0, ,298.15,8.5, , ,calorimetry,Tris, ,3.1.3.1, , , , ,-11.96
3477,,3067.0,alkaline phosphatase,kegg:C00199 + kegg:C00001 = kegg:C00309 + kegg:C00009, ,D-ribulose 5-phosphate(aq) + H2O(l) = D-ribulose(aq) + orthophosphate(aq),Tewari Y.B.; Steckler D.K.; Goldberg R.N.; Gitomer W.L.; J. Biol. Chem.; 263 3670 (1988).,88TEW/STE2_814,3346216.0, ,304.65,8.5, , ,calorimetry,Tris, ,3.1.3.1, , , , ,-12.46
3478,,3068.0,alkaline phosphatase,kegg:C00199 + kegg:C00001 = kegg:C00309 + kegg:C00009, ,D-ribulose 5-phosphate(aq) + H2O(l) = D-ribulose(aq) + orthophosphate(aq),Tewari Y.B.; Steckler D.K.; Goldberg R.N.; Gitomer W.L.; J. Biol. Chem.; 263 3670 (1988).,88TEW/STE2_814,3346216.0, ,310.15,8.5, , ,calorimetry,Tris, ,3.1.3.1, , , , ,-13.07
3479,,390.0,ribose-5-phosphate isomerase,kegg:C00117 = kegg:C00199, ,D-ribose 5-phosphate(aq) = D-ribulose 5-phosphate(aq),Tewari Y.B.; Steckler D.K.; Goldberg R.N.; J. Biol. Chem.; 263 3664 (1988).,88TEW/STE_1339, , ,298.15,8.52, , ,calorimetry,Tris (0.1 mol dm-3), ,5.3.1.6, , , , ,14
3480,3679.0,1430.0,mannose-6-phosphate isomerase,kegg:C00275 = kegg:C00085,CHB_43896 = CHB_61553,D-mannose 6-phosphate(aq) = D-fructose 6-phosphate(aq),Tewari Y.B.; Steckler D.K.; Goldberg R.N.; J. Biol. Chem.; 263 3664 (1988).,88TEW/STE_1347, , ,298.15,8.5,0.99, ,calorimetry,Tris (0.1 mol dm-3),mol/L;Tris=0.1  ,5.3.1.8, , , , , 
3481,3680.0,1432.0,mannose-6-phosphate isomerase,kegg:C00275 = kegg:C00085,CHB_43896 = CHB_61553,D-mannose 6-phosphate(aq) = D-fructose 6-phosphate(aq),Tewari Y.B.; Steckler D.K.; Goldberg R.N.; J. Biol. Chem.; 263 3664 (1988).,88TEW/STE_1347, , ,304.75,8.5,1.03, ,calorimetry,Tris (0.1 mol dm-3),mol/L;Tris=0.1  ,5.3.1.8, , , , , 
3482,,1433.0,mannose-6-phosphate isomerase,kegg:C00275 = kegg:C00085, ,D-mannose 6-phosphate(aq) = D-fructose 6-phosphate(aq),Tewari Y.B.; Steckler D.K.; Goldberg R.N.; J. Biol. Chem.; 263 3664 (1988).,88TEW/STE_1348, , ,298.15,8.5, , ,calorimetry,Tris (0.1 mol dm-3), ,5.3.1.8, , , , ,8.46
3483,,1431.0,mannose-6-phosphate isomerase,kegg:C00275 = kegg:C00085, ,D-mannose 6-phosphate(aq) = D-fructose 6-phosphate(aq),Tewari Y.B.; Steckler D.K.; Goldberg R.N.; J. Biol. Chem.; 263 3664 (1988).,88TEW/STE_1348, , ,304.74,8.5, , ,calorimetry,Tris (0.1 mol dm-3), ,5.3.1.8, , , , ,8.71
3484,3672.0,2220.0,glucose-6-phosphate isomerase,kegg:C00092 = kegg:C00085,CHB_4170 = CHB_61553,D-glucose 6-phosphate(aq) = D-fructose 6-phosphate(aq),Tewari Y.B.; Steckler D.K.; Goldberg R.N.; J. Biol. Chem.; 263 3664 (1988).,88TEW/STE_1360, , ,298.15,8.7,0.287, ,calorimetry,Tris,4.0 = -log[Mg+2] _ mol/L;Tris=0.1;(Mg)1(Cl)2=0.001 _ MgCl2 (0.001 mol/L) _ ,5.3.1.9, ,0.0001 MgCl2 & 0.1 Tris, , , 
3485,3675.0,2213.0,glucose-6-phosphate isomerase,kegg:C00092 = kegg:C00085,CHB_4170 = CHB_61553,D-glucose 6-phosphate(aq) = D-fructose 6-phosphate(aq),Tewari Y.B.; Steckler D.K.; Goldberg R.N.; J. Biol. Chem.; 263 3664 (1988).,88TEW/STE_1360, , ,298.15,8.7,0.293, ,calorimetry,Tris,3.0 = -log[Mg+2] _ mol/L;Tris=0.1;(Mg)1(Cl)2=0.0001 _ MgCl2 (0.0001 mol/L) _ ,5.3.1.9, ,0.001 MgCl2 & 0.1 Tris, , , 
3486,3673.0,2214.0,glucose-6-phosphate isomerase,kegg:C00092 = kegg:C00085,CHB_4170 = CHB_61553,D-glucose 6-phosphate(aq) = D-fructose 6-phosphate(aq),Tewari Y.B.; Steckler D.K.; Goldberg R.N.; J. Biol. Chem.; 263 3664 (1988).,88TEW/STE_1360, , ,298.15,8.7,0.299, ,calorimetry,Tris,3.0 = -log[Mg+2] _ mol/L;Tris=0.3;(Mg)1(Cl)2=0.001 _ MgCl2 (0.001 mol/L) _ ,5.3.1.9, ,0.001 MgCl2 & 0.3 Tris, , , 
3487,3674.0,2215.0,glucose-6-phosphate isomerase,kegg:C00092 = kegg:C00085,CHB_4170 = CHB_61553,D-glucose 6-phosphate(aq) = D-fructose 6-phosphate(aq),Tewari Y.B.; Steckler D.K.; Goldberg R.N.; J. Biol. Chem.; 263 3664 (1988).,88TEW/STE_1360, , ,298.15,8.7,0.302, ,calorimetry,Tris,3.0 = -log[Mg+2] _ mol/L;Tris=0.64;(Mg)1(Cl)2=0.001 _ MgCl2 (0.001 mol/L) _ ,5.3.1.9, ,0.001 MgCl2 & 0.64 Tris, , , 
3488,3671.0,2219.0,glucose-6-phosphate isomerase,kegg:C00092 = kegg:C00085,CHB_4170 = CHB_61553,D-glucose 6-phosphate(aq) = D-fructose 6-phosphate(aq),Tewari Y.B.; Steckler D.K.; Goldberg R.N.; J. Biol. Chem.; 263 3664 (1988).,88TEW/STE_1360, , ,298.15,8.7,0.308, ,calorimetry,Tris,2.6 = -log[Mg+2] _ mol/L;Tris=0.1;(Mg)1(Cl)2=0.0025 _ MgCl2 (0.0025 mol/L) _ ,5.3.1.9, ,0.0025 MgCl2 & 0.1 Tris, , , 
3489,3676.0,2216.0,glucose-6-phosphate isomerase,kegg:C00092 = kegg:C00085,CHB_4170 = CHB_61553,D-glucose 6-phosphate(aq) = D-fructose 6-phosphate(aq),Tewari Y.B.; Steckler D.K.; Goldberg R.N.; J. Biol. Chem.; 263 3664 (1988).,88TEW/STE_1360, , ,304.95,8.7,0.31, ,calorimetry,Tris,4.0 = -log[Mg+2] _ mol/L;Tris=0.1;(Mg)1(Cl)2=0.0001 _ MgCl2 (0.0001 mol/L) _ ,5.3.1.9, ,0.0001 MgCl2 & 0.1 Tris, , , 
3490,3677.0,2217.0,glucose-6-phosphate isomerase,kegg:C00092 = kegg:C00085,CHB_4170 = CHB_61553,D-glucose 6-phosphate(aq) = D-fructose 6-phosphate(aq),Tewari Y.B.; Steckler D.K.; Goldberg R.N.; J. Biol. Chem.; 263 3664 (1988).,88TEW/STE_1360, , ,310.15,8.7,0.329, ,calorimetry,Tris,4.0 = -log[Mg+2] _ mol/L;Tris=0.1;(Mg)1(Cl)2=0.0001 _ MgCl2 (0.0001 mol/L) _ ,5.3.1.9, ,0.0001 MgCl2 & 0.1 Tris, , , 
3491,3678.0,2218.0,glucose-6-phosphate isomerase,kegg:C00092 = kegg:C00085,CHB_4170 = CHB_61553,D-glucose 6-phosphate(aq) = D-fructose 6-phosphate(aq),Tewari Y.B.; Steckler D.K.; Goldberg R.N.; J. Biol. Chem.; 263 3664 (1988).,88TEW/STE_1360, , ,316.15,8.7,0.357, ,calorimetry,Tris,4.0 = -log[Mg+2] _ mol/L;Tris=0.1;(Mg)1(Cl)2=0.0001 _ MgCl2 (0.0001 mol/L) _ ,5.3.1.9, ,0.0001 MgCl2 & 0.1 Tris, , , 
3492,,2221.0,glucose-6-phosphate isomerase,kegg:C00092 = kegg:C00085, ,D-glucose 6-phosphate(aq) = D-fructose 6-phosphate(aq),Tewari Y.B.; Steckler D.K.; Goldberg R.N.; J. Biol. Chem.; 263 3664 (1988).,88TEW/STE_1361,3346215.0, ,298.15,8.7, , ,calorimetry,Tris,3.0 = -log[Mg+2],5.3.1.9, ,0.0001 MgCl2 & 0.1 Tris, , ,11.65
3493,,2224.0,glucose-6-phosphate isomerase,kegg:C00092 = kegg:C00085, ,D-glucose 6-phosphate(aq) = D-fructose 6-phosphate(aq),Tewari Y.B.; Steckler D.K.; Goldberg R.N.; J. Biol. Chem.; 263 3664 (1988).,88TEW/STE_1361,3346215.0, ,298.15,8.7, , ,calorimetry,Tris,3.0 = -log[Mg+2],5.3.1.9, ,0.001 MgCl2 & 0.1 Tris, , ,11.77
3494,,2226.0,glucose-6-phosphate isomerase,kegg:C00092 = kegg:C00085, ,D-glucose 6-phosphate(aq) = D-fructose 6-phosphate(aq),Tewari Y.B.; Steckler D.K.; Goldberg R.N.; J. Biol. Chem.; 263 3664 (1988).,88TEW/STE_1361,3346215.0, ,298.15,8.7, , ,calorimetry,Tris,3.0 = -log[Mg+2],5.3.1.9, ,0.001 MgCl2 & 0.3 Tris, , ,11.69
3495,,2227.0,glucose-6-phosphate isomerase,kegg:C00092 = kegg:C00085, ,D-glucose 6-phosphate(aq) = D-fructose 6-phosphate(aq),Tewari Y.B.; Steckler D.K.; Goldberg R.N.; J. Biol. Chem.; 263 3664 (1988).,88TEW/STE_1361,3346215.0, ,298.15,8.7, , ,calorimetry,Tris,2.6 = -log[Mg+2],5.3.1.9, ,0.001 MgCl2 & 0.64 Tris, , ,11.67
3496,,2228.0,glucose-6-phosphate isomerase,kegg:C00092 = kegg:C00085, ,D-glucose 6-phosphate(aq) = D-fructose 6-phosphate(aq),Tewari Y.B.; Steckler D.K.; Goldberg R.N.; J. Biol. Chem.; 263 3664 (1988).,88TEW/STE_1361,3346215.0, ,298.15,8.7, , ,calorimetry,Tris,4.0 = -log[Mg+2],5.3.1.9, ,0.0025 MgCl2 & 0.1 Tris, , ,11.63
3497,,2225.0,glucose-6-phosphate isomerase,kegg:C00092 = kegg:C00085, ,D-glucose 6-phosphate(aq) = D-fructose 6-phosphate(aq),Tewari Y.B.; Steckler D.K.; Goldberg R.N.; J. Biol. Chem.; 263 3664 (1988).,88TEW/STE_1361,3346215.0, ,304.95,8.7, , ,calorimetry,Tris,4.0 = -log[Mg+2],5.3.1.9, ,0.0001 MgCl2 & 0.1 Tris, , ,11.82
3498,,2223.0,glucose-6-phosphate isomerase,kegg:C00092 = kegg:C00085, ,D-glucose 6-phosphate(aq) = D-fructose 6-phosphate(aq),Tewari Y.B.; Steckler D.K.; Goldberg R.N.; J. Biol. Chem.; 263 3664 (1988).,88TEW/STE_1361,3346215.0, ,310.15,8.7, , ,calorimetry,Tris,4.0 = -log[Mg+2],5.3.1.9, ,0.0001 MgCl2 & 0.1 Tris, , ,12.17
3499,,2222.0,glucose-6-phosphate isomerase,kegg:C00092 = kegg:C00085, ,D-glucose 6-phosphate(aq) = D-fructose 6-phosphate(aq),Tewari Y.B.; Steckler D.K.; Goldberg R.N.; J. Biol. Chem.; 263 3664 (1988).,88TEW/STE_1361,3346215.0, ,316.15,8.7, , ,calorimetry,Tris,4.0 = -log[Mg+2],5.3.1.9, ,0.0001 MgCl2 & 0.1 Tris, , ,12.42
3500,3682.0,3852.0,pantothenase,kegg:C00864 + kegg:C00001 = kegg:C00522 + kegg:C00099,CHB_15377 + CHB_16454 = CHB_14737 + CHB_16958,pantothenate(aq) + H2O(l) = pantoic acid(aq) + Î²-alanine(aq),Airas R.K.; Acta Chem. Scand.; 43 386 (1989).,89AIR_1032, , ,284.95,8.1,0.0383, ,paper chromatography and radioactivity,Tris (0.025 mol dm-3) and Tricine (0.025 mol dm-3),mol/L;Tris=0.025;tricine=0.025  ,3.5.1.22, , , , , 
3501,3683.0,3853.0,pantothenase,kegg:C00864 + kegg:C00001 = kegg:C00522 + kegg:C00099,CHB_15377 + CHB_16454 = CHB_14737 + CHB_16958,pantothenate(aq) + H2O(l) = pantoic acid(aq) + Î²-alanine(aq),Airas R.K.; Acta Chem. Scand.; 43 386 (1989).,89AIR_1032, , ,287.75,8.1,0.0411, ,paper chromatography and radioactivity,Tris (0.025 mol dm-3) and Tricine (0.025 mol dm-3),mol/L;Tris=0.025;tricine=0.025  ,3.5.1.22, , , , , 
3502,3685.0,3854.0,pantothenase,kegg:C00864 + kegg:C00001 = kegg:C00522 + kegg:C00099,CHB_15377 + CHB_16454 = CHB_14737 + CHB_16958,pantothenate(aq) + H2O(l) = pantoic acid(aq) + Î²-alanine(aq),Airas R.K.; Acta Chem. Scand.; 43 386 (1989).,89AIR_1032, , ,292.35,8.1,0.0664, ,paper chromatography and radioactivity,Tris (0.025 mol dm-3) and Tricine (0.025 mol dm-3),mol/L;Tris=0.025;tricine=0.025  ,3.5.1.22, , , , , 
3503,3684.0,3855.0,pantothenase,kegg:C00864 + kegg:C00001 = kegg:C00522 + kegg:C00099,CHB_15377 + CHB_16454 = CHB_14737 + CHB_16958,pantothenate(aq) + H2O(l) = pantoic acid(aq) + Î²-alanine(aq),Airas R.K.; Acta Chem. Scand.; 43 386 (1989).,89AIR_1032, , ,295.65,8.1,0.0655, ,paper chromatography and radioactivity,Tris (0.025 mol dm-3) and Tricine (0.025 mol dm-3),mol/L;Tris=0.025;tricine=0.025  ,3.5.1.22, , , , , 
3504,3687.0,3856.0,pantothenase,kegg:C00864 + kegg:C00001 = kegg:C00522 + kegg:C00099,CHB_15377 + CHB_16454 = CHB_14737 + CHB_16958,pantothenate(aq) + H2O(l) = pantoic acid(aq) + Î²-alanine(aq),Airas R.K.; Acta Chem. Scand.; 43 386 (1989).,89AIR_1032, , ,298.15,8.1,0.079, ,paper chromatography and radioactivity,Tris (0.025 mol dm-3) and Tricine (0.025 mol dm-3),mol/L;Tris=0.025;tricine=0.025  ,3.5.1.22, , , , , 
3505,3686.0,3857.0,pantothenase,kegg:C00864 + kegg:C00001 = kegg:C00522 + kegg:C00099,CHB_15377 + CHB_16454 = CHB_14737 + CHB_16958,pantothenate(aq) + H2O(l) = pantoic acid(aq) + Î²-alanine(aq),Airas R.K.; Acta Chem. Scand.; 43 386 (1989).,89AIR_1032, , ,299.25,8.1,0.0764, ,paper chromatography and radioactivity,Tris (0.025 mol dm-3) and Tricine (0.025 mol dm-3),mol/L;Tris=0.025;tricine=0.025  ,3.5.1.22, , , , , 
3506,,2830.0,NAD+ nucleosidase,kegg:C00003 + kegg:C00001 = kegg:C00153 + kegg:C01882, ,NAD(aq) + H2O(l) = nicotinamide(aq) + ADPribose(aq),Berger R.L.; Mudd C.P.; Clem T.; Kolobow T.; Beile E.; Simons P.C.; Michel S.; McClintock W.; J. Biochem. Biophys. Meth.; 18 113 (1989).,89BER/MUD_947, , ,298.15,7.4, , ,calorimetry,Bis-tris (0.2 mol dm-3), ,3.2.2.5, , , , ,25.8
3507,3688.0,4378.0,creatine kinase,kegg:C00002 + kegg:C00300 = kegg:C00008 + kegg:C02305,CHB_15422 + CHB_16919 = CHB_16761 + CHB_17287,ATP(aq) + creatine(aq) = ADP(aq) + phosphocreatine(aq),Eldar H.; Degani H.; Magn. Reson. Med.; 11 121 (1989).,89ELD/DEG_602, , ,286.65,8.2,0.033, ,NMR,Hepes (0.050 mol dm-3),mol/L;HEPES=0.05  ,2.7.3.2, , , , , 
3508,3689.0,4377.0,creatine kinase,kegg:C00002 + kegg:C00300 = kegg:C00008 + kegg:C02305,CHB_15422 + CHB_16919 = CHB_16761 + CHB_17287,ATP(aq) + creatine(aq) = ADP(aq) + phosphocreatine(aq),Eldar H.; Degani H.; Magn. Reson. Med.; 11 121 (1989).,89ELD/DEG_602, , ,295.15,8.2,0.0406, ,NMR,Hepes (0.050 mol dm-3),mol/L;HEPES=0.05  ,2.7.3.2, , , , , 
3509,3690.0,4379.0,creatine kinase,kegg:C00002 + kegg:C00300 = kegg:C00008 + kegg:C02305,CHB_15422 + CHB_16919 = CHB_16761 + CHB_17287,ATP(aq) + creatine(aq) = ADP(aq) + phosphocreatine(aq),Eldar H.; Degani H.; Magn. Reson. Med.; 11 121 (1989).,89ELD/DEG_602, , ,303.15,8.2,0.0417, ,NMR,Hepes (0.050 mol dm-3),mol/L;HEPES=0.05  ,2.7.3.2, , , , , 
3510,3691.0,4380.0,creatine kinase,kegg:C00002 + kegg:C00300 = kegg:C00008 + kegg:C02305,CHB_15422 + CHB_16919 = CHB_16761 + CHB_17287,ATP(aq) + creatine(aq) = ADP(aq) + phosphocreatine(aq),Eldar H.; Degani H.; Magn. Reson. Med.; 11 121 (1989).,89ELD/DEG_602, , ,308.15,8.2,0.0453, ,NMR,Hepes (0.050 mol dm-3),mol/L;HEPES=0.05  ,2.7.3.2, , , , , 
3511,,1871.0,guanidinoacetate kinase,kegg:C00002 + kegg:C00581 = kegg:C00008 + kegg:C03166, ,ATP(aq) + guanidinoacetate(aq) = ADP(aq) + phosphoguanidinoacetate(aq),Ellington W.R.; J. Exp. Biol.; 143 177 (1989).,89ELL_588, , ,308.15,7.25,29, ,NMR and enzymatic assay,mercaptoethanol (0.014 mol dm-3) + Hepes (0.050 mol dm-3), ,2.7.3.1, , , , , 
3512,,2747.0,arginine kinase,kegg:C00002 + kegg:C00062 = kegg:C00008 + kegg:C05945, ,ATP(aq) + L-arginine(aq) = ADP(aq) + NÏ‰-phospho-L-arginine(aq),Ellington W.R.; J. Exp. Biol.; 143 177 (1989).,89ELL_621, , ,308.15,7.25,13, ,NMR and enzymatic assay,mercaptoethanol (0.014 mol dm-3) + Hepes (0.050 mol dm-3), ,2.7.3.3, , , , , 
3513,,2745.0,taurocyamine kinase,kegg:C00002 + kegg:C01959 = kegg:C00008 + kegg:C03149, ,ATP(aq) + taurocyamine(aq) = ADP(aq) + NÏ‰-phosphotaurocyamine(aq),Ellington W.R.; J. Exp. Biol.; 143 177 (1989).,89ELL_625, , ,308.15,7.25,29, ,NMR and enzymatic assay,mercaptoethanol (0.014 mol dm-3) + Hepes (0.050 mol dm-3), ,2.7.3.4, , , , , 
3514,,2746.0,lombricine kinase,kegg:C00002 + kegg:C14177 = kegg:C00008 + kegg:C14178, ,ATP(aq) + lombricine(aq) = ADP(aq) + NÏ‰-phospholombricine(aq),Ellington W.R.; J. Exp. Biol.; 143 177 (1989).,89ELL_627,2543728.0, ,308.15,7.25,32, ,NMR and enzymatic assay,mercaptoethanol (0.014 mol dm-3) + Hepes (0.050 mol dm-3), ,2.7.3.5, , , , , 
3515,,1282.0,_-fructofuranosidase,kegg:C00089 + kegg:C00001 = kegg:C00031 + kegg:C00095, ,sucrose(aq) + H2O(l) = D-glucose(aq) + D-fructose(aq),Goldberg R.N.; Tewari Y.B.; Ahluwalia J.C.; J. Biol. Chem.; 264 9901 (1989).,89GOL/TEW2_943,2722882.0, ,298.15,5.65, , ,calorimetry,sodium acetate (0.1 mol dm-3), ,3.2.1.26, , , , ,-15.003
3516,,1285.0,_-fructofuranosidase,kegg:C00089 + kegg:C00001 = kegg:C00031 + kegg:C00095, ,sucrose(aq) + H2O(l) = D-glucose(aq) + D-fructose(aq),Goldberg R.N.; Tewari Y.B.; Ahluwalia J.C.; J. Biol. Chem.; 264 9901 (1989).,89GOL/TEW2_943,2722882.0, ,304.15,5.65, , ,calorimetry,sodium acetate (0.1 mol dm-3), ,3.2.1.26, , , , ,-14.523
3517,,1283.0,_-fructofuranosidase,kegg:C00089 + kegg:C00001 = kegg:C00031 + kegg:C00095, ,sucrose(aq) + H2O(l) = D-glucose(aq) + D-fructose(aq),Goldberg R.N.; Tewari Y.B.; Ahluwalia J.C.; J. Biol. Chem.; 264 9901 (1989).,89GOL/TEW2_943,2722882.0, ,310.15,5.65, , ,calorimetry,sodium acetate (0.1 mol dm-3), ,3.2.1.26, , , , ,-14.227
3518,,1284.0,_-fructofuranosidase,kegg:C00089 + kegg:C00001 = kegg:C00031 + kegg:C00095, ,sucrose(aq) + H2O(l) = D-glucose(aq) + D-fructose(aq),Goldberg R.N.; Tewari Y.B.; Ahluwalia J.C.; J. Biol. Chem.; 264 9901 (1989).,89GOL/TEW2_943,2722882.0, ,316.15,5.65, , ,calorimetry,sodium acetate (0.1 mol dm-3), ,3.2.1.26, , , , ,-13.948
3519,,2664.0,phosphoglucomutase,kegg:C00103 = kegg:C00092, ,Î±-D-glucose 1-phosphate(aq) = Î±-D-glucose 6-phosphate(aq),Goldberg R.N.; Tewari Y.B.; J. Biol. Chem.; 264 9897 (1989).,89GOL/TEW_1405, , ,298.15,8.48,17.1, ,HPLC,Tris (0.1 mol dm-3) + HCl, ,5.4.2.2, , , , , 
3520,,1424.0,sucrose phosphorylase,kegg:C00089 + kegg:C00009 = kegg:C00103 + kegg:C00095, ,sucrose(aq) + orthophosphate(aq) = Î±-D-glucose 1-phosphate(aq) + D-fructose(aq),Goldberg R.N.; Tewari Y.B.; J. Biol. Chem.; 264 9897 (1989).,89GOL/TEW_418, , ,298.15,8.25,31.5, ,HPLC,Tris (0.1 mol dm-3) + HCl, ,2.4.1.7, , , , , 
3521,3696.0,2538.0,_-galactosidase,kegg:C00243 + kegg:C00001 = kegg:C00124 + kegg:C00031,CHB_15377 + CHB_36219 = CHB_4139 + CHB_4167,lactose(aq) + H2O(l) = D-galactose(aq) + D-glucose(aq),Goldberg R.N.; Tewari Y.B.; J. Biol. Chem.; 264 9897 (1989).,89GOL/TEW_931, , ,286.15,5.65, ,35.2,HPLC,sodium acetate (0.1 mol dm-3),mol/L;sodium acetate=0.1;lactose=0.016;D-galactose=0;D-glucose=0  ,3.2.1.23, , , , , 
3522,3697.0,2536.0,_-galactosidase,kegg:C00243 + kegg:C00001 = kegg:C00124 + kegg:C00031,CHB_15377 + CHB_36219 = CHB_4139 + CHB_4167,lactose(aq) + H2O(l) = D-galactose(aq) + D-glucose(aq),Goldberg R.N.; Tewari Y.B.; J. Biol. Chem.; 264 9897 (1989).,89GOL/TEW_931, , ,292.15,5.65, ,32.2,HPLC,sodium acetate (0.1 mol dm-3),mol/L;sodium acetate=0.1;lactose=0.016;D-galactose=0;D-glucose=0  ,3.2.1.23, , , , , 
3523,3698.0,2533.0,_-galactosidase,kegg:C00243 + kegg:C00001 = kegg:C00124 + kegg:C00031,CHB_15377 + CHB_36219 = CHB_4139 + CHB_4167,lactose(aq) + H2O(l) = D-galactose(aq) + D-glucose(aq),Goldberg R.N.; Tewari Y.B.; J. Biol. Chem.; 264 9897 (1989).,89GOL/TEW_931, , ,298.15,5.65, ,34,calorimetry and HPLC,sodium acetate (0.1 mol dm-3),mol/L;sodium acetate=0.1;lactose=0.016;D-galactose=0;D-glucose=0  ,3.2.1.23, , , , , 
3524,3699.0,2537.0,_-galactosidase,kegg:C00243 + kegg:C00001 = kegg:C00124 + kegg:C00031,CHB_15377 + CHB_36219 = CHB_4139 + CHB_4167,lactose(aq) + H2O(l) = D-galactose(aq) + D-glucose(aq),Goldberg R.N.; Tewari Y.B.; J. Biol. Chem.; 264 9897 (1989).,89GOL/TEW_931, , ,304.15,5.65, ,32.4,HPLC,sodium acetate (0.1 mol dm-3),mol/L;sodium acetate=0.1;lactose=0.016;D-galactose=0;D-glucose=0  ,3.2.1.23, , , , , 
3525,3700.0,2531.0,_-galactosidase,kegg:C00243 + kegg:C00001 = kegg:C00124 + kegg:C00031,CHB_15377 + CHB_36219 = CHB_4139 + CHB_4167,lactose(aq) + H2O(l) = D-galactose(aq) + D-glucose(aq),Goldberg R.N.; Tewari Y.B.; J. Biol. Chem.; 264 9897 (1989).,89GOL/TEW_931, , ,310.15,5.65, ,34.8,calorimetry and HPLC,sodium acetate (0.1 mol dm-3),mol/L;sodium acetate=0.1;lactose=0.016;D-galactose=0;D-glucose=0  ,3.2.1.23, , , , , 
3526,,2534.0,_-galactosidase,kegg:C00243 + kegg:C00001 = kegg:C00124 + kegg:C00031, ,lactose(aq) + H2O(l) = D-galactose(aq) + D-glucose(aq),Goldberg R.N.; Tewari Y.B.; J. Biol. Chem.; 264 9897 (1989).,89GOL/TEW_932,2498341.0, ,298.15,5.65, , ,HPLC,sodium acetate (0.1 mol dm-3), ,3.2.1.23, , , , ,0.466
3527,,2530.0,_-galactosidase,kegg:C00243 + kegg:C00001 = kegg:C00124 + kegg:C00031, ,lactose(aq) + H2O(l) = D-galactose(aq) + D-glucose(aq),Goldberg R.N.; Tewari Y.B.; J. Biol. Chem.; 264 9897 (1989).,89GOL/TEW_932,2498341.0, ,304.65,5.65, , ,calorimetry,sodium acetate (0.1 mol dm-3), ,3.2.1.23, , , , ,0.469
3528,,2535.0,_-galactosidase,kegg:C00243 + kegg:C00001 = kegg:C00124 + kegg:C00031, ,lactose(aq) + H2O(l) = D-galactose(aq) + D-glucose(aq),Goldberg R.N.; Tewari Y.B.; J. Biol. Chem.; 264 9897 (1989).,89GOL/TEW_932,2498341.0, ,310.15,5.65, , ,HPLC,sodium acetate (0.1 mol dm-3), ,3.2.1.23, , , , ,0.54
3529,,2532.0,_-galactosidase,kegg:C00243 + kegg:C00001 = kegg:C00124 + kegg:C00031, ,lactose(aq) + H2O(l) = D-galactose(aq) + D-glucose(aq),Goldberg R.N.; Tewari Y.B.; J. Biol. Chem.; 264 9897 (1989).,89GOL/TEW_932,2498341.0, ,316.15,5.65, , ,calorimetry,sodium acetate (0.1 mol dm-3), ,3.2.1.23, , , , ,0.612
3530,3703.0, ,NAD(P)+ nucleosidase, ,CHB_15846 + PBC_9589 = CHB_17154 + PBC_123927,NAD(aq) + 3-acetylpyridine(aq) = 3-acetylpyridine adenine dinucleotide(aq) + nicotinamide(aq),Imai T.; J. Biochem. (Tokyo); 106 938 (1989).,89IMA_948, , ,312.15,6.0,1.15, ,spectrophotometry,Tris maleate (0.05 mol dm-3),mol/L;Tris-maleate=0.05;NAD=0.018731;3-acetylpyridine=0.198731;3-acetylpyridine adenine dinucleotide=0.021269;nicotinamide=0.201269  ,3.2.2.6, , , , , 
3531,3704.0, ,NAD(P)+ nucleosidase, ,CHB_16171 + PBC_9589 = CHB_17154 + MAN_10115,Î²-nicotinamide mononucleotide(aq) + 3-acetylpyridine(aq) = 3-acetylpyridine mononucleotide(aq) + nicotinamide(aq),Imai T.; J. Biochem. (Tokyo); 106 938 (1989).,89IMA_949, , ,312.15,6.0,0.61, ,spectrophotometry,Tris maleate (0.05 mol dm-3),mol/L;Tris-maleate=0.05;nicotinamide mononucleotide=0.0244259;3-acetylpyridine=0.204426;3-acetylpyridine mononucleotide=0.0155741;nicotinamide=0.195574  ,3.2.2.6, , , , , 
3532,3705.0,3725.0,alcohol dehydrogenase,kegg:C00469 + kegg:C00003 = kegg:C00084 + kegg:C00004,CHB_15846 + CHB_16236 = CHB_15343 + CHB_16908,ethanol(aq) + NAD(aq) = acetaldehyde(aq) + NADH(aq),Jee J.-G.; Shin J.-Y.; Bull Korean Chem. Soc.; 10 50 (1989).,89JEE/SHI_21, , ,298.15,8.8,4.23, ,spectrophotometry,Tris (0.1 mol dm-3) + HCl,0.1 megapascals _ mol/L;Tris-HCl=0.1  ,1.1.1.1, , , , , 
3533,3714.0,3736.0,alcohol dehydrogenase,kegg:C00469 + kegg:C00003 = kegg:C00084 + kegg:C00004,CHB_15846 + CHB_16236 = CHB_15343 + CHB_16908,ethanol(aq) + NAD(aq) = acetaldehyde(aq) + NADH(aq),Jee J.-G.; Shin J.-Y.; Bull Korean Chem. Soc.; 10 50 (1989).,89JEE/SHI_21, , ,298.15,8.8,1.33, ,spectrophotometry,Tris (0.1 mol dm-3) + HCl,120.0 megapascals _    ,1.1.1.1, , , , , 
3534,3716.0,3727.0,alcohol dehydrogenase,kegg:C00469 + kegg:C00003 = kegg:C00084 + kegg:C00004,CHB_15846 + CHB_16236 = CHB_15343 + CHB_16908,ethanol(aq) + NAD(aq) = acetaldehyde(aq) + NADH(aq),Jee J.-G.; Shin J.-Y.; Bull Korean Chem. Soc.; 10 50 (1989).,89JEE/SHI_21, , ,298.15,8.8,1.27, ,spectrophotometry,Tris (0.1 mol dm-3) + HCl,150.0 megapascals _    ,1.1.1.1, , , , , 
3535,3708.0,3732.0,alcohol dehydrogenase,kegg:C00469 + kegg:C00003 = kegg:C00084 + kegg:C00004,CHB_15846 + CHB_16236 = CHB_15343 + CHB_16908,ethanol(aq) + NAD(aq) = acetaldehyde(aq) + NADH(aq),Jee J.-G.; Shin J.-Y.; Bull Korean Chem. Soc.; 10 50 (1989).,89JEE/SHI_21, , ,298.15,8.8,2.54, ,spectrophotometry,Tris (0.1 mol dm-3) + HCl,30.0 megapascals _    ,1.1.1.1, , , , , 
3536,3710.0,3735.0,alcohol dehydrogenase,kegg:C00469 + kegg:C00003 = kegg:C00084 + kegg:C00004,CHB_15846 + CHB_16236 = CHB_15343 + CHB_16908,ethanol(aq) + NAD(aq) = acetaldehyde(aq) + NADH(aq),Jee J.-G.; Shin J.-Y.; Bull Korean Chem. Soc.; 10 50 (1989).,89JEE/SHI_21, , ,298.15,8.8,1.84, ,spectrophotometry,Tris (0.1 mol dm-3) + HCl,60.0 megapascals _    ,1.1.1.1, , , , , 
3537,3712.0,3726.0,alcohol dehydrogenase,kegg:C00469 + kegg:C00003 = kegg:C00084 + kegg:C00004,CHB_15846 + CHB_16236 = CHB_15343 + CHB_16908,ethanol(aq) + NAD(aq) = acetaldehyde(aq) + NADH(aq),Jee J.-G.; Shin J.-Y.; Bull Korean Chem. Soc.; 10 50 (1989).,89JEE/SHI_21, , ,298.15,8.8,1.73, ,spectrophotometry,Tris (0.1 mol dm-3) + HCl,90.0 megapascals _    ,1.1.1.1, , , , , 
3538,3706.0,3734.0,alcohol dehydrogenase,kegg:C00469 + kegg:C00003 = kegg:C00084 + kegg:C00004,CHB_15846 + CHB_16236 = CHB_15343 + CHB_16908,ethanol(aq) + NAD(aq) = acetaldehyde(aq) + NADH(aq),Jee J.-G.; Shin J.-Y.; Bull Korean Chem. Soc.; 10 50 (1989).,89JEE/SHI_21, , ,308.15,8.8,1.81, ,spectrophotometry,Tris (0.1 mol dm-3) + HCl,0.1 megapascals _ mol/L;Tris-HCl=0.1  ,1.1.1.1, , , , , 
3539,3713.0,3730.0,alcohol dehydrogenase,kegg:C00469 + kegg:C00003 = kegg:C00084 + kegg:C00004,CHB_15846 + CHB_16236 = CHB_15343 + CHB_16908,ethanol(aq) + NAD(aq) = acetaldehyde(aq) + NADH(aq),Jee J.-G.; Shin J.-Y.; Bull Korean Chem. Soc.; 10 50 (1989).,89JEE/SHI_21, , ,308.15,8.8,1.08, ,spectrophotometry,Tris (0.1 mol dm-3) + HCl,120.0 megapascals _    ,1.1.1.1, , , , , 
3540,3715.0,3731.0,alcohol dehydrogenase,kegg:C00469 + kegg:C00003 = kegg:C00084 + kegg:C00004,CHB_15846 + CHB_16236 = CHB_15343 + CHB_16908,ethanol(aq) + NAD(aq) = acetaldehyde(aq) + NADH(aq),Jee J.-G.; Shin J.-Y.; Bull Korean Chem. Soc.; 10 50 (1989).,89JEE/SHI_21, , ,308.15,8.8,1.22, ,spectrophotometry,Tris (0.1 mol dm-3) + HCl,150.0 megapascals _    ,1.1.1.1, , , , , 
3541,3707.0,3733.0,alcohol dehydrogenase,kegg:C00469 + kegg:C00003 = kegg:C00084 + kegg:C00004,CHB_15846 + CHB_16236 = CHB_15343 + CHB_16908,ethanol(aq) + NAD(aq) = acetaldehyde(aq) + NADH(aq),Jee J.-G.; Shin J.-Y.; Bull Korean Chem. Soc.; 10 50 (1989).,89JEE/SHI_21, , ,308.15,8.8,1.98, ,spectrophotometry,Tris (0.1 mol dm-3) + HCl,30.0 megapascals _    ,1.1.1.1, , , , , 
3542,3709.0,3728.0,alcohol dehydrogenase,kegg:C00469 + kegg:C00003 = kegg:C00084 + kegg:C00004,CHB_15846 + CHB_16236 = CHB_15343 + CHB_16908,ethanol(aq) + NAD(aq) = acetaldehyde(aq) + NADH(aq),Jee J.-G.; Shin J.-Y.; Bull Korean Chem. Soc.; 10 50 (1989).,89JEE/SHI_21, , ,308.15,8.8,1.73, ,spectrophotometry,Tris (0.1 mol dm-3) + HCl,60.0 megapascals _    ,1.1.1.1, , , , , 
3543,3711.0,3729.0,alcohol dehydrogenase,kegg:C00469 + kegg:C00003 = kegg:C00084 + kegg:C00004,CHB_15846 + CHB_16236 = CHB_15343 + CHB_16908,ethanol(aq) + NAD(aq) = acetaldehyde(aq) + NADH(aq),Jee J.-G.; Shin J.-Y.; Bull Korean Chem. Soc.; 10 50 (1989).,89JEE/SHI_21, , ,308.15,8.8,1.6, ,spectrophotometry,Tris (0.1 mol dm-3) + HCl,90.0 megapascals _    ,1.1.1.1, , , , , 
3544,, ,a-mannosidase, , ,disaccharide(aq) + H2O(l) = 2 D-mannose(aq),Johansson E.; Hedbys L.; Mosbach K.; Larsson P.-O.; Gunnarsson A.; Svensson S.; Enzyme Microb. Technol.; 11 347 (1989).,89JOH/HED_937, , ,328.15,5.5,6, ,HPLC and gas-liquid chromatography with mass spectrometry,Na2HPO4 (0.02 mol dm-3) + citric acid (0.01 mol dm-3), ,3.2.1.24, , , , , 
3545,, ,a-mannosidase, , ,tetrasaccharide(aq) + H2O(l) = trisaccharide(aq) + D-mannose(aq),Johansson E.; Hedbys L.; Mosbach K.; Larsson P.-O.; Gunnarsson A.; Svensson S.; Enzyme Microb. Technol.; 11 347 (1989).,89JOH/HED_938, , ,328.15,5.5,6, ,HPLC and gas-liquid chromatography with mass spectrometry,Na2HPO4 (0.02 mol dm-3) + citric acid (0.01 mol dm-3), ,3.2.1.24, , , , , 
3546,, ,a-mannosidase, , ,trisaccharide(aq) + H2O(l) = disaccharide(aq) + D-mannose(aq),Johansson E.; Hedbys L.; Mosbach K.; Larsson P.-O.; Gunnarsson A.; Svensson S.; Enzyme Microb. Technol.; 11 347 (1989).,89JOH/HED_939, , ,328.15,5.5,6, ,HPLC and gas-liquid chromatography with mass spectrometry,Na2HPO4 (0.02 mol dm-3) + citric acid (0.01 mol dm-3), ,3.2.1.24, , , , , 
3547,3727,2890.0,creatine kinase,kegg:C00002 + kegg:C00300 = kegg:C00008 + kegg:C02305,CHB_15422 + CHB_16919 = CHB_16761 + CHB_17287,ATP(aq) + creatine(aq) = ADP(aq) + phosphocreatine(aq),LoPresti P.; Cohn M.; Biochim. Biophys. Acta; 998 317 (1989).,89LOP/COH_603, , ,309.15,7.0,0.00581, ,NMR,potassium acetate (0.140 mol dm-3) + KHCO3 (0.006 mol dm-3) + (KH2PO4 + Na2HPO4) (0.001 mol dm-3),mol/L;creatine=0.0256;ATP=0.00416;phosphocreatine=0.00072;ADP=0.00084;magnesium acetate=0.006;(K)1(Cl)1=0.004;(K)1(HCO3)1=0.006;potassium acetate=0.14;(K)1(H2PO4)1=0.0004;(Na)2(HPO4)1=0.0006 _ nan _ ,2.7.3.2, , ,, , 
3548,3734, ,creatine kinase, ,CHB_15422 + PBC_2896 = CHB_16761 + PBC_124896,ATP(aq) + cyclocreatine(aq) = ADP(aq) + phosphocyclocreatine(aq),LoPresti P.; Cohn M.; Biochim. Biophys. Acta; 998 317 (1989).,89LOP/COH_605, , ,309.15,7.0,0.178, ,NMR,potassium acetate (0.140 mol dm-3) + KHCO3 (0.006 mol dm-3) + (KH2PO4 + Na2HPO4) (0.001 mol dm-3),mol/L;cyclocreatine=0.0238;ATP=0.00201;phosphocyclocreatine=0.00275;ADP=0.00291;magnesium acetate=0.006;(K)1(Cl)1=0.004;(K)1(HCO3)1=0.006;potassium acetate=0.14;(K)1(H2PO4)1=0.0004;(Na)2(HPO4)1=0.0006 _ nan _ ,2.7.3.2, , ,, , 
3549,3740.0, ,creatine kinase, ,CHB_17287 + PBC_2896 = CHB_16919 + PBC_124896,phosphocreatine(aq) + cyclocreatine(aq) = creatine(aq) + phosphocyclocreatine(aq),LoPresti P.; Cohn M.; Biochim. Biophys. Acta; 998 317 (1989).,89LOP/COH_609, , ,309.15,7.0,34.6, ,NMR,potassium acetate (0.140 mol dm-3) + KHCO3 (0.006 mol dm-3) + (KH2PO4 + Na2HPO4) (0.001 mol dm-3),mol/L;creatine=0.0258;cyclocreatine=0.00152;phosphocreatine=0.00055;phosphocyclocreatine=0.00113;magnesium acetate=0.011;(K)1(Cl)1=0.004;(K)1(HCO3)1=0.006;potassium acetate=0.14;(K)1(H2PO4)1=0.0004;(Na)2(HPO4)1=0.0006;ATP=0.01  ,2.7.3.2, , , , , 
3550,,2543.0,aminoacylase,kegg:C02712 + kegg:C00001 = kegg:C00033 + kegg:C00073, ,N-acetyl-L-methionine(aq) + H2O(l) = acetate(aq) + L-methionine(aq),Rekharsky M.V.; Sikorenko Yu.B.; Gal'chenko G.L.; Zhur. Fiz. Khim.; 63 1403 (1989).,89REK/SIK_1026, , ,298.15,6.86, , ,calorimetry,phosphate (0.05 mol dm-3), ,3.5.1.14, , , , ,-2.4
3551,3742.0,942.0,D-xylulose reductase,kegg:C00379 + kegg:C00003 = kegg:C00310 + kegg:C00004,CHB_15846 + CHB_17151 = CHB_16908 + CHS_388344,xylitol(aq) + NAD(aq) = D-xylulose(aq) + NADH(aq),Rizzi M.; Harwart K.; Bui-Thanh N.-A.; Dellweg H.; J. Ferment. Bioeng.; 67 25 (1989).,89RIZ/HAR_55, , ,298.15,7.0,0.00069, ,spectrophotometry,Tris (0.05 mol dm-3) + HCl,mol/L;Tris-HCl=0.05;(Mg)1(Cl)2=0.05;xylitol=0.3;NAD=0.001;D-xylulose=0;NADH=0  ,1.1.1.9, , , , , 
3552,3745.0, ,alkaline phosphatase, ,CHB_15377 + MAN_10175 = CHB_26078 + CHB_30742,ethylene glycol phosphate(aq) + H2O(l) = ethylene glycol(aq) + orthophosphate(aq),Romero P.J.; de Meis L.; J. Biol. Chem.; 264 7869 (1989).,89ROM/DEM_761, , ,308.15,7.0,59, ,chromatography and radioactivity,Mops (0.10 mol dm-3) + KOH,mol/L;Mops-KOH=0.1;(Mg)1(Cl)2=0.1 _ MgCl2 (0.1 mol/L) _ ,3.1.3.1, ,0.1 MgCl2, , , 
3553,3746.0, ,alkaline phosphatase, ,CHB_15377 + MAN_10175 = CHB_26078 + CHB_30742,ethylene glycol phosphate(aq) + H2O(l) = ethylene glycol(aq) + orthophosphate(aq),Romero P.J.; de Meis L.; J. Biol. Chem.; 264 7869 (1989).,89ROM/DEM_761, , ,308.15,7.0,60, ,chromatography and radioactivity,Mops (0.10 mol dm-3) + KOH,mol/L;Mops-KOH=0.1  ,3.1.3.1, ,0.0 MgCl2, , , 
3554,3743.0,1548.0,alkaline phosphatase,kegg:C00092 + kegg:C00001 = kegg:C00031 + kegg:C00009,CHB_15377 + CHB_4170 = CHB_26078 + CHB_4167,D-glucose 6-phosphate(aq) + H2O(l) = D-glucose(aq) + orthophosphate(aq),Romero P.J.; de Meis L.; J. Biol. Chem.; 264 7869 (1989).,89ROM/DEM_776, , ,308.15,7.0,56, ,chromatography and radioactivity,Mops (0.10 mol dm-3) + KOH,1.0 = -log[Mg+2] _ mol/L;Mops-KOH=0.1;(Mg)1(Cl)2=0.1 _ MgCl2 (0.1 mol/L) _ ,3.1.3.1, ,0.1 MgCl2, , , 
3555,3744.0,1547.0,alkaline phosphatase,kegg:C00092 + kegg:C00001 = kegg:C00031 + kegg:C00009,CHB_15377 + CHB_4170 = CHB_26078 + CHB_4167,D-glucose 6-phosphate(aq) + H2O(l) = D-glucose(aq) + orthophosphate(aq),Romero P.J.; de Meis L.; J. Biol. Chem.; 264 7869 (1989).,89ROM/DEM_776, , ,308.15,7.0,55, ,chromatography and radioactivity,Mops (0.10 mol dm-3) + KOH,mol/L;Mops-KOH=0.1  ,3.1.3.1, ,0.0 MgCl2, , , 
3556,3749.0, ,alkaline phosphatase, ,CHB_15377 + CHB_15978 = CHB_17754 + CHB_26078,L-Î±-glycerophosphate(aq) + H2O(l) = glycerol(aq) + orthophosphate(aq),Romero P.J.; de Meis L.; J. Biol. Chem.; 264 7869 (1989).,89ROM/DEM_780,2722769.0, ,308.15,7.0,73, ,chromatography and radioactivity,Mops (0.10 mol dm-3) + KOH,mol/L;Mops-KOH=0.1;(Mg)1(Cl)2=0.1 _ MgCl2 (0.1 mol/L) _ ,3.1.3.1, ,0.1 MgCl2, , , 
3557,3751.0, ,alkaline phosphatase, ,CHB_15377 + CHB_15978 = CHB_17754 + CHB_26078,L-Î±-glycerophosphate(aq) + H2O(l) = glycerol(aq) + orthophosphate(aq),Romero P.J.; de Meis L.; J. Biol. Chem.; 264 7869 (1989).,89ROM/DEM_780,2722769.0, ,308.15,7.0,68, ,chromatography and radioactivity,Mops (0.10 mol dm-3) + KOH,mol/L;Mops-KOH=0.1  ,3.1.3.1, ,0.0 MgCl2, , , 
3558,3748.0, ,alkaline phosphatase, ,CHB_15377 + CHB_15978 = CHB_17754 + CHB_26078,L-Î±-glycerophosphate(aq) + H2O(l) = glycerol(aq) + orthophosphate(aq),Romero P.J.; de Meis L.; J. Biol. Chem.; 264 7869 (1989).,89ROM/DEM_780,2722769.0, ,308.15,8.0,22, ,chromatography and radioactivity,Mops (0.10 mol dm-3) + KOH,dimethyl sulfoxide (50% v/v) _   _ MgCl2 (0.0009 mol/L) _ ,3.1.3.1, ,0.0009 MgCl2, , , 
3559,3750.0, ,alkaline phosphatase, ,CHB_15377 + CHB_15978 = CHB_17754 + CHB_26078,L-Î±-glycerophosphate(aq) + H2O(l) = glycerol(aq) + orthophosphate(aq),Romero P.J.; de Meis L.; J. Biol. Chem.; 264 7869 (1989).,89ROM/DEM_780,2722769.0, ,308.15,8.0,26, ,chromatography and radioactivity,Mops (0.10 mol dm-3) + KOH,mol/L;Mops-KOH=0.1;(Mg)1(Cl)2=0.0009 _ MgCl2 (0.0009 mol/L) _ ,3.1.3.1, ,0.0009 MgCl2, , , 
3560,3747.0, ,alkaline phosphatase, ,CHB_15377 + CHB_15978 = CHB_17754 + CHB_26078,L-Î±-glycerophosphate(aq) + H2O(l) = glycerol(aq) + orthophosphate(aq),Romero P.J.; de Meis L.; J. Biol. Chem.; 264 7869 (1989).,89ROM/DEM_780,2722769.0, ,308.15,8.0,9, ,chromatography and radioactivity,Mops (0.10 mol dm-3) + KOH,poly(ethylene glycol) (50% w/v) _   _ MgCl2 (0.0009 mol/L) _ ,3.1.3.1, ,0.0009 MgCl2, , , 
3561,3848.0,3558.0,glucose-6-phosphate isomerase,kegg:C00092 = kegg:C00085,CHB_4170 = CHB_61553,D-glucose 6-phosphate(aq) = D-fructose 6-phosphate(aq),Sangwan R.S.; Singh R.; J. Biosci.; 14 47 (1989).,89SAN/SIN_1362, , ,303.15,8.1,0.37, ,enzymatic assay + spectrophotometry,Tris (0.05 mol dm-3) + HCl,mol/L;Tris-HCl=0.05  ,5.3.1.9, , , , , 
3562,3849.0,4524.0,L-iditol 2-dehydrogenase,kegg:C01904 + kegg:C00003 = kegg:C00309 + kegg:C00004,CHB_15846 + CHB_18333 = CHB_16908 + CHB_28552,D-arabitol(aq) + NAD(aq) = D-ribulose(aq) + NADH(aq),Schneider K.-H.; Giffhorn F.; Eur. J. Biochem.; 184 15 (1989).,89SCH/GIF_58, , ,298.15,7.0,0.0008, ,spectrophotometry,potassium phosphate (0.10 mol dm-3),mol/L;potassium phosphate=0.1  ,1.1.1.14, , , , , 
3563,3850.0,241.0,L-iditol 2-dehydrogenase,kegg:C00392 + kegg:C00003 = kegg:C00095 + kegg:C00004,CHB_15846 + CHB_16899 = CHB_16908 + CHB_37721,D-mannitol(aq) + NAD(aq) = D-fructose(aq) + NADH(aq),Schneider K.-H.; Giffhorn F.; Eur. J. Biochem.; 184 15 (1989).,89SCH/GIF_63, , ,298.15,7.0,0.045, ,spectrophotometry,potassium phosphate (0.10 mol dm-3),mol/L;potassium phosphate=0.1  ,1.1.1.14, , , , , 
3564,3851.0,238.0,L-iditol 2-dehydrogenase,kegg:C00794 + kegg:C00003 = kegg:C00095 + kegg:C00004,CHB_15846 + CHB_17924 = CHB_16908 + CHB_37721,D-sorbitol(aq) + NAD(aq) = D-fructose(aq) + NADH(aq),Schneider K.-H.; Giffhorn F.; Eur. J. Biochem.; 184 15 (1989).,89SCH/GIF_68,2789134.0,10.1111/j.1432-1033.1989.tb14984.x,298.15,7.0,0.0058, ,spectrophotometry,potassium phosphate (0.10 mol dm-3),mol/L;potassium phosphate=0.1  ,1.1.1.14, , , , , 
3565,3858.0,1262.0,"oligo-1,6-glucosidase",kegg:C00252 + kegg:C00001 = 2 kegg:C00031,CHB_15377 + CHB_28189 = 2 CHB_4167,isomaltose(aq) + H2O(l) = 2 D-glucose(aq),Tewari Y.B.; Goldberg R.N.; J. Biol. Chem.; 264 3966 (1989).,89TEW/GOL_909, , ,286.35,5.65, ,15.8,HPLC,sodium acetate (0.1 mol dm-3),mol/L;sodium acetate=0.1  ,3.2.1.10, , , , , 
3566,3859.0,1267.0,"oligo-1,6-glucosidase",kegg:C00252 + kegg:C00001 = 2 kegg:C00031,CHB_15377 + CHB_28189 = 2 CHB_4167,isomaltose(aq) + H2O(l) = 2 D-glucose(aq),Tewari Y.B.; Goldberg R.N.; J. Biol. Chem.; 264 3966 (1989).,89TEW/GOL_909, , ,292.45,5.65, ,16.2,HPLC,sodium acetate (0.1 mol dm-3),mol/L;sodium acetate=0.1  ,3.2.1.10, , , , , 
3567,3860.0,844.0,"oligo-1,6-glucosidase",kegg:C00252 + kegg:C00001 = 2 kegg:C00031,CHB_15377 + CHB_28189 = 2 CHB_4167,isomaltose(aq) + H2O(l) = 2 D-glucose(aq),Tewari Y.B.; Goldberg R.N.; J. Biol. Chem.; 264 3966 (1989).,89TEW/GOL_909, , ,298.15,5.65, ,17.2,calorimetry and HPLC,sodium acetate (0.1 mol dm-3),mol/L;sodium acetate=0.1  ,3.2.1.10, , , , , 
3568,3861.0,1264.0,"oligo-1,6-glucosidase",kegg:C00252 + kegg:C00001 = 2 kegg:C00031,CHB_15377 + CHB_28189 = 2 CHB_4167,isomaltose(aq) + H2O(l) = 2 D-glucose(aq),Tewari Y.B.; Goldberg R.N.; J. Biol. Chem.; 264 3966 (1989).,89TEW/GOL_909, , ,304.15,5.65, ,18,HPLC,sodium acetate (0.1 mol dm-3),mol/L;sodium acetate=0.1  ,3.2.1.10, , , , , 
3569,3862.0,1266.0,"oligo-1,6-glucosidase",kegg:C00252 + kegg:C00001 = 2 kegg:C00031,CHB_15377 + CHB_28189 = 2 CHB_4167,isomaltose(aq) + H2O(l) = 2 D-glucose(aq),Tewari Y.B.; Goldberg R.N.; J. Biol. Chem.; 264 3966 (1989).,89TEW/GOL_909, , ,310.25,5.65, ,19.4,HPLC,sodium acetate (0.1 mol dm-3),mol/L;sodium acetate=0.1  ,3.2.1.10, , , , , 
3570,3863.0,1265.0,"oligo-1,6-glucosidase",kegg:C00252 + kegg:C00001 = 2 kegg:C00031,CHB_15377 + CHB_28189 = 2 CHB_4167,isomaltose(aq) + H2O(l) = 2 D-glucose(aq),Tewari Y.B.; Goldberg R.N.; J. Biol. Chem.; 264 3966 (1989).,89TEW/GOL_909, , ,316.35,5.65, ,19.7,HPLC,sodium acetate (0.1 mol dm-3),mol/L;sodium acetate=0.1  ,3.2.1.10, , , , , 
3571,,1263.0,"oligo-1,6-glucosidase",kegg:C00252 + kegg:C00001 = 2 kegg:C00031, ,isomaltose(aq) + H2O(l) = 2 D-glucose(aq),Tewari Y.B.; Goldberg R.N.; J. Biol. Chem.; 264 3966 (1989).,89TEW/GOL_910, , ,298.15,5.65, , ,HPLC,sodium acetate (0.1 mol dm-3), ,3.2.1.10, , , , ,5.93
3572,,845.0,"oligo-1,6-glucosidase",kegg:C00252 + kegg:C00001 = 2 kegg:C00031, ,isomaltose(aq) + H2O(l) = 2 D-glucose(aq),Tewari Y.B.; Goldberg R.N.; J. Biol. Chem.; 264 3966 (1989).,89TEW/GOL_910, , ,304.55,5.65, , ,calorimetry,sodium acetate (0.1 mol dm-3), ,3.2.1.10, , , , ,5.67
3573,,847.0,"oligo-1,6-glucosidase",kegg:C00252 + kegg:C00001 = 2 kegg:C00031, ,isomaltose(aq) + H2O(l) = 2 D-glucose(aq),Tewari Y.B.; Goldberg R.N.; J. Biol. Chem.; 264 3966 (1989).,89TEW/GOL_910, , ,310.15,5.65, , ,calorimetry,sodium acetate (0.1 mol dm-3), ,3.2.1.10, , , , ,6.35
3574,,846.0,"oligo-1,6-glucosidase",kegg:C00252 + kegg:C00001 = 2 kegg:C00031, ,isomaltose(aq) + H2O(l) = 2 D-glucose(aq),Tewari Y.B.; Goldberg R.N.; J. Biol. Chem.; 264 3966 (1989).,89TEW/GOL_910, , ,316.15,5.65, , ,calorimetry,sodium acetate (0.1 mol dm-3), ,3.2.1.10, , , , ,5.98
3575,, ,a-glucosidase, , ,maltose(aq) + H2O(l) = 2 D-glucose(aq),Tewari Y.B.; Goldberg R.N.; J. Biol. Chem.; 264 3966 (1989).,89TEW/GOL_912, , ,298.15,5.65, , ,calorimetry,sodium acetate (0.1 mol dm-3), ,3.2.1.20, , , , ,-4.02
3576,, ,a-glucosidase, , ,maltose(aq) + H2O(l) = 2 D-glucose(aq),Tewari Y.B.; Goldberg R.N.; J. Biol. Chem.; 264 3966 (1989).,89TEW/GOL_912, , ,304.55,5.65, , ,calorimetry,sodium acetate (0.1 mol dm-3), ,3.2.1.20, , , , ,-3.74
3577,3854.0,849.0,_-glucosidase,kegg:C00185 + kegg:C00001 = 2 kegg:C00031,CHB_15377 + CHB_28066 = 2 CHB_4167,cellobiose(aq) + H2O(l) = 2 D-glucose(aq),Tewari Y.B.; Goldberg R.N.; J. Biol. Chem.; 264 3966 (1989).,89TEW/GOL_916, , ,298.15,5.65, , ,calorimetry and HPLC,sodium acetate (0.1 mol dm-3),mol/L;sodium acetate=0.1  ,3.2.1.21 & 3.2.1.20 & 3.2.1.21, , , , ,-2.37
3578,3855.0,850.0,_-glucosidase,kegg:C00185 + kegg:C00001 = 2 kegg:C00031,CHB_15377 + CHB_28066 = 2 CHB_4167,cellobiose(aq) + H2O(l) = 2 D-glucose(aq),Tewari Y.B.; Goldberg R.N.; J. Biol. Chem.; 264 3966 (1989).,89TEW/GOL_916, , ,304.55,5.65, , ,calorimetry and HPLC,sodium acetate (0.1 mol dm-3),mol/L;sodium acetate=0.1  ,3.2.1.21 & 3.2.1.20 & 3.2.1.21, , , , ,-2.56
3579,3856.0,851.0,_-glucosidase,kegg:C00185 + kegg:C00001 = 2 kegg:C00031,CHB_15377 + CHB_28066 = 2 CHB_4167,cellobiose(aq) + H2O(l) = 2 D-glucose(aq),Tewari Y.B.; Goldberg R.N.; J. Biol. Chem.; 264 3966 (1989).,89TEW/GOL_916, , ,310.15,5.65, , ,calorimetry and HPLC,sodium acetate (0.1 mol dm-3),mol/L;sodium acetate=0.1  ,3.2.1.21, , , , ,-2.34
3580,3852.0,854.0,_-glucosidase,kegg:C08240 + kegg:C00001 = 2 kegg:C00031,CHB_15377 + CHB_28066 = 2 CHB_4167,Î²-gentiobiose(aq) + H2O(l) = 2 D-glucose(aq),Tewari Y.B.; Goldberg R.N.; J. Biol. Chem.; 264 3966 (1989).,89TEW/GOL_918, , ,285.75,5.65, ,17.2,HPLC,sodium acetate (0.1 mol dm-3),mol/L;sodium acetate=0.1  ,3.2.1.21, , , , , 
3581,3853.0,855.0,_-glucosidase,kegg:C08240 + kegg:C00001 = 2 kegg:C00031,CHB_15377 + CHB_28066 = 2 CHB_4167,Î²-gentiobiose(aq) + H2O(l) = 2 D-glucose(aq),Tewari Y.B.; Goldberg R.N.; J. Biol. Chem.; 264 3966 (1989).,89TEW/GOL_918, , ,292.25,5.65, ,17.5,HPLC,sodium acetate (0.1 mol dm-3),mol/L;sodium acetate=0.1  ,3.2.1.21, , , , , 
3582,,856.0,_-glucosidase,kegg:C08240 + kegg:C00001 = 2 kegg:C00031, ,Î²-gentiobiose(aq) + H2O(l) = 2 D-glucose(aq),Tewari Y.B.; Goldberg R.N.; J. Biol. Chem.; 264 3966 (1989).,89TEW/GOL_918, , ,298.15,5.65, ,17.7,HPLC,sodium acetate (0.1 mol dm-3), ,3.2.1.21, , , , , 
3583,,857.0,_-glucosidase,kegg:C08240 + kegg:C00001 = 2 kegg:C00031, ,Î²-gentiobiose(aq) + H2O(l) = 2 D-glucose(aq),Tewari Y.B.; Goldberg R.N.; J. Biol. Chem.; 264 3966 (1989).,89TEW/GOL_918, , ,304.15,5.65, ,17.9,HPLC,sodium acetate (0.1 mol dm-3), ,3.2.1.21, , , , , 
3584,,858.0,_-glucosidase,kegg:C08240 + kegg:C00001 = 2 kegg:C00031, ,Î²-gentiobiose(aq) + H2O(l) = 2 D-glucose(aq),Tewari Y.B.; Goldberg R.N.; J. Biol. Chem.; 264 3966 (1989).,89TEW/GOL_918, , ,310.35,5.65, ,18.5,HPLC,sodium acetate (0.1 mol dm-3), ,3.2.1.21, , , , , 
3585,3857.0,859.0,_-glucosidase,kegg:C08240 + kegg:C00001 = 2 kegg:C00031,CHB_15377 + CHB_28066 = 2 CHB_4167,Î²-gentiobiose(aq) + H2O(l) = 2 D-glucose(aq),Tewari Y.B.; Goldberg R.N.; J. Biol. Chem.; 264 3966 (1989).,89TEW/GOL_918, , ,316.15,5.65, ,19.5,HPLC,sodium acetate (0.1 mol dm-3),mol/L;sodium acetate=0.1  ,3.2.1.21, , , , , 
3586,,860.0,_-glucosidase,kegg:C08240 + kegg:C00001 = 2 kegg:C00031, ,Î²-gentiobiose(aq) + H2O(l) = 2 D-glucose(aq),Tewari Y.B.; Goldberg R.N.; J. Biol. Chem.; 264 3966 (1989).,89TEW/GOL_919,2492994.0, ,298.15,5.65, , ,calorimetry,sodium acetate (0.1 mol dm-3), ,3.2.1.21, , , , ,2.36
3587,,861.0,_-glucosidase,kegg:C08240 + kegg:C00001 = 2 kegg:C00031, ,Î²-gentiobiose(aq) + H2O(l) = 2 D-glucose(aq),Tewari Y.B.; Goldberg R.N.; J. Biol. Chem.; 264 3966 (1989).,89TEW/GOL_919,2492994.0, ,304.55,5.65, , ,calorimetry,sodium acetate (0.1 mol dm-3), ,3.2.1.21, , , , ,1.91
3588,,862.0,_-glucosidase,kegg:C08240 + kegg:C00001 = 2 kegg:C00031, ,Î²-gentiobiose(aq) + H2O(l) = 2 D-glucose(aq),Tewari Y.B.; Goldberg R.N.; J. Biol. Chem.; 264 3966 (1989).,89TEW/GOL_919,2492994.0, ,310.15,5.65, , ,calorimetry,sodium acetate (0.1 mol dm-3), ,3.2.1.21, , , , ,2.11
3589,3865.0,2341.0,isochorismate synthase,kegg:C00251 = kegg:C00885,CHB_29748 = CHB_29780,chorismate(aq) = isochorismate(aq),"Liu J.; ""Molecular Studies on Enzymes in the Enterobactin Biosynthetic Pathway and on Peptidyl-Prolyl Cis-Trans Isomerase""; Thesis Massachusetts Institute of Technology (1990).",90LIU_1424, , ,298.15,7.5,0.66, ,NMR and spectrophotometry,phosphate (0.050 M),mol/L;phosphate buffer=0.05  ,5.4.99.6, , , , , 
3590,3868.0,1292.0,sucrose-phosphate synthase,kegg:C00029 + kegg:C00085 = kegg:C00015 + kegg:C16688,CHB_18066 + CHB_61553 = CHB_16308 + CHB_17659,UDPglucose(aq) + D-fructose 6-phosphate(aq) = UDP(aq) + sucrose 6-phosphate(aq),Lunn J.E.; Ap Rees T.; Biochem. J.; 267 739 (1990).,90LUN/APR_431,2140258.0,10.1042/bj2670739,298.15,7.0,5.3, ,enzymatic assay and spectrophotometry,Pipes (0.050 mol dm-3) + NaOH,2.6 = -log[Mg+2] _ mol/L;sodium PIPES=0.05;(Mg)1(Cl)2=0.00025 _ MgCl2 (0.0025 mol/L) _ ,2.4.1.14, ,0.0025 MgCl2, , , 
3591,3866.0,1293.0,sucrose-phosphate synthase,kegg:C00029 + kegg:C00085 = kegg:C00015 + kegg:C16688,CHB_18066 + CHB_61553 = CHB_16308 + CHB_17659,UDPglucose(aq) + D-fructose 6-phosphate(aq) = UDP(aq) + sucrose 6-phosphate(aq),Lunn J.E.; Ap Rees T.; Biochem. J.; 267 739 (1990).,90LUN/APR_431,2140258.0,10.1042/bj2670739,298.15,7.0,26, ,enzymatic assay and spectrophotometry,Pipes (0.050 mol dm-3) + NaOH,2.0 = -log[Mg+2] _ mol/L;sodium PIPES=0.05;(Mg)1(Cl)2=0.01 _ MgCl2 (0.01 mol/L) _ ,2.4.1.14, ,0.01 MgCl2, , , 
3592,3869.0,1294.0,sucrose-phosphate synthase,kegg:C00029 + kegg:C00085 = kegg:C00015 + kegg:C16688,CHB_18066 + CHB_61553 = CHB_16308 + CHB_17659,UDPglucose(aq) + D-fructose 6-phosphate(aq) = UDP(aq) + sucrose 6-phosphate(aq),Lunn J.E.; Ap Rees T.; Biochem. J.; 267 739 (1990).,90LUN/APR_431,2140258.0,10.1042/bj2670739,298.15,7.5,10, ,enzymatic assay and spectrophotometry,Pipes (0.050 mol dm-3) + NaOH,2.6 = -log[Mg+2] _ mol/L;sodium PIPES=0.05;(Mg)1(Cl)2=0.00025 _ MgCl2 (0.0025 mol/L) _ ,2.4.1.14, ,0.0025 MgCl2, , , 
3593,3867.0,1291.0,sucrose-phosphate synthase,kegg:C00029 + kegg:C00085 = kegg:C00015 + kegg:C16688,CHB_18066 + CHB_61553 = CHB_16308 + CHB_17659,UDPglucose(aq) + D-fructose 6-phosphate(aq) = UDP(aq) + sucrose 6-phosphate(aq),Lunn J.E.; Ap Rees T.; Biochem. J.; 267 739 (1990).,90LUN/APR_431,2140258.0,10.1042/bj2670739,298.15,7.5,62, ,enzymatic assay and spectrophotometry,Pipes (0.050 mol dm-3) + NaOH,2.0 = -log[Mg+2] _ mol/L;sodium PIPES=0.05;(Mg)1(Cl)2=0.01 _ MgCl2 (0.01 mol/L) _ ,2.4.1.14, ,0.01 MgCl2, , , 
3594,3870.0,2454.0,retinyl-palmitate esterase,kegg:C02588 + kegg:C00001 = kegg:C00473 + kegg:C00249,CHB_15377 + CHB_17616 = CHB_15756 + CHB_50211,retinyl palmitate(aq) + H2O(l) = retinol(aq) + palmitate(aq),O'Connor C.J.; Butler P.A.G.; Yaghi B.M.; J. Mol. Catal.; 60 255 (1990).,90OCO/BUT_752, , ,310.15,7.5,0.0028, ,spectrophotometry,Tris (0.1 mol dm-3),mol/L;Tris=0.1  ,3.1.1.21, , , , , 
3595,3871.0,504.0,glucose-6-phosphate isomerase,kegg:C00092 = kegg:C00085,CHB_4170 = CHB_61553,D-glucose 6-phosphate(aq) = D-fructose 6-phosphate(aq),Sangwan R.S.; Singh R.; Indian J. Biochem. Biophys.; 27 23 (1990).,90SAN/SIN_1363,2341161.0, ,303.15,8.6,0.3, ,enzymatic assay + spectrophotometry,Tris (0.05 mol dm-3) + HCl,mol/L;Tris-HCl=0.05  ,5.3.1.9, , , , , 
3596,3872.0,2263.0,4-aminobenzoate synthase,kegg:C00251 + kegg:C00014 = kegg:C11355 + kegg:C00001,CHB_16134 + CHB_29748 = CHB_15377 + CHB_35181,chorismate(aq) + ammonia(aq) = 4-amino-4-deoxychorismate(aq) + H2O(l),Anderson K.S.; Kati W.M.; Ye Q.-Z.; Liu J.; Walsh C.T.; Benesi A.J.; Johnson K.A.; J. Am. Chem. Soc.; 113 3198 (1991).,91AND/KAT_1232, , ,310.15,8.6,6.1, ,HPLC,Tris (0.050 M),mol/L;Tris=0.05;(NH4)2(SO4)1=0.05;(Mg)1(Cl)2=0.01  ,4.-, , , , , 
3597,, ,"glucan 1,4-a-glucosidase", , ,O-Î±-D-glucopyranosyl-(1->4)n(aq) + (n-1) H2O(l) = D-glucose(aq),Goldberg R.N.; Bell D.; Tewari Y.B.; McLaughlin M.A.; Biophys. Chem.; 40 69 (1991).,91GOL/BEL_882, , ,298.15,5.31, , ,calorimetry,sodium acetate (0.57 mol dm-3), ,3.2.1.3, , , , ,-3.53
3598,, ,"glucan 1,4-a-glucosidase", , ,isomaltotriose(aq) + 2 H2O(l) = 3 D-glucose(aq),Goldberg R.N.; Bell D.; Tewari Y.B.; McLaughlin M.A.; Biophys. Chem.; 40 69 (1991).,91GOL/BEL_888, , ,298.15,4.44, , ,calorimetry,sodium acetate (0.1 mol dm-3), ,3.2.1.3, , , , ,11.4
3599,, ,"glucan 1,4-a-glucosidase", , ,maltoheptaose(aq) + 6 H2O(l) = 7 D-glucose(aq),Goldberg R.N.; Bell D.; Tewari Y.B.; McLaughlin M.A.; Biophys. Chem.; 40 69 (1991).,91GOL/BEL_889, , ,298.15,4.44, , ,calorimetry,sodium acetate (0.1 mol dm-3), ,3.2.1.3, , , , ,-26.81
3600,, ,"glucan 1,4-a-glucosidase", , ,maltoheptaose(aq) + 6 H2O(l) = 7 D-glucose(aq),Goldberg R.N.; Bell D.; Tewari Y.B.; McLaughlin M.A.; Biophys. Chem.; 40 69 (1991).,91GOL/BEL_889, , ,304.65,4.44, , ,calorimetry,sodium acetate (0.1 mol dm-3), ,3.2.1.3, , , , ,-27.14
3601,, ,"glucan 1,4-a-glucosidase", , ,maltoheptaose(aq) + 6 H2O(l) = 7 D-glucose(aq),Goldberg R.N.; Bell D.; Tewari Y.B.; McLaughlin M.A.; Biophys. Chem.; 40 69 (1991).,91GOL/BEL_889, , ,311.15,4.44, , ,calorimetry,sodium acetate (0.1 mol dm-3), ,3.2.1.3, , , , ,-26.38
3602,, ,"glucan 1,4-a-glucosidase", , ,maltohexaose(aq) + 5 H2O(l) = 6 D-glucose(aq),Goldberg R.N.; Bell D.; Tewari Y.B.; McLaughlin M.A.; Biophys. Chem.; 40 69 (1991).,91GOL/BEL_890, , ,298.15,4.44, , ,calorimetry,sodium acetate (0.1 mol dm-3), ,3.2.1.3, , , , ,-22.4
3603,, ,"glucan 1,4-a-glucosidase", , ,maltohexaose(aq) + 5 H2O(l) = 6 D-glucose(aq),Goldberg R.N.; Bell D.; Tewari Y.B.; McLaughlin M.A.; Biophys. Chem.; 40 69 (1991).,91GOL/BEL_890, , ,304.65,4.44, , ,calorimetry,sodium acetate (0.1 mol dm-3), ,3.2.1.3, , , , ,-22.63
3604,, ,"glucan 1,4-a-glucosidase", , ,maltohexaose(aq) + 5 H2O(l) = 6 D-glucose(aq),Goldberg R.N.; Bell D.; Tewari Y.B.; McLaughlin M.A.; Biophys. Chem.; 40 69 (1991).,91GOL/BEL_890, , ,311.15,4.44, , ,calorimetry,sodium acetate (0.1 mol dm-3), ,3.2.1.3, , , , ,-22.16
3605,, ,"glucan 1,4-a-glucosidase", , ,maltopentaose(aq) + 4 H2O(l) = 5 D-glucose(aq),Goldberg R.N.; Bell D.; Tewari Y.B.; McLaughlin M.A.; Biophys. Chem.; 40 69 (1991).,91GOL/BEL_891, , ,298.15,4.44, , ,calorimetry,sodium acetate (0.1 mol dm-3), ,3.2.1.3, , , , ,-18.12
3606,, ,"glucan 1,4-a-glucosidase", , ,maltose(aq) + H2O(l) = 2 D-glucose(aq),Goldberg R.N.; Bell D.; Tewari Y.B.; McLaughlin M.A.; Biophys. Chem.; 40 69 (1991).,91GOL/BEL_896, , ,298.15,4.44, , ,calorimetry,sodium acetate (0.1 mol dm-3), ,3.2.1.3, , , , ,-4.55
3607,, ,"glucan 1,4-a-glucosidase", , ,maltotetraose(aq) + 3 H2O(l) = 4 D-glucose(aq),Goldberg R.N.; Bell D.; Tewari Y.B.; McLaughlin M.A.; Biophys. Chem.; 40 69 (1991).,91GOL/BEL_897, , ,298.15,4.44, , ,calorimetry,sodium acetate (0.1 mol dm-3), ,3.2.1.3, , , , ,-13.79
3608,, ,"glucan 1,4-a-glucosidase", , ,maltotriose(aq) + 2 H2O(l) = 3 D-glucose(aq),Goldberg R.N.; Bell D.; Tewari Y.B.; McLaughlin M.A.; Biophys. Chem.; 40 69 (1991).,91GOL/BEL_899, , ,298.15,4.44, , ,calorimetry,sodium acetate (0.1 mol dm-3), ,3.2.1.3, , , , ,-9.03
3609,, ,"glucan 1,4-a-glucosidase", , ,panose(aq) + 2 H2O(l) = 3 D-glucose(aq),Goldberg R.N.; Bell D.; Tewari Y.B.; McLaughlin M.A.; Biophys. Chem.; 40 69 (1991).,91GOL/BEL_901, , ,298.15,6.0, , ,calorimetry,sodium acetate (0.1 mol dm-3), ,3.2.1.3, , , , ,1.46
3610,,1600.0,_-fructofuranosidase,kegg:C00492 + kegg:C00001 = kegg:C05402 + kegg:C00095, ,raffinose(aq) + H2O(l) = Î±-D-melibiose(aq) + D-fructose(aq),Goldberg R.N.; Bell D.; Tewari Y.B.; McLaughlin M.A.; Biophys. Chem.; 40 69 (1991).,91GOL/BEL_940, , ,298.15,6.0, , ,calorimetry,sodium acetate (0.1 mol dm-3), ,3.2.1.26, , , , ,-15.25
3611,, ,_-fructofuranosidase, , ,stachyose(aq) + H2O(l) = D-fructose(aq) + O-Î±-D-galactopyranosyl-(1->6)-O-Î±-D-galactopyranosyl-(1->6)-Î±-D-glucopyranose(aq),Goldberg R.N.; Bell D.; Tewari Y.B.; McLaughlin M.A.; Biophys. Chem.; 40 69 (1991).,91GOL/BEL_941,1873473.0,10.1016/0301-4622(91)85030-t,298.15,6.0, , ,calorimetry,sodium acetate (0.1 mol dm-3), ,3.2.1.26, , , , ,-14.93
3612,3874.0, ,purine-nucleoside phosphorylase and pyrimidine-nucleoside phosphorylase, ,CHB_17596 + CHB_17821 = CHB_17368 + CHB_45996,inosine(aq) + thymine(aq) = 5-methyluridine(aq) + hypoxanthine(aq),Hori N.; Uehara K.; Mikami Y.; Agric. Biol. Chem.; 55 1071 (1991).,91HOR/UEH_467, , ,313.15,7.0,0.21, ,HPLC,potassium phosphate (0.005 mol dm-3),mol/L;inosine=0.005;thymine=0.005;potassium phosphate=0.005;5-methyluridine=0;hypoxanthine=0  ,2.4.2.1 & 2.4.2.2, , , , , 
3613,3873.0, ,pyrimidine-nucleoside phosphorylase, ,CHB_26078 + CHB_45996 = CHB_17821 + CHB_35425,5-methyluridine(aq) + orthophosphate(aq) = thymine(aq) + Î±-D-ribose 1-phosphate(aq),Hori N.; Uehara K.; Mikami Y.; Agric. Biol. Chem.; 55 1071 (1991).,91HOR/UEH_469, , ,313.15,7.0,0.062, ,HPLC,potassium phosphate (0.005 mol dm-3),mol/L;5-methyluridine=0.005;orthophosphate=0.005;thymine=0;D-ribose 1-phosphate=0;(K)1=0.008  ,2.4.2.2, , , , , 
3614,3884.0,1444.0,adenylate kinase,2 kegg:C00008 = kegg:C00020 + kegg:C00002,2 CHB_16761 = CHB_15422 + CHB_16027,2 ADP(aq) = AMP(aq) + ATP(aq),Kleczkowski L.A.; Randall D.D.; J. Exp. Bot.; 42 537 (1991).,91KLE/RAN_654, , ,298.15,8.0,0.3, ,enzymatic assay and spectrophotometry,Tricine (0.10 mol dm-3),2.08 = -log[Mg+2] _ mol/L;tricine=0.1;(Mg)1(Cl)2=0.0083  ,2.7.4.3, , , , , 
3615,3885.0,1449.0,adenylate kinase,2 kegg:C00008 = kegg:C00020 + kegg:C00002,2 CHB_16761 = CHB_15422 + CHB_16027,2 ADP(aq) = AMP(aq) + ATP(aq),Kleczkowski L.A.; Randall D.D.; J. Exp. Bot.; 42 537 (1991).,91KLE/RAN_654, , ,298.15,8.0,0.32, ,enzymatic assay and spectrophotometry,Tricine (0.10 mol dm-3),2.17 = -log[Mg+2] _ mol/L;tricine=0.1;(Mg)1(Cl)2=0.0067  ,2.7.4.3, , , , , 
3616,3886.0,1443.0,adenylate kinase,2 kegg:C00008 = kegg:C00020 + kegg:C00002,2 CHB_16761 = CHB_15422 + CHB_16027,2 ADP(aq) = AMP(aq) + ATP(aq),Kleczkowski L.A.; Randall D.D.; J. Exp. Bot.; 42 537 (1991).,91KLE/RAN_654, , ,298.15,8.0,0.34, ,enzymatic assay and spectrophotometry,Tricine (0.10 mol dm-3),2.28 = -log[Mg+2] _ mol/L;tricine=0.1;(Mg)1(Cl)2=0.0052  ,2.7.4.3, , , , , 
3617,3887.0,1448.0,adenylate kinase,2 kegg:C00008 = kegg:C00020 + kegg:C00002,2 CHB_16761 = CHB_15422 + CHB_16027,2 ADP(aq) = AMP(aq) + ATP(aq),Kleczkowski L.A.; Randall D.D.; J. Exp. Bot.; 42 537 (1991).,91KLE/RAN_654, , ,298.15,8.0,0.46, ,enzymatic assay and spectrophotometry,Tricine (0.10 mol dm-3),2.49 = -log[Mg+2] _ mol/L;tricine=0.1;(Mg)1(Cl)2=0.0032  ,2.7.4.3, , , , , 
3618,3888.0,1447.0,adenylate kinase,2 kegg:C00008 = kegg:C00020 + kegg:C00002,2 CHB_16761 = CHB_15422 + CHB_16027,2 ADP(aq) = AMP(aq) + ATP(aq),Kleczkowski L.A.; Randall D.D.; J. Exp. Bot.; 42 537 (1991).,91KLE/RAN_654, , ,298.15,8.0,0.67, ,enzymatic assay and spectrophotometry,Tricine (0.10 mol dm-3),2.68 = -log[Mg+2] _ mol/L;tricine=0.1;(Mg)1(Cl)2=0.002  ,2.7.4.3, , , , , 
3619,3889.0,1439.0,adenylate kinase,2 kegg:C00008 = kegg:C00020 + kegg:C00002,2 CHB_16761 = CHB_15422 + CHB_16027,2 ADP(aq) = AMP(aq) + ATP(aq),Kleczkowski L.A.; Randall D.D.; J. Exp. Bot.; 42 537 (1991).,91KLE/RAN_654, , ,298.15,8.0,0.92, ,enzymatic assay and spectrophotometry,Tricine (0.10 mol dm-3),3.0 = -log[Mg+2] or 4.37 (-log[Mg+2]) _ mol/L;tricine=0.1;(Mg)1(Cl)2=0.001  ,2.7.4.3, , , , , 
3620,3890.0,1441.0,adenylate kinase,2 kegg:C00008 = kegg:C00020 + kegg:C00002,2 CHB_16761 = CHB_15422 + CHB_16027,2 ADP(aq) = AMP(aq) + ATP(aq),Kleczkowski L.A.; Randall D.D.; J. Exp. Bot.; 42 537 (1991).,91KLE/RAN_654, , ,298.15,8.0,1.06, ,enzymatic assay and spectrophotometry,Tricine (0.10 mol dm-3),3.04 = -log[Mg+2] _ mol/L;tricine=0.1;(Mg)1(Cl)2=0.0009  ,2.7.4.3, , , , , 
3621,3891.0,1446.0,adenylate kinase,2 kegg:C00008 = kegg:C00020 + kegg:C00002,2 CHB_16761 = CHB_15422 + CHB_16027,2 ADP(aq) = AMP(aq) + ATP(aq),Kleczkowski L.A.; Randall D.D.; J. Exp. Bot.; 42 537 (1991).,91KLE/RAN_654, , ,298.15,8.0,1.14, ,enzymatic assay and spectrophotometry,Tricine (0.10 mol dm-3),3.2 = -log[Mg+2] _ mol/L;tricine=0.1;(Mg)1(Cl)2=0.0006  ,2.7.4.3, , , , , 
3622,3892.0,1440.0,adenylate kinase,2 kegg:C00008 = kegg:C00020 + kegg:C00002,2 CHB_16761 = CHB_15422 + CHB_16027,2 ADP(aq) = AMP(aq) + ATP(aq),Kleczkowski L.A.; Randall D.D.; J. Exp. Bot.; 42 537 (1991).,91KLE/RAN_654, , ,298.15,8.0,1.28, ,enzymatic assay and spectrophotometry,Tricine (0.10 mol dm-3),3.84 = -log[Mg+2] _ mol/L;tricine=0.1;(Mg)1(Cl)2=0.00014  ,2.7.4.3, , , , , 
3623,3893.0,1442.0,adenylate kinase,2 kegg:C00008 = kegg:C00020 + kegg:C00002,2 CHB_16761 = CHB_15422 + CHB_16027,2 ADP(aq) = AMP(aq) + ATP(aq),Kleczkowski L.A.; Randall D.D.; J. Exp. Bot.; 42 537 (1991).,91KLE/RAN_654, , ,298.15,8.0,0.92, ,enzymatic assay and spectrophotometry,Tricine (0.10 mol dm-3),4.37 = -log[Mg+2] or 3.0 (-log[Mg+2]) _ mol/L;tricine=0.1;(Mg)1(Cl)2=0.00004  ,2.7.4.3, , , , , 
3624,3894.0,1445.0,adenylate kinase,2 kegg:C00008 = kegg:C00020 + kegg:C00002,2 CHB_16761 = CHB_15422 + CHB_16027,2 ADP(aq) = AMP(aq) + ATP(aq),Kleczkowski L.A.; Randall D.D.; J. Exp. Bot.; 42 537 (1991).,91KLE/RAN_654, , ,298.15,8.0,0.52, ,enzymatic assay and spectrophotometry,Tricine (0.10 mol dm-3),4.88 = -log[Mg+2] _ mol/L;tricine=0.1;(Mg)1(Cl)2=0.00001  ,2.7.4.3, , , , , 
3625,3895.0,1451.0,adenylate kinase,2 kegg:C00008 = kegg:C00020 + kegg:C00002,2 CHB_16761 = CHB_15422 + CHB_16027,2 ADP(aq) = AMP(aq) + ATP(aq),Kleczkowski L.A.; Randall D.D.; J. Exp. Bot.; 42 537 (1991).,91KLE/RAN_654, , ,298.15,8.0,0.49, ,enzymatic assay and spectrophotometry,Tricine (0.10 mol dm-3),5.37 = -log[Mg+2] _ mol/L;tricine=0.1;(Mg)1(Cl)2=0.000004  ,2.7.4.3, , , , , 
3626,3896.0,1438.0,adenylate kinase,2 kegg:C00008 = kegg:C00020 + kegg:C00002,2 CHB_16761 = CHB_15422 + CHB_16027,2 ADP(aq) = AMP(aq) + ATP(aq),Kleczkowski L.A.; Randall D.D.; J. Exp. Bot.; 42 537 (1991).,91KLE/RAN_654, , ,298.15,8.0,0.37, ,enzymatic assay and spectrophotometry,Tricine (0.10 mol dm-3),5.53 = -log[Mg+2] _ mol/L;tricine=0.1;(Mg)1(Cl)2=0.000003  ,2.7.4.3, , , , , 
3627,3897.0,1450.0,adenylate kinase,2 kegg:C00008 = kegg:C00020 + kegg:C00002,2 CHB_16761 = CHB_15422 + CHB_16027,2 ADP(aq) = AMP(aq) + ATP(aq),Kleczkowski L.A.; Randall D.D.; J. Exp. Bot.; 42 537 (1991).,91KLE/RAN_654, , ,298.15,8.0,0.34, ,enzymatic assay and spectrophotometry,Tricine (0.10 mol dm-3),5.83 = -log[Mg+2] _ mol/L;tricine=0.1;(Mg)1(Cl)2=0.0000015  ,2.7.4.3, , , , , 
3628,3898.0, ,phosphoglucomutase, ,MAN_10017 = MAN_10018,6-thioglucose 6-phosphate(aq) = 6-thioglucose 1-phosphate(aq),Knight W.B.; Sem D.S.; Smith K.; Miziorko H.M.; Rendina A.R.; Cleland W.W.; Biochemistry; 30 4970 (1991).,91KNI/SEM_1406,1645186.0,10.1021/bi00234a019,295.15,8.4,46, ,NMR,Taps (0.072 mol dm-3),mol/L;Taps=0.072;(Mg)1(Cl)2=0.01  ,5.4.2.2, , , , , 
3629,3899.0,1933.0,N-acetylneuraminate lyase,kegg:C00270 = kegg:C00645 + kegg:C00022,CHB_35418 = CHB_15361 + CHB_63153,N-acetylneuraminate(aq) = N-acetyl-D-mannosamine(aq) + pyruvate(aq),"Kragl U.; ""Reaktionstechnik biokatatischer Prozesse am Beispiel der kontinuierlichen enzymatischen Synthese von N-Acetylneuraminsdure""; Thesis Universitdt Bonn (1992).",91KRA/GYG_1120, , ,283.15,7.5,0.012, ,HPLC,none,   ,4.1.3.3, , , , , 
3630,3900.0,1934.0,N-acetylneuraminate lyase,kegg:C00270 = kegg:C00645 + kegg:C00022,CHB_35418 = CHB_15361 + CHB_63153,N-acetylneuraminate(aq) = N-acetyl-D-mannosamine(aq) + pyruvate(aq),"Kragl U.; ""Reaktionstechnik biokatatischer Prozesse am Beispiel der kontinuierlichen enzymatischen Synthese von N-Acetylneuraminsdure""; Thesis Universitdt Bonn (1992).",91KRA/GYG_1120, , ,298.15,7.5,0.0348, ,HPLC,none,   ,4.1.3.3, , , , , 
3631,3901.0,2345.0,fructose-biphosphatase,kegg:C00354 + kegg:C00001 = kegg:C00085 + kegg:C00009,CHB_15377 + CHB_40595 = CHB_26078 + CHB_61553,"D-fructose 1,6-bisphosphate(aq) + H2O(l) = D-fructose 6-phosphate(aq) + orthophosphate(aq)",Liu F.; Fromm H.J.; J. Biol. Chem.; 266 11774 (1991).,91LIU/FRO_832,1646815.0, ,288.15,7.5,47, ,NMR,Tris (0.05 mol dm-3) + HCl,mol/L;Tris-HCl=0.05;(K)1(Cl)1=0.05;(Mg)1(SO4)1=0.005  ,3.1.3.11, , , , , 
3632,,179.0,cytochrome-c oxidase,4 kegg:C00126 + kegg:C00007 = 4 kegg:C00125 + 2 kegg:C00001, ,4 reduced cytochrome c(aq) + O2(aq) = 4 cytochrome c(aq) + 2 H2O(l),Morin P.E.; Freire E.; Biochemistry; 30 8494 (1991).,91MOR/FRE_329,1653014.0,10.1021/bi00098a030,299.4,7.4, , ,calorimetry,phosphate MOPS Tricine and Tris, ,1.9.3.1, , , , ,-69
3633,3904.0,3720.0,L-iditol dehydrogenase,kegg:C01697 + kegg:C00003 = kegg:C00795 + kegg:C00004,CHB_15846 + CHB_16813 = CHB_16908 + CHB_4249,galactitol(aq) + NAD(aq) = D-tagatose(aq) + NADH(aq),Schneider K.H.; Giffhorn F.; Enzyme Microb. Technol.; 13 332 (1991).,91SCH/GIF_59, , ,298.15,7.0,0.013, ,spectrophotometry,potassium phosphate (0.1 mol dm-3),mol/L;potassium phosphate=0.1  ,1.1.1.14, , , , , 
3634,3903.0,81.0,L-iditol dehydrogenase,kegg:C00794 + kegg:C00003 = kegg:C00095 + kegg:C00004,CHB_15846 + CHB_17924 = CHB_16908 + CHB_37721,D-sorbitol(aq) + NAD(aq) = D-fructose(aq) + NADH(aq),Schneider K.H.; Giffhorn F.; Enzyme Microb. Technol.; 13 332 (1991).,91SCH/GIF_69, , ,298.15,7.0,0.032, ,spectrophotometry,potassium phosphate (0.1 mol dm-3),mol/L;potassium phosphate=0.1  ,1.1.1.14, , , , , 
3635,3905.0, ,glucose-6-phosphate isomerase, ,MAN_10153 = MAN_10101,6-amino-D-glucose 6-phosphate(aq) = 6-amino-D-fructose 6-phosphate(aq),Sem D.S.; Cleland W.W.; Biochemistry; 30 4978 (1991).,91SEM/CLE_1349, , ,278.85,8.7,0.202, ,NMR and spectrophotometry,Ches (0.10 mol dm-3),mol/L;Ches=0.1  ,5.3.1.9, , , , , 
3636,3907.0,2398.0,glucose-6-phosphate isomerase,kegg:C00092 = kegg:C00085,CHB_4170 = CHB_61553,D-glucose 6-phosphate(aq) = D-fructose 6-phosphate(aq),Sem D.S.; Cleland W.W.; Biochemistry; 30 4978 (1991).,91SEM/CLE_1364, , ,278.85,8.7,0.214, ,NMR and spectrophotometry,Ches (0.10 mol dm-3),mol/L;Ches=0.1  ,5.3.1.9, , , , , 
3637,3908.0,2399.0,glucose-6-phosphate isomerase,kegg:C00092 = kegg:C00085,CHB_4170 = CHB_61553,D-glucose 6-phosphate(aq) = D-fructose 6-phosphate(aq),Sem D.S.; Cleland W.W.; Biochemistry; 30 4978 (1991).,91SEM/CLE_1364, , ,295.15,8.7,0.264, ,NMR and spectrophotometry,Ches (0.10 mol dm-3),mol/L;Ches=0.1  ,5.3.1.9, , , , , 
3638,3906.0, ,hexokinase, ,CHB_15422 + MAN_10113 = CHB_16761 + MAN_10153,ATP(aq) + 6-amino-D-glucose(aq) = ADP(aq) + 6-amino-D-glucose 6-phosphate(aq),Sem D.S.; Cleland W.W.; Biochemistry; 30 4978 (1991).,91SEM/CLE_542,1827991.0,10.1021/bi00234a020,298.15,9.25,0.182, ,NMR and spectrophotometry,Ches (0.10 mol dm-3),mol/L;Ches=0.1;(Mg)1(Cl)2=0.017 _ MgCl2 (0.017 mol/L) _ ,2.7.1.1, ,0.017 MgCl2, , , 
3639,3914.0, ,1-piperidine-2-carboxylate reductase, ,CHB_18009 + CHB_30633 = CHB_16474 + CHB_30912,L-pipecolate(aq) + NADP(aq) = Î”1-piperidine-2-carboxylate(aq) + NADPH(aq),Srinivasan R.; Nambi P.; Biophys. Chem.; 40 81 (1991).,91SRI/NAM_308,1873475.0,10.1016/0301-4622(91)85032-l,277.8, ,0.0111, ,spectrophotometry,phosphate (0.1 mol dm-3) and Tris (0.1 mol dm-3),mol/L;IS=0.2;Tris=0.1;phosphate buffer=0.1  ,1.5.1.21, , , , , 
3640,3913.0, ,1-piperidine-2-carboxylate reductase, ,CHB_18009 + CHB_30633 = CHB_16474 + CHB_30912,L-pipecolate(aq) + NADP(aq) = Î”1-piperidine-2-carboxylate(aq) + NADPH(aq),Srinivasan R.; Nambi P.; Biophys. Chem.; 40 81 (1991).,91SRI/NAM_308,1873475.0,10.1016/0301-4622(91)85032-l,281.2, ,0.0103, ,spectrophotometry,phosphate (0.1 mol dm-3) and Tris (0.1 mol dm-3),mol/L;IS=0.2;Tris=0.1;phosphate buffer=0.1  ,1.5.1.21, , , , , 
3641,3911.0, ,1-piperidine-2-carboxylate reductase, ,CHB_18009 + CHB_30633 = CHB_16474 + CHB_30912,L-pipecolate(aq) + NADP(aq) = Î”1-piperidine-2-carboxylate(aq) + NADPH(aq),Srinivasan R.; Nambi P.; Biophys. Chem.; 40 81 (1991).,91SRI/NAM_308,1873475.0,10.1016/0301-4622(91)85032-l,285.3, ,0.00719, ,spectrophotometry,phosphate (0.1 mol dm-3) and Tris (0.1 mol dm-3),mol/L;IS=0.2;Tris=0.1;phosphate buffer=0.1  ,1.5.1.21, , , , , 
3642,3912.0, ,1-piperidine-2-carboxylate reductase, ,CHB_18009 + CHB_30633 = CHB_16474 + CHB_30912,L-pipecolate(aq) + NADP(aq) = Î”1-piperidine-2-carboxylate(aq) + NADPH(aq),Srinivasan R.; Nambi P.; Biophys. Chem.; 40 81 (1991).,91SRI/NAM_308,1873475.0,10.1016/0301-4622(91)85032-l,291.1, ,0.00775, ,spectrophotometry,phosphate (0.1 mol dm-3) and Tris (0.1 mol dm-3),mol/L;IS=0.2;Tris=0.1;phosphate buffer=0.1  ,1.5.1.21, , , , , 
3643,3910.0, ,1-piperidine-2-carboxylate reductase, ,CHB_18009 + CHB_30633 = CHB_16474 + CHB_30912,L-pipecolate(aq) + NADP(aq) = Î”1-piperidine-2-carboxylate(aq) + NADPH(aq),Srinivasan R.; Nambi P.; Biophys. Chem.; 40 81 (1991).,91SRI/NAM_308,1873475.0,10.1016/0301-4622(91)85032-l,297.6, ,0.00585, ,spectrophotometry,phosphate (0.1 mol dm-3) and Tris (0.1 mol dm-3),mol/L;IS=0.2;Tris=0.1;phosphate buffer=0.1  ,1.5.1.21, , , , , 
3644,3909.0, ,1-piperidine-2-carboxylate reductase, ,CHB_18009 + CHB_30633 = CHB_16474 + CHB_30912,L-pipecolate(aq) + NADP(aq) = Î”1-piperidine-2-carboxylate(aq) + NADPH(aq),Srinivasan R.; Nambi P.; Biophys. Chem.; 40 81 (1991).,91SRI/NAM_308,1873475.0,10.1016/0301-4622(91)85032-l,305, ,0.00526, ,spectrophotometry,phosphate (0.1 mol dm-3) and Tris (0.1 mol dm-3),mol/L;IS=0.2;Tris=0.1;phosphate buffer=0.1  ,1.5.1.21, , , , , 
3645,3918.0,1058.0,_-amylase,kegg:C01083 + kegg:C00001 = 2 kegg:C00031,CHB_15377 + CHB_16551 = 2 CHB_4167,"Î±,Î±-trehalose(aq) + H2O(l) = 2 D-glucose(aq)",Tewari Y.B.; Goldberg R.N.; Biophys. Chem.; 40 59 (1991).,91TEW/GOL_876, , ,286.45,5.65, ,122,HPLC,sodium acetate (0.1 mol dm-3),mol/L;sodium acetate=0.1  ,3.2.1.2, , , , , 
3646,3919.0,1055.0,_-amylase,kegg:C01083 + kegg:C00001 = 2 kegg:C00031,CHB_15377 + CHB_16551 = 2 CHB_4167,"Î±,Î±-trehalose(aq) + H2O(l) = 2 D-glucose(aq)",Tewari Y.B.; Goldberg R.N.; Biophys. Chem.; 40 59 (1991).,91TEW/GOL_876, , ,292.25,5.65, ,123,HPLC,sodium acetate (0.1 mol dm-3),mol/L;sodium acetate=0.1  ,3.2.1.2, , , , , 
3647,3916.0,1057.0,_-amylase,kegg:C01083 + kegg:C00001 = 2 kegg:C00031,CHB_15377 + CHB_16551 = 2 CHB_4167,"Î±,Î±-trehalose(aq) + H2O(l) = 2 D-glucose(aq)",Tewari Y.B.; Goldberg R.N.; Biophys. Chem.; 40 59 (1991).,91TEW/GOL_876, , ,298.15,5.65, ,119,HPLC,sodium acetate (0.1 mol dm-3),mol/L;sodium acetate=0.1  ,3.2.1.2, , , , , 
3648,3917.0,1059.0,_-amylase,kegg:C01083 + kegg:C00001 = 2 kegg:C00031,CHB_15377 + CHB_16551 = 2 CHB_4167,"Î±,Î±-trehalose(aq) + H2O(l) = 2 D-glucose(aq)",Tewari Y.B.; Goldberg R.N.; Biophys. Chem.; 40 59 (1991).,91TEW/GOL_876, , ,304.55,5.65, ,118,HPLC,sodium acetate (0.1 mol dm-3),mol/L;sodium acetate=0.1  ,3.2.1.2, , , , , 
3649,3915.0,1056.0,_-amylase,kegg:C01083 + kegg:C00001 = 2 kegg:C00031,CHB_15377 + CHB_16551 = 2 CHB_4167,"Î±,Î±-trehalose(aq) + H2O(l) = 2 D-glucose(aq)",Tewari Y.B.; Goldberg R.N.; Biophys. Chem.; 40 59 (1991).,91TEW/GOL_876, , ,310.25,5.65, ,115,HPLC,sodium acetate (0.1 mol dm-3),mol/L;sodium acetate=0.1  ,3.2.1.2, , , , , 
3650,,1076.0,_-amylase,kegg:C01083 + kegg:C00001 = 2 kegg:C00031, ,"Î±,Î±-trehalose(aq) + H2O(l) = 2 D-glucose(aq)",Tewari Y.B.; Goldberg R.N.; Biophys. Chem.; 40 59 (1991).,91TEW/GOL_877, , ,298.15,5.65, , ,calorimetry,sodium acetate (0.1 mol dm-3), ,3.2.1.2, , , , ,4.73
3651,,2724.0,"oligo-1,6-glucosidase",kegg:C01742 + kegg:C00001 = kegg:C00031 + kegg:C00095, ,palatinose(aq) + H2O(l) = D-glucose(aq) + D-fructose(aq),Tewari Y.B.; Goldberg R.N.; Biophys. Chem.; 40 59 (1991).,91TEW/GOL_911, , ,298.15,4.44, , ,calorimetry,sodium acetate (0.02 mol dm-3), ,3.2.1.10, , , , ,-4.44
3652,, ,a-glucosidase, , ,D-turanose(aq) + H2O(l) = D-glucose(aq) + D-fructose(aq),Tewari Y.B.; Goldberg R.N.; Biophys. Chem.; 40 59 (1991).,91TEW/GOL_913, , ,298.15,5.65, , ,calorimetry,sodium acetate (0.1 mol dm-3), ,3.2.1.20, , , , ,-2.68
3653,3924.0,1397.0,_-glucosidase,kegg:C05402 + kegg:C00001 = kegg:C00124 + kegg:C00031,CHB_15377 + CHB_28053 = CHB_4139 + CHB_4167,Î±-D-melibiose(aq) + H2O(l) = D-galactose(aq) + D-glucose(aq),Tewari Y.B.; Goldberg R.N.; Biophys. Chem.; 40 59 (1991).,91TEW/GOL_920, , ,298.15,5.65, , ,calorimetry and HPLC,sodium acetate (0.1 mol dm-3),mol/L;sodium acetate=0.1  ,3.2.1.21, , , , ,-0.88
3654,,1870.0,_-glucosidase,kegg:C05402 + kegg:C00001 = kegg:C00124 + kegg:C00031, ,Î±-D-melibiose(aq) + H2O(l) = D-galactose(aq) + D-glucose(aq),Tewari Y.B.; Goldberg R.N.; Biophys. Chem.; 40 59 (1991).,91TEW/GOL_921, , ,298.15,5.65, ,123,HPLC,sodium acetate (0.1 mol dm-3), ,3.2.1.21, , , , , 
3655,3921.0, ,_-galactosidase, ,CHB_15377 + PBC_11823089 = CHB_4139 + CHB_46994,3-O-Î²-D-galactopyranosyl-D-arabinose(aq) + H2O(l) = D-galactose(aq) + D-arabinose(aq),Tewari Y.B.; Goldberg R.N.; Biophys. Chem.; 40 59 (1991).,91TEW/GOL_928, , ,286.15,5.65, ,108,HPLC,sodium acetate (0.1 mol dm-3),mol/L;sodium acetate=0.1  ,3.2.1.23, , , , , 
3656,3922.0, ,_-galactosidase, ,CHB_15377 + PBC_11823089 = CHB_4139 + CHB_46994,3-O-Î²-D-galactopyranosyl-D-arabinose(aq) + H2O(l) = D-galactose(aq) + D-arabinose(aq),Tewari Y.B.; Goldberg R.N.; Biophys. Chem.; 40 59 (1991).,91TEW/GOL_928, , ,292.15,5.65, ,108,HPLC,sodium acetate (0.1 mol dm-3),mol/L;sodium acetate=0.1  ,3.2.1.23, , , , , 
3657,3920.0, ,_-galactosidase, ,CHB_15377 + PBC_11823089 = CHB_4139 + CHB_46994,3-O-Î²-D-galactopyranosyl-D-arabinose(aq) + H2O(l) = D-galactose(aq) + D-arabinose(aq),Tewari Y.B.; Goldberg R.N.; Biophys. Chem.; 40 59 (1991).,91TEW/GOL_928, , ,298.15,5.65, ,104,HPLC,sodium acetate (0.1 mol dm-3),mol/L;sodium acetate=0.1  ,3.2.1.23, , , , , 
3658,, ,_-galactosidase, , ,3-O-Î²-D-galactopyranosyl-D-arabinose(aq) + H2O(l) = D-galactose(aq) + D-arabinose(aq),Tewari Y.B.; Goldberg R.N.; Biophys. Chem.; 40 59 (1991).,91TEW/GOL_929, , ,298.15,4.44, , ,calorimetry,sodium acetate (0.02 mol dm-3), ,3.2.1.23, , , , ,2.97
3659,3923.0,2236.0,_-galactosidase,kegg:C07064 + kegg:C00001 = kegg:C00124 + kegg:C00095,CHB_15377 + CHB_6359 = CHB_37721 + CHB_4139,lactulose(aq) + H2O(l) = D-galactose(aq) + D-fructose(aq),Tewari Y.B.; Goldberg R.N.; Biophys. Chem.; 40 59 (1991).,91TEW/GOL_934, , ,298.15,5.65, ,128,calorimetry and HPLC,sodium acetate (0.1 mol dm-3),mol/L;sodium acetate=0.1  ,3.2.1.23, , , , , 
3660,,2237.0,_-galactosidase,kegg:C07064 + kegg:C00001 = kegg:C00124 + kegg:C00095, ,lactulose(aq) + H2O(l) = D-galactose(aq) + D-fructose(aq),Tewari Y.B.; Goldberg R.N.; Biophys. Chem.; 40 59 (1991).,91TEW/GOL_935,1873472.0,10.1016/0301-4622(91)85029-p,298.15,5.65, , ,HPLC,sodium acetate (0.1 mol dm-3), ,3.2.1.23, , , , ,2.21
3661,,884.0,methylenetetrahydrofolate dehydrogenase (NAD+),kegg:C00143 + kegg:C00003 = kegg:C00445 + kegg:C00004, ,"5,10-methylenetetrahydrofolate(aq) + NAD(aq) = 5,10-methenyltetrahydrofolate(aq) + NADH(aq)",Wohlfarth G.; Diekert G.; Arch. Microbiol.; 155 378 (1991).,91WOH/DIE_304, , ,310.15,7.8,0.012, ,spectrophotometry,Tris (0.1 mol dm-3) + HCl, ,1.5.1.15, , , , , 
3662,,883.0,methylenetetrahydrofolate dehydrogenase (NAD+),kegg:C00143 + kegg:C00003 = kegg:C00445 + kegg:C00004, ,"5,10-methylenetetrahydrofolate(aq) + NAD(aq) = 5,10-methenyltetrahydrofolate(aq) + NADH(aq)",Wohlfarth G.; Diekert G.; Arch. Microbiol.; 155 378 (1991).,91WOH/DIE_304, , ,310.15,7.9,0.0096, ,spectrophotometry,Tris (0.1 mol dm-3) + HCl, ,1.5.1.15, , , , , 
3663,,886.0,methylenetetrahydrofolate dehydrogenase (NAD+),kegg:C00143 + COCO:COCOM00012 = kegg:C00445 + COCO:COCOM00013, ,"5,10-methylenetetrahydrofolate(aq) + AP-NAD(aq) = 5,10-methenyltetrahydrofolate(aq) + AP-NADH(aq)",Wohlfarth G.; Diekert G.; Arch. Microbiol.; 155 378 (1991).,91WOH/DIE_305, , ,310.15,7.2,0.86, ,spectrophotometry,Tris (0.1 mol dm-3) + HCl, ,1.5.1.15, , , , , 
3664,,885.0,methylenetetrahydrofolate dehydrogenase (NAD+),kegg:C00143 + COCO:COCOM00012 = kegg:C00445 + COCO:COCOM00013, ,"5,10-methylenetetrahydrofolate(aq) + AP-NAD(aq) = 5,10-methenyltetrahydrofolate(aq) + AP-NADH(aq)",Wohlfarth G.; Diekert G.; Arch. Microbiol.; 155 378 (1991).,91WOH/DIE_305, , ,310.15,8.25,0.11, ,spectrophotometry,Tris (0.1 mol dm-3) + HCl, ,1.5.1.15, , , , , 
3665,, ,chymotrypsin, , ,N-acetyl-L-tryptophan phenylethyl ester(sln) + H2O(sln) = N-acetyl-L-tryptophan(sln) + 2-phenylethanol(sln),Blanco R.M.; Guisan J.M.; Halling P.J.; Biotech. Bioeng.; 40 1092 (1992),92BLA/GUI_966, , ,298.15, ,2, ,HPLC, ,2-butanone,3.4.21.1, , , , , 
3666,, ,chymotrypsin, , ,N-acetyl-L-tryptophan phenylethyl ester(sln) + H2O(sln) = N-acetyl-L-tryptophan(sln) + 2-phenylethanol(sln),Blanco R.M.; Guisan J.M.; Halling P.J.; Biotech. Bioeng.; 40 1092 (1992),92BLA/GUI_966, , ,298.15, ,0.91, ,HPLC, ,3-pentanone,3.4.21.1, , , , , 
3667,, ,chymotrypsin, , ,N-acetyl-L-tryptophan phenylethyl ester(sln) + H2O(sln) = N-acetyl-L-tryptophan(sln) + 2-phenylethanol(sln),Blanco R.M.; Guisan J.M.; Halling P.J.; Biotech. Bioeng.; 40 1092 (1992),92BLA/GUI_966, , ,298.15, ,0.77, ,HPLC, ,ethyl acetate,3.4.21.1, , , , , 
3668,, ,chymotrypsin, , ,N-acetyl-L-tryptophan phenylethyl ester(sln) + H2O(sln) = N-acetyl-L-tryptophan(sln) + 2-phenylethanol(sln),Blanco R.M.; Guisan J.M.; Halling P.J.; Biotech. Bioeng.; 40 1092 (1992),92BLA/GUI_966, , ,298.15, ,0.21, ,HPLC, ,isopropyl ether,3.4.21.1, , , , , 
3669,, ,chymotrypsin, , ,N-acetyl-L-tryptophan phenylethyl ester(sln) + H2O(sln) = N-acetyl-L-tryptophan(sln) + 2-phenylethanol(sln),Blanco R.M.; Guisan J.M.; Halling P.J.; Biotech. Bioeng.; 40 1092 (1992),92BLA/GUI_966, , ,298.15, ,0.17, ,HPLC, ,trichloroethane  +  acetonitrile (21 % v/v),3.4.21.1, , , , , 
3670,, ,chymotrypsin, , ,N-acetyl-L-tryptophan phenylethyl ester(sln) + H2O(sln) = N-acetyl-L-tryptophan(sln) + 2-phenylethanol(sln),Blanco R.M.; Guisan J.M.; Halling P.J.; Biotech. Bioeng.; 40 1092 (1992),92BLA/GUI_966, , ,298.15, ,0.056, ,HPLC, ,trichloroethane  +  acetonitrile (3 % v/v),3.4.21.1, , , , , 
3671,, ,chymotrypsin, , ,N-acetyl-L-tryptophan phenylethyl ester(sln) + H2O(sln) = N-acetyl-L-tryptophan(sln) + 2-phenylethanol(sln),Blanco R.M.; Guisan J.M.; Halling P.J.; Biotech. Bioeng.; 40 1092 (1992),92BLA/GUI_966, , ,298.15, ,0.63, ,HPLC, ,trichloroethane  +  dimethylformamide (10 % v/v),3.4.21.1, , , , , 
3672,, ,chymotrypsin, , ,N-acetyl-L-tryptophan phenylethyl ester(sln) + H2O(sln) = N-acetyl-L-tryptophan(sln) + 2-phenylethanol(sln),Blanco R.M.; Guisan J.M.; Halling P.J.; Biotech. Bioeng.; 40 1092 (1992),92BLA/GUI_966, , ,298.15, ,0.21, ,HPLC, ,trichloroethane  +  dimethylformamide (3 % v/v),3.4.21.1, , , , , 
3673,, ,chymotrypsin, , ,N-acetyl-L-tryptophan phenylethyl ester(sln) + H2O(sln) = N-acetyl-L-tryptophan(sln) + 2-phenylethanol(sln),Blanco R.M.; Guisan J.M.; Halling P.J.; Biotech. Bioeng.; 40 1092 (1992),92BLA/GUI_966, , ,298.15, ,0.3, ,HPLC, ,trichloroethane  +  dimethylformamide (6 % v/v),3.4.21.1, , , , , 
3674,, ,chymotrypsin, , ,N-acetyl-L-tryptophan phenylethyl ester(sln) + H2O(sln) = N-acetyl-L-tryptophan(sln) + 2-phenylethanol(sln),Blanco R.M.; Guisan J.M.; Halling P.J.; Biotech. Bioeng.; 40 1092 (1992),92BLA/GUI_966, , ,298.15, ,0.053, ,HPLC, ,trichloroethane,3.4.21.1, , , , , 
3675,3969.0,2661.0,xylose isomerase,kegg:C00031 = kegg:C00095,CHB_4167 = CHB_37721,D-glucose(aq) = D-fructose(aq),Demerdash M.; Attia R.M.; Zentralbl. Mikobiol.; 147 297 (1992).,92DEM/ATT_1319, , ,333.15,7.5,1.08, , ,Tris (0.05 mol dm-3) + HCl,mol/L;Tris-HCl=0.05  ,5.3.1.5, , , , , 
3676,3970.0, ,_-galactosidase, ,CHB_15377 + CHB_36229 = CHB_4139 + CHB_4167,allolactose(aq) + H2O(l) = D-galactose(aq) + D-glucose(aq),Elliott A.C.; Srinivasan K.; Sinnott M.L.; Smith P.J.; Bommuswamy J.; Guo Z.; Hall B.G.; Zhang Y.; Biochem. J.; 282 155 (1992).,92ELL/SRI_927, , ,310.15,7.0,45, ,HPLC,Tes (0.030 mol dm-3) + NaOH,mol/L;Tes-NaOH=0.03;(Na)1(Cl)1=1.45;(Mg)1(Cl)2=0.001  ,3.2.1.23, , , , , 
3677,3971.0,818.0,_-galactosidase,kegg:C00243 + kegg:C00001 = kegg:C00124 + kegg:C00031,CHB_15377 + CHB_36219 = CHB_4139 + CHB_4167,lactose(aq) + H2O(l) = D-galactose(aq) + D-glucose(aq),Elliott A.C.; Srinivasan K.; Sinnott M.L.; Smith P.J.; Bommuswamy J.; Guo Z.; Hall B.G.; Zhang Y.; Biochem. J.; 282 155 (1992).,92ELL/SRI_933, , ,310.15,7.0,152, ,HPLC,Tes (0.030 mol dm-3) + NaOH,mol/L;Tes-NaOH=0.03;(Na)1(Cl)1=1.45;(Mg)1(Cl)2=0.001  ,3.2.1.23, , , , , 
3678,3972.0,695.0,_-galactosidase,kegg:C07064 + kegg:C00001 = kegg:C00124 + kegg:C00095,CHB_15377 + CHB_6359 = CHB_37721 + CHB_4139,lactulose(aq) + H2O(l) = D-galactose(aq) + D-fructose(aq),Elliott A.C.; Srinivasan K.; Sinnott M.L.; Smith P.J.; Bommuswamy J.; Guo Z.; Hall B.G.; Zhang Y.; Biochem. J.; 282 155 (1992).,92ELL/SRI_936,1540130.0,10.1042/bj2820155,310.15,7.0,40, ,HPLC,Tes (0.030 mol dm-3) + NaOH,mol/L;Tes-NaOH=0.03;(Na)1(Cl)1=1.45;(Mg)1(Cl)2=0.001  ,3.2.1.23, , , , , 
3679,3978.0, ,aminoacylase, ,CHB_15377 + PBC_66789 = CHB_16414 + CHB_30089,N-acetyl-L-valine(aq) + H2O(l) = acetate(aq) + L-valine(aq),Iborra J.L.; Obon J.M.; Manjon A.; Canovas M.; Biocatal.; 7 37 (1992).,92IBO/OBO_1030, , ,323.15,7.0,7.51, ,spectrophotometry,acetate + NaOH,mol/L;acetate-NaOH=0.1  ,3.5.1.14, , , , , 
3680,3976.0, ,aminoacylase, ,CHB_15377 + PBC_66789 = CHB_16414 + CHB_30089,N-acetyl-L-valine(aq) + H2O(l) = acetate(aq) + L-valine(aq),Iborra J.L.; Obon J.M.; Manjon A.; Canovas M.; Biocatal.; 7 37 (1992).,92IBO/OBO_1030, , ,323.15,7.5,6.75, ,spectrophotometry,acetate + NaOH,mol/L;acetate-NaOH=0.1  ,3.5.1.14, , , , , 
3681,3974.0, ,aminoacylase, ,CHB_15377 + PBC_66789 = CHB_16414 + CHB_30089,N-acetyl-L-valine(aq) + H2O(l) = acetate(aq) + L-valine(aq),Iborra J.L.; Obon J.M.; Manjon A.; Canovas M.; Biocatal.; 7 37 (1992).,92IBO/OBO_1030, , ,323.15,7.8,5.47, ,spectrophotometry,acetate + NaOH,mol/L;acetate-NaOH=0.1  ,3.5.1.14, , , , , 
3682,3973.0, ,aminoacylase, ,CHB_15377 + PBC_66789 = CHB_16414 + CHB_30089,N-acetyl-L-valine(aq) + H2O(l) = acetate(aq) + L-valine(aq),Iborra J.L.; Obon J.M.; Manjon A.; Canovas M.; Biocatal.; 7 37 (1992).,92IBO/OBO_1030, , ,323.15,8.0,5.09, ,spectrophotometry,acetate + NaOH,mol/L;acetate-NaOH=0.1  ,3.5.1.14, , , , , 
3683,3975.0, ,aminoacylase, ,CHB_15377 + PBC_66789 = CHB_16414 + CHB_30089,N-acetyl-L-valine(aq) + H2O(l) = acetate(aq) + L-valine(aq),Iborra J.L.; Obon J.M.; Manjon A.; Canovas M.; Biocatal.; 7 37 (1992).,92IBO/OBO_1030, , ,323.15,8.5,6.49, ,spectrophotometry,acetate + NaOH,mol/L;acetate-NaOH=0.1  ,3.5.1.14, , , , , 
3684,3977.0, ,aminoacylase, ,CHB_15377 + PBC_66789 = CHB_16414 + CHB_30089,N-acetyl-L-valine(aq) + H2O(l) = acetate(aq) + L-valine(aq),Iborra J.L.; Obon J.M.; Manjon A.; Canovas M.; Biocatal.; 7 37 (1992).,92IBO/OBO_1030, , ,323.15,9.0,7.47, ,spectrophotometry,acetate + NaOH,mol/L;acetate-NaOH=0.1  ,3.5.1.14, , , , , 
3685,3979.0,1053.0,ribitol dehydrogenase,kegg:C00474 + kegg:C00003 = kegg:C00309 + kegg:C00004,CHB_15846 + CHB_15963 = CHB_16908 + CHB_28552,ribitol(aq) + NAD(aq) = D-ribulose(aq) + NADH(aq),Kahle C.; Schneider K.-H.; Giffhorn F.; J. Gen. Microbiol.; 138 1277 (1992).,92KAH/SCH_189,1527498.0,10.1099/00221287-138-6-1277,298.15,7.0,0.0033, ,spectrophotometry,phosphate (0.1 mol dm-3),mol/L;phosphate buffer=0.1  ,1.1.1.56, , , , , 
3686,,1561.0,fumarate hydratase,kegg:C00122 + kegg:C00001 = kegg:C00149, ,fumarate(aq) + H2O(l) = (S)-malate(aq),Keruchenko J.S.; Keruchenko I.D.; Gladilin K.L.; Zaitsev V.N.; Chirgadze N.Y.; Biochim. Biophys. Acta; 1122 85 (1992).,92KER/KER_1155, , ,298.15,7.6,4.3, ,spectrophotometry,potassium phosphate (0.05 mol dm-3), ,4.2.1.2, , , , , 
3687,3998.0,843.0,phosphopentomutase,kegg:C00620 = kegg:C00117,CHB_35425 = CHB_52742,D-ribose 1-phosphate(aq) = D-ribose 5-phosphate(aq),Kim Y.-A.; King M.T.; Teague W.E. Jr.; Rufo G.A. Jr.; Veech R.L.; Passonneau J.V.; Am. J. Physiol.; 262 E344 (1992).,92KIM/KIN_1411, , ,311.15,7.0,26, ,enzymatic assay,Mops,3.0 = -log[Mg+2] _ mol/L;IS=0.25;(Mg)1=0.001 _ Mg2+ (0.001 mol/L) _ ,5.4.2.7, ,0.001 Mg2+,0.25, , 
3688,4000.0,515.0,purine-nucleoside phosphorylase,kegg:C00387 + kegg:C00009 = kegg:C00242 + kegg:C00620,CHB_16750 + CHB_26078 = CHB_16235 + CHB_35425,guanosine(aq) + orthophosphate(aq) = guanine(aq) + Î±-D-ribose 1-phosphate(aq),Kim Y.-A.; King M.T.; Teague W.E. Jr.; Rufo G.A. Jr.; Veech R.L.; Passonneau J.V.; Am. J. Physiol.; 262 E344 (1992).,92KIM/KIN_458, , ,311.15,7.0,0.00926, ,HPLC and enzymatic assay,Mops,3.0 = -log[Mg+2] _ mol/L;IS=0.25;(Mg)1=0.001 _ Mg2+ (0.001 mol/L) _ ,2.4.2.1, ,0.001 Mg2+,0.25, , 
3689,4002.0,137.0,purine-nucleoside phosphorylase,kegg:C00294 + kegg:C00009 = kegg:C00262 + kegg:C00620,CHB_17596 + CHB_26078 = CHB_17368 + CHB_35425,inosine(aq) + orthophosphate(aq) = hypoxanthine(aq) + Î±-D-ribose 1-phosphate(aq),Kim Y.-A.; King M.T.; Teague W.E. Jr.; Rufo G.A. Jr.; Veech R.L.; Passonneau J.V.; Am. J. Physiol.; 262 E344 (1992).,92KIM/KIN_464, , ,311.15,7.0,0.0164, ,HPLC and enzymatic assay,Mops,3.0 = -log[Mg+2] _ mol/L;IS=0.25;(Mg)1=0.001 _ Mg2+ (0.001 mol/L) _ ,2.4.2.1, ,0.001 Mg2+,0.25, , 
3690,4003.0,1578.0,purine-nucleoside phosphorylase,kegg:C01762 + kegg:C00009 = kegg:C00385 + kegg:C00620,CHB_18107 + CHB_26078 = CHB_17712 + CHB_35425,xanthosine(aq) + orthophosphate(aq) = xanthine(aq) + Î±-D-ribose 1-phosphate(aq),Kim Y.-A.; King M.T.; Teague W.E. Jr.; Rufo G.A. Jr.; Veech R.L.; Passonneau J.V.; Am. J. Physiol.; 262 E344 (1992).,92KIM/KIN_466, , ,311.15,7.0,0.0156, ,HPLC and enzymatic assay,Mops,3.0 = -log[Mg+2] _ mol/L;IS=0.25;(Mg)1=0.001 _ Mg2+ (0.001 mol/L) _ ,2.4.2.1, ,0.001 Mg2+,0.25, , 
3691,3995.0,1246.0,adenine phosphoribosyltransferase,kegg:C00147 + kegg:C00119 = kegg:C00020 + kegg:C00013,CHB_16708 + CHB_17111 = CHB_16027 + CHB_18361,adenine(aq) + 5-phospho-Î±-D-ribose 1-diphosphate(aq) = AMP(aq) + pyrophosphate(aq),Kim Y.-A.; King M.T.; Teague W.E. Jr.; Rufo G.A. Jr.; Veech R.L.; Passonneau J.V.; Am. J. Physiol.; 262 E344 (1992).,92KIM/KIN_475, , ,311.15,7.4,2000, ,spectrophotometry and fluorimetry,{Tris (0.025 mol dm-3) + HCl} and {(Na2HPO4 + NaH2PO4) (0.060 mol dm-3)},3.0 = -log[Mg+2] _ mol/L;IS=0.25;(Mg)1=0.001 _ Mg2+ (0.001 mol/L) _ ,2.4.2.7, ,0.001 Mg2+,0.25, , 
3692,3999.0,1243.0,hypoxanthine phosphoribosyltransferase,kegg:C00242 + kegg:C00119 = kegg:C00144 + kegg:C00013,CHB_16235 + CHB_17111 = CHB_17345 + CHB_18361,guanine(aq) + 5-phospho-Î±-D-ribose 1-diphosphate(aq) = GMP(aq) + pyrophosphate(aq),Kim Y.-A.; King M.T.; Teague W.E. Jr.; Rufo G.A. Jr.; Veech R.L.; Passonneau J.V.; Am. J. Physiol.; 262 E344 (1992).,92KIM/KIN_478, , ,311.15,7.4,100000, ,spectrophotometry and fluorimetry,{Tris (0.025 mol dm-3) + HCl} and {(Na2HPO4 + NaH2PO4) (0.060 mol dm-3)},3.0 = -log[Mg+2] _ mol/L;IS=0.25;(Mg)1=0.001 _ Mg2+ (0.001 mol/L) _ ,2.4.2.8, ,0.001 Mg2+,0.25, , 
3693,4001.0,1244.0,hypoxanthine phosphoribosyltransferase,kegg:C00262 + kegg:C00119 = kegg:C00130 + kegg:C00013,CHB_17111 + CHB_17368 = CHB_17202 + CHB_18361,hypoxanthine(aq) + 5-phospho-Î±-D-ribose 1-diphosphate(aq) = IMP(aq) + pyrophosphate(aq),Kim Y.-A.; King M.T.; Teague W.E. Jr.; Rufo G.A. Jr.; Veech R.L.; Passonneau J.V.; Am. J. Physiol.; 262 E344 (1992).,92KIM/KIN_479, , ,311.15,7.4,100000, ,spectrophotometry and fluorimetry,{Tris (0.025 mol dm-3) + HCl} and {(Na2HPO4 + NaH2PO4) (0.060 mol dm-3)},3.0 = -log[Mg+2] _ mol/L;IS=0.25;(Mg)1=0.001 _ Mg2+ (0.001 mol/L) _ ,2.4.2.8, ,0.001 Mg2+,0.25, , 
3694,3997.0,692.0,ribose-phosphate pyrophosphokinase,kegg:C00002 + kegg:C00117 = kegg:C00020 + kegg:C00119,CHB_15422 + CHB_52742 = CHB_16027 + CHB_17111,ATP(aq) + D-ribose 5-phosphate(aq) = AMP(aq) + 5-phospho-Î±-D-ribose 1-diphosphate(aq),Kim Y.-A.; King M.T.; Teague W.E. Jr.; Rufo G.A. Jr.; Veech R.L.; Passonneau J.V.; Am. J. Physiol.; 262 E344 (1992).,92KIM/KIN_675, , ,311.15,7.4,64.8, ,spectrophotometry and fluorimetry,{Tris (0.025 mol dm-3) + HCl} and {(Na2HPO4 + NaH2PO4) (0.060 mol dm-3)},3.0 = -log[Mg+2] _ mol/L;IS=0.25;(Mg)1=0.001 _ Mg2+ (0.001 mol/L) _ ,2.7.6.1, ,0.001 Mg2+,0.25, , 
3695,3996.0,88.0,5'-nucleosidase,kegg:C00020 + kegg:C00001 = kegg:C00212 + kegg:C00009,CHB_15377 + CHB_16027 = CHB_16335 + CHB_26078,AMP(aq) + H2O(l) = adenosine(aq) + orthophosphate(aq),Kim Y.-A.; King M.T.; Teague W.E. Jr.; Rufo G.A. Jr.; Veech R.L.; Passonneau J.V.; Am. J. Physiol.; 262 E344 (1992).,92KIM/KIN_829, , ,311.15,7.0,176, ,enzymatic assay,Mops,3.0 = -log[Mg+2] _ mol/L;IS=0.25;(Mg)1=0.001 _ Mg2+ (0.001 mol/L) _ ,3.1.3.5, ,0.001 Mg2+,0.25, , 
3696,4004.0,2869.0,cellobiose phosphorylase,kegg:C00185 + kegg:C00009 = kegg:C00031 + kegg:C00103,CHB_17057 + CHB_26078 = CHB_16077 + CHB_4167,cellobiose(aq) + orthophosphate(aq) = D-glucose(aq) + Î±-D-glucose 1-phosphate(aq),Kitaoka M.; Sasaki T.; Taniguchi H.; Biosci. Biotech. Biochem.; 56 652 (1992).,92KIT/SAS_445, , ,310.15,7.0,0.32, ,enzymatic assay,Tris (0.050 mol dm-3) + HCl,mol/L;Tris-HCl buffer=0.05; (Mg)1(Cl)2=0.005  ,2.4.1.20, , , , , 
3697,4006.0,510.0,N-acetylneuraminate lyase,kegg:C00270 = kegg:C00645 + kegg:C00022,CHB_35418 = CHB_15361 + CHB_63153,N-acetylneuraminate(aq) = N-acetyl-D-mannosamine(aq) + pyruvate(aq),"Kragl U.; ""Reaktionstechnik biokatatischer Prozesse am Beispiel der kontinuierlichen enzymatischen Synthese von N-Acetylneuraminsdure""; Thesis Universitdt Bonn (1992).",92KRA_1121, , ,278.3,7.5,0.00898, ,HPLC,none,   ,4.1.3.3, , , , , 
3698,4007.0,512.0,N-acetylneuraminate lyase,kegg:C00270 = kegg:C00645 + kegg:C00022,CHB_35418 = CHB_15361 + CHB_63153,N-acetylneuraminate(aq) = N-acetyl-D-mannosamine(aq) + pyruvate(aq),"Kragl U.; ""Reaktionstechnik biokatatischer Prozesse am Beispiel der kontinuierlichen enzymatischen Synthese von N-Acetylneuraminsdure""; Thesis Universitdt Bonn (1992).",92KRA_1121, , ,287.9,7.5,0.0165, ,HPLC,none,   ,4.1.3.3, , , , , 
3699,4008.0,511.0,N-acetylneuraminate lyase,kegg:C00270 = kegg:C00645 + kegg:C00022,CHB_35418 = CHB_15361 + CHB_63153,N-acetylneuraminate(aq) = N-acetyl-D-mannosamine(aq) + pyruvate(aq),"Kragl U.; ""Reaktionstechnik biokatatischer Prozesse am Beispiel der kontinuierlichen enzymatischen Synthese von N-Acetylneuraminsdure""; Thesis Universitdt Bonn (1992).",92KRA_1121, , ,298.15,7.5,0.034, ,HPLC,none,   ,4.1.3.3, , , , , 
3700,4009.0,513.0,N-acetylneuraminate lyase,kegg:C00270 = kegg:C00645 + kegg:C00022,CHB_35418 = CHB_15361 + CHB_63153,N-acetylneuraminate(aq) = N-acetyl-D-mannosamine(aq) + pyruvate(aq),"Kragl U.; ""Reaktionstechnik biokatatischer Prozesse am Beispiel der kontinuierlichen enzymatischen Synthese von N-Acetylneuraminsdure""; Thesis Universitdt Bonn (1992).",92KRA_1121, , ,309.8,7.5,0.0641, ,HPLC,none,   ,4.1.3.3, , , , , 
3701,4010.0,508.0,N-acetylneuraminate lyase,kegg:C00270 = kegg:C00645 + kegg:C00022,CHB_35418 = CHB_15361 + CHB_63153,N-acetylneuraminate(aq) = N-acetyl-D-mannosamine(aq) + pyruvate(aq),"Kragl U.; ""Reaktionstechnik biokatatischer Prozesse am Beispiel der kontinuierlichen enzymatischen Synthese von N-Acetylneuraminsdure""; Thesis Universitdt Bonn (1992).",92KRA_1121, , ,309.8,7.5,0.0758, ,HPLC,none,   ,4.1.3.3, , , , , 
3702,4011.0,509.0,N-acetylneuraminate lyase,kegg:C00270 = kegg:C00645 + kegg:C00022,CHB_35418 = CHB_15361 + CHB_63153,N-acetylneuraminate(aq) = N-acetyl-D-mannosamine(aq) + pyruvate(aq),"Kragl U.; ""Reaktionstechnik biokatatischer Prozesse am Beispiel der kontinuierlichen enzymatischen Synthese von N-Acetylneuraminsdure""; Thesis Universitdt Bonn (1992).",92KRA_1121, , ,317.7,7.5,0.127, ,HPLC,none,   ,4.1.3.3, , , , , 
3703,4005.0,3771.0,N-acylglucosamine 2-epimerase,kegg:C00140 = kegg:C00645,CHB_506227 = CHB_63153,N-acetyl-D-glucosamine(aq) = N-acetyl-D-mannosamine(aq),"Kragl U.; ""Reaktionstechnik biokatatischer Prozesse am Beispiel der kontinuierlichen enzymatischen Synthese von N-Acetylneuraminsdure""; Thesis Universitdt Bonn (1992).",92KRA_1273, , ,298.15,7.5,0.201, , ,none,   ,5.1.3.8, , , , , 
3704,, ,"a-dextrin endo-1,6-a-glucosidase", , ,maltosyl-Î²-cyclomaltoheptaose(aq) + H2O(l) = cyclomaltoheptaose(aq) + maltose(aq),Lee Y.-H.; Han I.-K.; Kor. J. Appl. Microbiol. Biotechnol.; 20 422 (1992).,92LEE/HAN_945, , ,285.7, ,3000, ,HPLC,citrate + NaOH, ,3.2.1.41, , , , , 
3705,, ,"a-dextrin endo-1,6-a-glucosidase", , ,maltosyl-Î²-cyclomaltoheptaose(aq) + H2O(l) = cyclomaltoheptaose(aq) + maltose(aq),Lee Y.-H.; Han I.-K.; Kor. J. Appl. Microbiol. Biotechnol.; 20 422 (1992).,92LEE/HAN_945, , ,285.7, ,860, ,HPLC,citrate + NaOH,poly(ethylene glycol) 6000 10 % (w/w),3.2.1.41, , , , , 
3706,, ,"a-dextrin endo-1,6-a-glucosidase", , ,maltosyl-Î²-cyclomaltoheptaose(aq) + H2O(l) = cyclomaltoheptaose(aq) + maltose(aq),Lee Y.-H.; Han I.-K.; Kor. J. Appl. Microbiol. Biotechnol.; 20 422 (1992).,92LEE/HAN_945, , ,294.1, ,1600, ,HPLC,citrate + NaOH, ,3.2.1.41, , , , , 
3707,, ,"a-dextrin endo-1,6-a-glucosidase", , ,maltosyl-Î²-cyclomaltoheptaose(aq) + H2O(l) = cyclomaltoheptaose(aq) + maltose(aq),Lee Y.-H.; Han I.-K.; Kor. J. Appl. Microbiol. Biotechnol.; 20 422 (1992).,92LEE/HAN_945, , ,294.1, ,510, ,HPLC,citrate + NaOH,poly(ethylene glycol) 6000 10 % (w/w),3.2.1.41, , , , , 
3708,, ,"a-dextrin endo-1,6-a-glucosidase", , ,maltosyl-Î²-cyclomaltoheptaose(aq) + H2O(l) = cyclomaltoheptaose(aq) + maltose(aq),Lee Y.-H.; Han I.-K.; Kor. J. Appl. Microbiol. Biotechnol.; 20 422 (1992).,92LEE/HAN_945, , ,303, ,810, ,HPLC,citrate + NaOH, ,3.2.1.41, , , , , 
3709,, ,"a-dextrin endo-1,6-a-glucosidase", , ,maltosyl-Î²-cyclomaltoheptaose(aq) + H2O(l) = cyclomaltoheptaose(aq) + maltose(aq),Lee Y.-H.; Han I.-K.; Kor. J. Appl. Microbiol. Biotechnol.; 20 422 (1992).,92LEE/HAN_945, , ,303, ,350, ,HPLC,citrate + NaOH,poly(ethylene glycol) 6000 10 % (w/w),3.2.1.41, , , , , 
3710,, ,"a-dextrin endo-1,6-a-glucosidase", , ,maltosyl-Î²-cyclomaltoheptaose(aq) + H2O(l) = cyclomaltoheptaose(aq) + maltose(aq),Lee Y.-H.; Han I.-K.; Kor. J. Appl. Microbiol. Biotechnol.; 20 422 (1992).,92LEE/HAN_945, , ,312.5, ,400, ,HPLC,citrate + NaOH, ,3.2.1.41, , , , , 
3711,, ,"a-dextrin endo-1,6-a-glucosidase", , ,maltosyl-Î²-cyclomaltoheptaose(aq) + H2O(l) = cyclomaltoheptaose(aq) + maltose(aq),Lee Y.-H.; Han I.-K.; Kor. J. Appl. Microbiol. Biotechnol.; 20 422 (1992).,92LEE/HAN_945, , ,312.5, ,220, ,HPLC,citrate + NaOH,poly(ethylene glycol) 6000 10 % (w/w),3.2.1.41, , , , , 
3712,, ,"a-dextrin endo-1,6-a-glucosidase", , ,maltosyl-Î²-cyclomaltoheptaose(aq) + H2O(l) = cyclomaltoheptaose(aq) + maltose(aq),Lee Y.-H.; Han I.-K.; Kor. J. Appl. Microbiol. Biotechnol.; 20 422 (1992).,92LEE/HAN_945, , ,322.6, ,290, ,HPLC,citrate + NaOH, ,3.2.1.41, , , , , 
3713,, ,"a-dextrin endo-1,6-a-glucosidase", , ,maltosyl-Î²-cyclomaltoheptaose(aq) + H2O(l) = cyclomaltoheptaose(aq) + maltose(aq),Lee Y.-H.; Han I.-K.; Kor. J. Appl. Microbiol. Biotechnol.; 20 422 (1992).,92LEE/HAN_945, , ,322.6, ,150, ,HPLC,citrate + NaOH,poly(ethylene glycol) 6000 10 % (w/w),3.2.1.41, , , , , 
3714,, ,"a-dextrin endo-1,6-a-glucosidase", , ,maltosyl-Î²-cyclomaltoheptaose(aq) + H2O(l) = cyclomaltoheptaose(aq) + maltose(aq),Lee Y.-H.; Han I.-K.; Kor. J. Appl. Microbiol. Biotechnol.; 20 422 (1992).,92LEE/HAN_945, , ,333.3, ,200, ,HPLC,citrate + NaOH, ,3.2.1.41, , , , , 
3715,, ,"a-dextrin endo-1,6-a-glucosidase", , ,maltosyl-Î²-cyclomaltoheptaose(aq) + H2O(l) = cyclomaltoheptaose(aq) + maltose(aq),Lee Y.-H.; Han I.-K.; Kor. J. Appl. Microbiol. Biotechnol.; 20 422 (1992).,92LEE/HAN_945, , ,333.3, ,110, ,HPLC,citrate + NaOH,poly(ethylene glycol) 6000 10 % (w/w),3.2.1.41, , , , , 
3716,4018.0, ,triacylglycerol lipase, ,CHB_15377 + PBC_5497164 = CHB_16196 + PBC_5283468,diolein(aq) + H2O(l) = oleic acid(aq) + monoolein(aq),Lortie R.; Trani M.; Ergan F.; Prog. Biotechnol.; 8 519 (1992),92LOR/TRA_737, , ,333.15, ,0.02, ,HPLC, ,   ,3.1.1.3, , , , , 
3717,4019.0, ,triacylglycerol lipase, ,CHB_15377 + PBC_5283468 = CHB_16196 + CHB_17754,monoolein(aq) + H2O(l) = oleic acid(aq) + glycerol(aq),Lortie R.; Trani M.; Ergan F.; Prog. Biotechnol.; 8 519 (1992),92LOR/TRA_739, , ,333.15, ,0.48, ,HPLC, ,   ,3.1.1.3, , , , , 
3718,4020.0, ,triacylglycerol lipase, ,CHB_15377 + PBC_5497163 = CHB_16196 + PBC_5497164,triolein(aq) + H2O(l) = oleic acid(aq) + diolein(aq),Lortie R.; Trani M.; Ergan F.; Prog. Biotechnol.; 8 519 (1992),92LOR/TRA_741, , ,333.15, ,0.083, ,HPLC, ,   ,3.1.1.3, , , , , 
3719,,2613.0,alkaline phosphatase,kegg:C03360 + kegg:C00001 = kegg:C00870 + kegg:C00009, ,4-nitrophenyl phosphate(aq) + H2O(l) = 4-nitrophenol(aq) + orthophosphate(aq),Rekharsky M.V.; Tishchenko S.A.; Vestn. Mosk. Univ. Ser. 2 Khim.; 32 460 (1992).,92REK/TIS_794, , ,298.15,8.5, , ,calorimetry,Tris (0.05 mol dm-3) + HCl, ,3.1.3.1, , , , ,-43.2
3720,,1316.0,acid phosphatase,kegg:C03360 + kegg:C00001 = kegg:C00870 + kegg:C00009, ,4-nitrophenyl phosphate(aq) + H2O(l) = 4-nitrophenol(aq) + orthophosphate(aq),Rekharsky M.V.; Tishchenko S.A.; Vestn. Mosk. Univ. Ser. 2 Khim.; 32 460 (1992).,92REK/TIS_826, , ,298.15,3.0, , ,calorimetry,acetate (0.05 mol dm-3), ,3.1.3.2, , , , ,-25.9
3721,4050.0,351.0,creatine kinase,kegg:C00002 + kegg:C00300 = kegg:C00008 + kegg:C02305,CHB_15422 + CHB_16919 = CHB_16761 + CHB_17287,ATP(aq) + creatine(aq) = ADP(aq) + phosphocreatine(aq),Teague W.E. Jr.; Dobson G.P.; J. Biol. Chem.; 267 14084 (1992).,92TEA/DOB_604,1629208.0, ,278.15,7.02,0.00388, ,spectrophotometry and fluorimetry,potassium phosphate (0.05 mol dm-3),3.13 = -log[Mg+2] _ mol/L;ATP=0.00243;creatine=0.002497;phosphocreatine=0.00168;ADP=0.000014;Mg2+_tot=0.003355;K+_tot=0.23;IS=0.25; Mg2+_free=0.000748  ,2.7.3.2, ,0.000748 Mg2+,0.25, , 
3722,4049.0,366.0,creatine kinase,kegg:C00002 + kegg:C00300 = kegg:C00008 + kegg:C02305,CHB_15422 + CHB_16919 = CHB_16761 + CHB_17287,ATP(aq) + creatine(aq) = ADP(aq) + phosphocreatine(aq),Teague W.E. Jr.; Dobson G.P.; J. Biol. Chem.; 267 14084 (1992).,92TEA/DOB_604,1629208.0, ,278.15,7.02,0.00376, ,spectrophotometry and fluorimetry,potassium phosphate (0.05 mol dm-3),3.12 = -log[Mg+2] _ mol/L;ATP=0.0024;creatine=0.00248;phosphocreatine=0.00172;ADP=0.000013;Mg2+_tot=0.003355;K+_tot=0.23;IS=0.25; Mg2+_free=0.000757  ,2.7.3.2, ,0.000757 Mg2+,0.25, , 
3723,4048.0,350.0,creatine kinase,kegg:C00002 + kegg:C00300 = kegg:C00008 + kegg:C02305,CHB_15422 + CHB_16919 = CHB_16761 + CHB_17287,ATP(aq) + creatine(aq) = ADP(aq) + phosphocreatine(aq),Teague W.E. Jr.; Dobson G.P.; J. Biol. Chem.; 267 14084 (1992).,92TEA/DOB_604,1629208.0, ,278.15,7.03,0.00481, ,spectrophotometry and fluorimetry,potassium phosphate (0.05 mol dm-3),3.21 = -log[Mg+2] _ mol/L;ATP=0.00285;creatine=0.003241;phosphocreatine=0.00412;ADP=0.0000108;Mg2+_tot=0.003355;K+_tot=0.23;IS=0.25; Mg2+_free=0.000619  ,2.7.3.2, ,0.000619 Mg2+,0.25, , 
3724,4045.0,347.0,creatine kinase,kegg:C00002 + kegg:C00300 = kegg:C00008 + kegg:C02305,CHB_15422 + CHB_16919 = CHB_16761 + CHB_17287,ATP(aq) + creatine(aq) = ADP(aq) + phosphocreatine(aq),Teague W.E. Jr.; Dobson G.P.; J. Biol. Chem.; 267 14084 (1992).,92TEA/DOB_604,1629208.0, ,278.15,7.03,0.00444, ,spectrophotometry and fluorimetry,potassium phosphate (0.05 mol dm-3),3.1 = -log[Mg+2] _ mol/L;ATP=0.00224;creatine=0.002497;phosphocreatine=0.00285;ADP=0.0000087;Mg2+_tot=0.00336;K+_tot=0.23;IS=0.25; Mg2+_free=0.000803  ,2.7.3.2, ,0.000635 Mg2+,0.25, , 
3725,4046.0,348.0,creatine kinase,kegg:C00002 + kegg:C00300 = kegg:C00008 + kegg:C02305,CHB_15422 + CHB_16919 = CHB_16761 + CHB_17287,ATP(aq) + creatine(aq) = ADP(aq) + phosphocreatine(aq),Teague W.E. Jr.; Dobson G.P.; J. Biol. Chem.; 267 14084 (1992).,92TEA/DOB_604,1629208.0, ,278.15,7.03,0.00439, ,spectrophotometry and fluorimetry,potassium phosphate (0.05 mol dm-3),3.1 = -log[Mg+2] _ mol/L;ATP=0.00224;creatine=0.00248;phosphocreatine=0.00285;ADP=0.0000086;Mg2+_tot=0.00336;K+_tot=0.23;IS=0.25; Mg2+_free=0.000803  ,2.7.3.2, ,0.000803 Mg2+,0.25, , 
3726,4047,349.0,creatine kinase,kegg:C00002 + kegg:C00300 = kegg:C00008 + kegg:C02305,CHB_15422 + CHB_16919 = CHB_16761 + CHB_17287,ATP(aq) + creatine(aq) = ADP(aq) + phosphocreatine(aq),Teague W.E. Jr.; Dobson G.P.; J. Biol. Chem.; 267 14084 (1992).,92TEA/DOB_604,1629208.0, ,278.15,7.03,0.00444, ,spectrophotometry and fluorimetry,potassium phosphate (0.05 mol dm-3),3.2 = -log[Mg+2] _ mol/L;ATP=0.00279;creatine=0.003274;phosphocreatine=0.00413;ADP=0.0000099;Mg2+_tot=0.003355;K+_tot=0.23;IS=0.25; Mg2+_free=0.000635 _ nan _ ,2.7.3.2, ,0.000803 Mg2+,0.25, , 
3727,4052.0,352.0,creatine kinase,kegg:C00002 + kegg:C00300 = kegg:C00008 + kegg:C02305,CHB_15422 + CHB_16919 = CHB_16761 + CHB_17287,ATP(aq) + creatine(aq) = ADP(aq) + phosphocreatine(aq),Teague W.E. Jr.; Dobson G.P.; J. Biol. Chem.; 267 14084 (1992).,92TEA/DOB_604,1629208.0, ,278.15,7.07,0.00389, ,spectrophotometry and fluorimetry,potassium phosphate (0.05 mol dm-3),3.16 = -log[Mg+2] _ mol/L;ATP=0.00256;creatine=0.006514;phosphocreatine=0.00014;ADP=0.000463;Mg2+_tot=0.003435;K+_tot=0.23;IS=0.25; Mg2+_free=0.000689  ,2.7.3.2, ,0.000689 Mg2+,0.25, , 
3728,4051.0,369.0,creatine kinase,kegg:C00002 + kegg:C00300 = kegg:C00008 + kegg:C02305,CHB_15422 + CHB_16919 = CHB_16761 + CHB_17287,ATP(aq) + creatine(aq) = ADP(aq) + phosphocreatine(aq),Teague W.E. Jr.; Dobson G.P.; J. Biol. Chem.; 267 14084 (1992).,92TEA/DOB_604,1629208.0, ,278.15,7.07,0.00382, ,spectrophotometry and fluorimetry,potassium phosphate (0.05 mol dm-3),3.16 = -log[Mg+2] _ mol/L;ATP=0.00255;creatine=0.006547;phosphocreatine=0.00014;ADP=0.000456;Mg2+_tot=0.003435;K+_tot=0.23;IS=0.25; Mg2+_free=0.000693  ,2.7.3.2, ,0.000693 Mg2+,0.25, , 
3729,4041.0,367.0,creatine kinase,kegg:C00002 + kegg:C00300 = kegg:C00008 + kegg:C02305,CHB_15422 + CHB_16919 = CHB_16761 + CHB_17287,ATP(aq) + creatine(aq) = ADP(aq) + phosphocreatine(aq),Teague W.E. Jr.; Dobson G.P.; J. Biol. Chem.; 267 14084 (1992).,92TEA/DOB_604,1629208.0, ,288.15,6.99,0.00467, ,spectrophotometry and fluorimetry,potassium phosphate (0.05 mol dm-3),3.16 = -log[Mg+2] _ mol/L;ATP=0.0024;creatine=0.002414;phosphocreatine=0.00172;ADP=0.0000157;Mg2+_tot=0.003355;K+_tot=0.23;IS=0.25; Mg2+_free=0.000689  ,2.7.3.2, ,0.000689 Mg2+,0.25, , 
3730,4043,357.0,creatine kinase,kegg:C00002 + kegg:C00300 = kegg:C00008 + kegg:C02305,CHB_15422 + CHB_16919 = CHB_16761 + CHB_17287,ATP(aq) + creatine(aq) = ADP(aq) + phosphocreatine(aq),Teague W.E. Jr.; Dobson G.P.; J. Biol. Chem.; 267 14084 (1992).,92TEA/DOB_604,1629208.0, ,288.15,6.99,0.00465, ,spectrophotometry and fluorimetry,potassium phosphate (0.05 mol dm-3),3.15 = -log[Mg+2] _ mol/L;ATP=0.00253;creatine=0.006514;phosphocreatine=0.00016;ADP=0.000482;Mg2+_tot=0.003435;K+_tot=0.23;IS=0.25; Mg2+_free=0.000628 _ nan _ ,2.7.3.2, ,0.000701 Mg2+,0.25, , 
3731,4039.0,355.0,creatine kinase,kegg:C00002 + kegg:C00300 = kegg:C00008 + kegg:C02305,CHB_15422 + CHB_16919 = CHB_16761 + CHB_17287,ATP(aq) + creatine(aq) = ADP(aq) + phosphocreatine(aq),Teague W.E. Jr.; Dobson G.P.; J. Biol. Chem.; 267 14084 (1992).,92TEA/DOB_604,1629208.0, ,288.15,7.0,0.0049, ,spectrophotometry and fluorimetry,potassium phosphate (0.05 mol dm-3),3.25 = -log[Mg+2] _ mol/L;ATP=0.00283;creatine=0.00334;phosphocreatine=0.00415;ADP=0.0000112;Mg2+_tot=0.003355;K+_tot=0.23;IS=0.25; Mg2+_free=0.000563  ,2.7.3.2, ,0.000563 Mg2+,0.25, , 
3732,4040.0,356.0,creatine kinase,kegg:C00002 + kegg:C00300 = kegg:C00008 + kegg:C02305,CHB_15422 + CHB_16919 = CHB_16761 + CHB_17287,ATP(aq) + creatine(aq) = ADP(aq) + phosphocreatine(aq),Teague W.E. Jr.; Dobson G.P.; J. Biol. Chem.; 267 14084 (1992).,92TEA/DOB_604,1629208.0, ,288.15,7.0,0.00552, ,spectrophotometry and fluorimetry,potassium phosphate (0.05 mol dm-3),3.24 = -log[Mg+2] _ mol/L;ATP=0.00278;creatine=0.003241;phosphocreatine=0.0042;ADP=0.0000119;Mg2+_tot=0.003355;K+_tot=0.23;IS=0.25; Mg2+_free=0.000575  ,2.7.3.2, ,0.000575 Mg2+,0.25, , 
3733,4038,354.0,creatine kinase,kegg:C00002 + kegg:C00300 = kegg:C00008 + kegg:C02305,CHB_15422 + CHB_16919 = CHB_16761 + CHB_17287,ATP(aq) + creatine(aq) = ADP(aq) + phosphocreatine(aq),Teague W.E. Jr.; Dobson G.P.; J. Biol. Chem.; 267 14084 (1992).,92TEA/DOB_604,1629208.0, ,288.15,7.0,0.00535, ,spectrophotometry and fluorimetry,potassium phosphate (0.05 mol dm-3),3.13 = -log[Mg+2] _ mol/L;ATP=0.00224;creatine=0.00243;phosphocreatine=0.00288;ADP=0.0000101;Mg2+_tot=0.00336;K+_tot=0.23;IS=0.25; Mg2+_free=0.000733 _ nan _ ,2.7.3.2, ,0.000733 Mg2+,0.25, , 
3734,4037.0,353.0,creatine kinase,kegg:C00002 + kegg:C00300 = kegg:C00008 + kegg:C02305,CHB_15422 + CHB_16919 = CHB_16761 + CHB_17287,ATP(aq) + creatine(aq) = ADP(aq) + phosphocreatine(aq),Teague W.E. Jr.; Dobson G.P.; J. Biol. Chem.; 267 14084 (1992).,92TEA/DOB_604,1629208.0, ,288.15,7.0,0.005, ,spectrophotometry and fluorimetry,potassium phosphate (0.05 mol dm-3),3.13 = -log[Mg+2] _ mol/L;ATP=0.0022;creatine=0.002397;phosphocreatine=0.00285;ADP=0.0000092;Mg2+_tot=0.00336;K+_tot=0.23;IS=0.25; Mg2+_free=0.000745  ,2.7.3.2, ,0.000745 Mg2+,0.25, , 
3735,4042.0,362.0,creatine kinase,kegg:C00002 + kegg:C00300 = kegg:C00008 + kegg:C02305,CHB_15422 + CHB_16919 = CHB_16761 + CHB_17287,ATP(aq) + creatine(aq) = ADP(aq) + phosphocreatine(aq),Teague W.E. Jr.; Dobson G.P.; J. Biol. Chem.; 267 14084 (1992).,92TEA/DOB_604,1629208.0, ,288.15,7.04,0.00467, ,spectrophotometry and fluorimetry,potassium phosphate (0.05 mol dm-3),3.2 = -log[Mg+2] _ mol/L;ATP=0.00236;creatine=0.00243;phosphocreatine=0.00168;ADP=0.0000159;Mg2+_tot=0.003355;K+_tot=0.23;IS=0.25; Mg2+_free=0.000701  ,2.7.3.2, ,0.000628 Mg2+,0.25, , 
3736,4044.0,359.0,creatine kinase,kegg:C00002 + kegg:C00300 = kegg:C00008 + kegg:C02305,CHB_15422 + CHB_16919 = CHB_16761 + CHB_17287,ATP(aq) + creatine(aq) = ADP(aq) + phosphocreatine(aq),Teague W.E. Jr.; Dobson G.P.; J. Biol. Chem.; 267 14084 (1992).,92TEA/DOB_604,1629208.0, ,288.15,7.04,0.0045, ,spectrophotometry and fluorimetry,potassium phosphate (0.05 mol dm-3),3.2 = -log[Mg+2] _ mol/L;ATP=0.00252;creatine=0.006514;phosphocreatine=0.000153;ADP=0.000484;Mg2+_tot=0.003435;K+_tot=0.23;IS=0.25; Mg2+_free=0.00063  ,2.7.3.2, ,0.00063 Mg2+,0.25, , 
3737,4034.0,340.0,creatine kinase,kegg:C00002 + kegg:C00300 = kegg:C00008 + kegg:C02305,CHB_15422 + CHB_16919 = CHB_16761 + CHB_17287,ATP(aq) + creatine(aq) = ADP(aq) + phosphocreatine(aq),Teague W.E. Jr.; Dobson G.P.; J. Biol. Chem.; 267 14084 (1992).,92TEA/DOB_604,1629208.0, ,298.15,6.96,0.00518, ,spectrophotometry and fluorimetry,potassium phosphate (0.05 mol dm-3),3.2 = -log[Mg+2] _ mol/L;ATP=0.00243;creatine=0.00243;phosphocreatine=0.00172;ADP=0.0000178;Mg2+_tot=0.003355;K+_tot=0.23;IS=0.25; Mg2+_free=0.000625  ,2.7.3.2, ,0.000625 Mg2+,0.25, , 
3738,4033.0,368.0,creatine kinase,kegg:C00002 + kegg:C00300 = kegg:C00008 + kegg:C02305,CHB_15422 + CHB_16919 = CHB_16761 + CHB_17287,ATP(aq) + creatine(aq) = ADP(aq) + phosphocreatine(aq),Teague W.E. Jr.; Dobson G.P.; J. Biol. Chem.; 267 14084 (1992).,92TEA/DOB_604,1629208.0, ,298.15,6.96,0.0051, ,spectrophotometry and fluorimetry,potassium phosphate (0.05 mol dm-3),3.2 = -log[Mg+2] _ mol/L;ATP=0.0024;creatine=0.002414;phosphocreatine=0.00168;ADP=0.0000176;Mg2+_tot=0.003355;K+_tot=0.23;IS=0.25; Mg2+_free=0.000633  ,2.7.3.2, ,0.000633 Mg2+,0.25, , 
3739,4030.0,337.0,creatine kinase,kegg:C00002 + kegg:C00300 = kegg:C00008 + kegg:C02305,CHB_15422 + CHB_16919 = CHB_16761 + CHB_17287,ATP(aq) + creatine(aq) = ADP(aq) + phosphocreatine(aq),Teague W.E. Jr.; Dobson G.P.; J. Biol. Chem.; 267 14084 (1992).,92TEA/DOB_604,1629208.0, ,298.15,6.97,0.00565, ,spectrophotometry and fluorimetry,potassium phosphate (0.05 mol dm-3),3.18 = -log[Mg+2] _ mol/L;ATP=0.00227;creatine=0.00243;phosphocreatine=0.00288;ADP=0.0000108;Mg2+_tot=0.00336;K+_tot=0.23;IS=0.25; Mg2+_free=0.000686  ,2.7.3.2, ,0.000666 Mg2+,0.25, , 
3740,4029.0,360.0,creatine kinase,kegg:C00002 + kegg:C00300 = kegg:C00008 + kegg:C02305,CHB_15422 + CHB_16919 = CHB_16761 + CHB_17287,ATP(aq) + creatine(aq) = ADP(aq) + phosphocreatine(aq),Teague W.E. Jr.; Dobson G.P.; J. Biol. Chem.; 267 14084 (1992).,92TEA/DOB_604,1629208.0, ,298.15,6.97,0.00602, ,spectrophotometry and fluorimetry,potassium phosphate (0.05 mol dm-3),3.16 = -log[Mg+2] _ mol/L;ATP=0.0022;creatine=0.002414;phosphocreatine=0.00288;ADP=0.0000111;Mg2+_tot=0.00336;K+_tot=0.23;IS=0.25; Mg2+_free=0.000686  ,2.7.3.2, ,0.000686 Mg2+,0.25, , 
3741,4032.0,339.0,creatine kinase,kegg:C00002 + kegg:C00300 = kegg:C00008 + kegg:C02305,CHB_15422 + CHB_16919 = CHB_16761 + CHB_17287,ATP(aq) + creatine(aq) = ADP(aq) + phosphocreatine(aq),Teague W.E. Jr.; Dobson G.P.; J. Biol. Chem.; 267 14084 (1992).,92TEA/DOB_604,1629208.0, ,298.15,6.98,0.00629, ,spectrophotometry and fluorimetry,potassium phosphate (0.05 mol dm-3),3.29 = -log[Mg+2] _ mol/L;ATP=0.00285;creatine=0.003307;phosphocreatine=0.00413;ADP=0.0000144;Mg2+_tot=0.003355;K+_tot=0.23;IS=0.25; Mg2+_free=0.000509  ,2.7.3.2, ,0.000509 Mg2+,0.25, , 
3742,4031.0,338.0,creatine kinase,kegg:C00002 + kegg:C00300 = kegg:C00008 + kegg:C02305,CHB_15422 + CHB_16919 = CHB_16761 + CHB_17287,ATP(aq) + creatine(aq) = ADP(aq) + phosphocreatine(aq),Teague W.E. Jr.; Dobson G.P.; J. Biol. Chem.; 267 14084 (1992).,92TEA/DOB_604,1629208.0, ,298.15,6.98,0.0069, ,spectrophotometry and fluorimetry,potassium phosphate (0.05 mol dm-3),3.28 = -log[Mg+2] _ mol/L;ATP=0.00278;creatine=0.003241;phosphocreatine=0.00413;ADP=0.000015;Mg2+_tot=0.003355;K+_tot=0.23;IS=0.25; Mg2+_free=0.000525  ,2.7.3.2, ,0.000525 Mg2+,0.25, , 
3743,4036.0,341.0,creatine kinase,kegg:C00002 + kegg:C00300 = kegg:C00008 + kegg:C02305,CHB_15422 + CHB_16919 = CHB_16761 + CHB_17287,ATP(aq) + creatine(aq) = ADP(aq) + phosphocreatine(aq),Teague W.E. Jr.; Dobson G.P.; J. Biol. Chem.; 267 14084 (1992).,92TEA/DOB_604,1629208.0, ,298.15,7.01,0.005, ,spectrophotometry and fluorimetry,potassium phosphate (0.05 mol dm-3),3.26 = -log[Mg+2] _ mol/L;ATP=0.0026;creatine=0.00658;phosphocreatine=0.000166;ADP=0.000515;Mg2+_tot=0.003435;K+_tot=0.23;IS=0.25; Mg2+_free=0.000551  ,2.7.3.2, ,0.000551 Mg2+,0.25, , 
3744,4035,363.0,creatine kinase,kegg:C00002 + kegg:C00300 = kegg:C00008 + kegg:C02305,CHB_15422 + CHB_16919 = CHB_16761 + CHB_17287,ATP(aq) + creatine(aq) = ADP(aq) + phosphocreatine(aq),Teague W.E. Jr.; Dobson G.P.; J. Biol. Chem.; 267 14084 (1992).,92TEA/DOB_604,1629208.0, ,298.15,7.01,0.00535, ,spectrophotometry and fluorimetry,potassium phosphate (0.05 mol dm-3),3.25 = -log[Mg+2] _ mol/L;ATP=0.00258;creatine=0.006547;phosphocreatine=0.000173;ADP=0.000522;Mg2+_tot=0.003435;K+_tot=0.23;IS=0.25; Mg2+_free=0.000556 _ nan _ ,2.7.3.2, ,0.000556 Mg2+,0.25, , 
3745,4025.0,346.0,creatine kinase,kegg:C00002 + kegg:C00300 = kegg:C00008 + kegg:C02305,CHB_15422 + CHB_16919 = CHB_16761 + CHB_17287,ATP(aq) + creatine(aq) = ADP(aq) + phosphocreatine(aq),Teague W.E. Jr.; Dobson G.P.; J. Biol. Chem.; 267 14084 (1992).,92TEA/DOB_604,1629208.0, ,311.15,6.93,0.00592, ,spectrophotometry and fluorimetry,potassium phosphate (0.05 mol dm-3),3.24 = -log[Mg+2] _ mol/L;ATP=0.0024;creatine=0.00248;phosphocreatine=0.00168;ADP=0.000021;Mg2+_tot=0.003355;K+_tot=0.23;IS=0.25; Mg2+_free=0.000573  ,2.7.3.2, ,0.000573 Mg2+,0.25, , 
3746,4026.0,364.0,creatine kinase,kegg:C00002 + kegg:C00300 = kegg:C00008 + kegg:C02305,CHB_15422 + CHB_16919 = CHB_16761 + CHB_17287,ATP(aq) + creatine(aq) = ADP(aq) + phosphocreatine(aq),Teague W.E. Jr.; Dobson G.P.; J. Biol. Chem.; 267 14084 (1992).,92TEA/DOB_604,1629208.0, ,311.15,6.93,0.00613, ,spectrophotometry and fluorimetry,potassium phosphate (0.05 mol dm-3),3.24 = -log[Mg+2] _ mol/L;ATP=0.0024;creatine=0.00248;phosphocreatine=0.00168;ADP=0.0000217;Mg2+_tot=0.003355;K+_tot=0.23;IS=0.25; Mg2+_free=0.000573  ,2.7.3.2, ,0.000573 Mg2+,0.25, , 
3747,4021.0,342.0,creatine kinase,kegg:C00002 + kegg:C00300 = kegg:C00008 + kegg:C02305,CHB_15422 + CHB_16919 = CHB_16761 + CHB_17287,ATP(aq) + creatine(aq) = ADP(aq) + phosphocreatine(aq),Teague W.E. Jr.; Dobson G.P.; J. Biol. Chem.; 267 14084 (1992).,92TEA/DOB_604,1629208.0, ,311.15,6.93,0.00699, ,spectrophotometry and fluorimetry,potassium phosphate (0.05 mol dm-3),3.21 = -log[Mg+2] _ mol/L;ATP=0.00224;creatine=0.00248;phosphocreatine=0.00288;ADP=0.0000135;Mg2+_tot=0.00336;K+_tot=0.23;IS=0.25; Mg2+_free=0.000612  ,2.7.3.2, ,0.000612 Mg2+,0.25, , 
3748,4022.0,343.0,creatine kinase,kegg:C00002 + kegg:C00300 = kegg:C00008 + kegg:C02305,CHB_15422 + CHB_16919 = CHB_16761 + CHB_17287,ATP(aq) + creatine(aq) = ADP(aq) + phosphocreatine(aq),Teague W.E. Jr.; Dobson G.P.; J. Biol. Chem.; 267 14084 (1992).,92TEA/DOB_604,1629208.0, ,311.15,6.93,0.0073, ,spectrophotometry and fluorimetry,potassium phosphate (0.05 mol dm-3),3.21 = -log[Mg+2] _ mol/L;ATP=0.00224;creatine=0.002447;phosphocreatine=0.00285;ADP=0.000014;Mg2+_tot=0.00336;K+_tot=0.23;IS=0.25; Mg2+_free=0.000612  ,2.7.3.2, ,0.000612 Mg2+,0.25, , 
3749,4024,345.0,creatine kinase,kegg:C00002 + kegg:C00300 = kegg:C00008 + kegg:C02305,CHB_15422 + CHB_16919 = CHB_16761 + CHB_17287,ATP(aq) + creatine(aq) = ADP(aq) + phosphocreatine(aq),Teague W.E. Jr.; Dobson G.P.; J. Biol. Chem.; 267 14084 (1992).,92TEA/DOB_604,1629208.0, ,311.15,6.94,0.00685, ,spectrophotometry and fluorimetry,potassium phosphate (0.05 mol dm-3),3.34 = -log[Mg+2] _ mol/L;ATP=0.00285;creatine=0.003307;phosphocreatine=0.00412;ADP=0.0000157;Mg2+_tot=0.003355;K+_tot=0.23;IS=0.25; Mg2+_free=0.000457 _ nan _ ,2.7.3.2, ,0.000457 Mg2+,0.25, , 
3750,4023.0,344.0,creatine kinase,kegg:C00002 + kegg:C00300 = kegg:C00008 + kegg:C02305,CHB_15422 + CHB_16919 = CHB_16761 + CHB_17287,ATP(aq) + creatine(aq) = ADP(aq) + phosphocreatine(aq),Teague W.E. Jr.; Dobson G.P.; J. Biol. Chem.; 267 14084 (1992).,92TEA/DOB_604,1629208.0, ,311.15,6.94,0.00704, ,spectrophotometry and fluorimetry,potassium phosphate (0.05 mol dm-3),3.34 = -log[Mg+2] _ mol/L;ATP=0.00283;creatine=0.00334;phosphocreatine=0.0041;ADP=0.0000162;Mg2+_tot=0.003355;K+_tot=0.23;IS=0.25; Mg2+_free=0.000462  ,2.7.3.2, ,0.000462 Mg2+,0.25, , 
3751,4027.0,365.0,creatine kinase,kegg:C00002 + kegg:C00300 = kegg:C00008 + kegg:C02305,CHB_15422 + CHB_16919 = CHB_16761 + CHB_17287,ATP(aq) + creatine(aq) = ADP(aq) + phosphocreatine(aq),Teague W.E. Jr.; Dobson G.P.; J. Biol. Chem.; 267 14084 (1992).,92TEA/DOB_604,1629208.0, ,311.15,6.98,0.00637, ,spectrophotometry and fluorimetry,potassium phosphate (0.05 mol dm-3),3.29 = -log[Mg+2] _ mol/L;ATP=0.00253;creatine=0.006547;phosphocreatine=0.0002;ADP=0.000529;Mg2+_tot=0.003435;K+_tot=0.23;IS=0.25; Mg2+_free=0.000508  ,2.7.3.2, ,0.000508 Mg2+,0.25, , 
3752,4028.0,361.0,creatine kinase,kegg:C00002 + kegg:C00300 = kegg:C00008 + kegg:C02305,CHB_15422 + CHB_16919 = CHB_16761 + CHB_17287,ATP(aq) + creatine(aq) = ADP(aq) + phosphocreatine(aq),Teague W.E. Jr.; Dobson G.P.; J. Biol. Chem.; 267 14084 (1992).,92TEA/DOB_604,1629208.0, ,311.15,6.98,0.00629, ,spectrophotometry and fluorimetry,potassium phosphate (0.05 mol dm-3),3.29 = -log[Mg+2] _ mol/L;ATP=0.00251;creatine=0.006382;phosphocreatine=0.000193;ADP=0.000522;Mg2+_tot=0.003435;K+_tot=0.23;IS=0.25; Mg2+_free=0.000514  ,2.7.3.2, ,0.000514 Mg2+,0.25, , 
3753,,809.0,acetylcholinesterase,kegg:C01996 + kegg:C00001 = kegg:C00033 + kegg:C00114, ,acetylcholine(aq) + H2O(l) = acetate(aq) + choline(aq),Wang Y.; Chen C.-H.; Biophys. Chem.; 43 51 (1992).,92WAN/CHE_747,1633258.0,10.1016/0301-4622(92)80041-3,298.15,7.0, , ,calorimetry,sodium phosphate (0.05 mol dm-3)  +  acetylcholine receptor membrane vesicles, ,3.1.1.7, , , , ,-1.63
3754,,810.0,acetylcholinesterase,kegg:C01996 + kegg:C00001 = kegg:C00033 + kegg:C00114, ,acetylcholine(aq) + H2O(l) = acetate(aq) + choline(aq),Wang Y.; Chen C.-H.; Biophys. Chem.; 43 51 (1992).,92WAN/CHE_747,1633258.0,10.1016/0301-4622(92)80041-3,298.15,7.0, , ,calorimetry,sodium phosphate (0.05 mol dm-3)  +  acetylcholine receptor membrane vesicles, ,3.1.1.7, , , , ,-2.76
3755,4054.0,1935.0,phosphomannomutase,kegg:C00636 = kegg:C00275,CHB_35374 = CHB_43896,D-mannose 1-phosphate(aq) = D-mannose 6-phosphate(aq),Xiang-ju Gu; Xue-qin S.; Yu-xiang J.; Acta Botanica Sinica; 34 278 (1992).,92XIA/XUE_1414, , ,303.15,7.5,16.2, ,spectrophotometry,Tris (0.1 mol dm-3) + HCl,mol/L;Tris-HCl=0.1  ,5.4.2.8, , , , , 
3756,4058.0,940.0,glycine hydroxymethyltransferase,kegg:C00143 + kegg:C00037 + kegg:C00001 = kegg:C00101 + kegg:C00065,CHB_15377 + CHB_15428 + CHB_1989 = CHB_15635 + CHB_17115,"5,10-methylenetetrahydrofolate(aq) + glycine(aq) + H2O(l) = tetrahydrofolate(aq) + L-serine(aq)",Besson V.; Rebeille F.; Neuberger M.; Douce R.; Cossins E.A.; Biochem. J.; 292 425 (1993).,93BES/REB_351, , ,310.15,7.4,0.067, ,radioactivity,KH2PO4 (0.020 mol dm-3),"mol/L;(K)1(H2PO4)1=0.02;EGTA=0.001;DTT=0.002;2-mercaptoethanol=0.001;tetrahydrofolate=0.0001;glycine=0.04;L-serine=0.002;5,10-methylenetetrahydrofolate=0  ",2.1.2.1, , , , , 
3757,4059,939.0,glycine hydroxymethyltransferase,kegg:C04377 + kegg:C00037 + kegg:C00001 = kegg:C01217 + kegg:C00065,CHB_15377 + CHB_15428 + MAN_10165 = CHB_17115 + MAN_10005,CH2-H4PteGlu4(aq) + glycine(aq) + H2O(l) = H4PteGlu4(aq) + L-serine(aq),Besson V.; Rebeille F.; Neuberger M.; Douce R.; Cossins E.A.; Biochem. J.; 292 425 (1993).,93BES/REB_352,8503876.0,10.1042/bj2920425,310.15,7.4,0.063, ,radioactivity,KH2PO4 (0.020 mol dm-3),mol/L;(K)1(H2PO4)1=0.02;EGTA=0.001;DTT=0.002;2-mercaptoethanol=0.001;H4PteGlu4=0.000065;glycine=0.02;L-serine=0.002;CH2-H4PteGlu4=0 _ nan _ ,2.1.2.1, , ,, , 
3758,4060.0, ,D-(-)-phenylglycyl-_-lactamide amidohydrolase, ,CHB_15377 + CHB_28971 = CHB_16705 + CHB_44962,ampicillin(aq) + H2O(l) = 6-aminopenicillanic acid(aq) + D(-)-Î±-aminophenylacetic acid(aq),Blinkovsky A.M.; Markaryan A.N.; Enzyme Microb. Technol.; 15 965 (1993).,93BLI/MAR_1033, , ,298.15,5.5,0.18, ,HPLC and alkaline titration,phosphate,mol/L;(K)1(Cl)1=0.1  ,3.5.1.-, , , , , 
3759,4061, ,D-(-)-phenylglycyl-_-lactamide amidohydrolase, ,CHB_15377 + CHB_3534 = CHB_44962 + CHB_64984,cephalexin(aq) + H2O(l) = 7-aminodeacetoxycephalosporanic acid(aq) + D(-)-Î±-aminophenylacetic acid(aq),Blinkovsky A.M.; Markaryan A.N.; Enzyme Microb. Technol.; 15 965 (1993).,93BLI/MAR_1034, , ,298.15,5.25,0.12, ,HPLC and alkaline titration,phosphate,mol/L;(K)1(Cl)1=0.1 _ nan _ ,3.5.1.-, , ,, , 
3760,,981.0,glucose oxidase,kegg:C00031 + kegg:C00007 = kegg:C00198 + kegg:C00027, ,"Î²-D-glucose(aq) + O2(aq) = D-glucono-1,5-lactone(aq) + H2O2(aq)",Bohmhammel K.; H|ttl R.; Pritzkat K.; Wolf G.; Thermochim. Acta; 217 1 (1993).,93BOH/HUT_226, , ,298.15,6.86, , ,calorimetry,phosphate (0.1 mol dm-3), ,1.1.3.4, , , , ,-125
3761,,1828.0,glucose oxidase,kegg:C00031 + kegg:C00007 = kegg:C00198 + kegg:C00027, ,"Î²-D-glucose(aq) + O2(aq) = D-glucono-1,5-lactone(aq) + H2O2(aq)",H|ttl R.; Bohmhammel K.; Pritzkat K.; Wolf G.; Thermochim. Acta; 229 205 (1993).,93HUT/BOH_227, , ,298.15,6.86, , ,calorimetry,phosphate, ,1.1.3.4, , , , ,-125
3762,, ,glucose oxidase and catalase, , ,"Î²-D-glucose(aq) + 1/2 O2(aq) = D-glucono-1,5-lactone(aq) + H2O(liq)",H|ttl R.; Bohmhammel K.; Pritzkat K.; Wolf G.; Thermochim. Acta; 229 205 (1993).,93HUT/BOH_229, , ,298.15,6.86, , ,calorimetry,phosphate, ,1.1.3.4, , , , ,-223
3763,, ,triacylglycerol lipase, , ,n-decanoic acid glycerol diester(sln) + H2O(sln) = n-decanoic acid(sln) + n-decanoic acid glycerol monoester(sln),Janssen A.E.M.; Van der Padt A.; Van't Riet K.; Biotechnol. Bioeng.; 42 953 (1993).,93JAN/PAD_724, , ,308.15, ,2, ,HPLC, , ,3.1.1.3, , , , , 
3764,, ,triacylglycerol lipase, , ,n-decanoic acid glycerol monoester(sln) + H2O(sln) = n-decanoic acid(sln) + glycerol(sln),Janssen A.E.M.; Van der Padt A.; Van't Riet K.; Biotechnol. Bioeng.; 42 953 (1993).,93JAN/PAD_725, , ,308.15, ,0.91, ,HPLC, , ,3.1.1.3, , , , , 
3765,, ,triacylglycerol lipase, , ,n-decanoic acid glycerol triester(sln) + H2O(sln) = n-decanoic acid(sln) + n-decanoic acid glycerol diester(sln),Janssen A.E.M.; Van der Padt A.; Van't Riet K.; Biotechnol. Bioeng.; 42 953 (1993).,93JAN/PAD_726, , ,308.15, ,2.5, ,HPLC, , ,3.1.1.3, , , , , 
3766,, ,triacylglycerol lipase, , ,n-octanoic acid glycerol diester(sln) + H2O(sln) = n-octanoic acid(sln) + n-octanoic acid glycerol monoester(sln),Janssen A.E.M.; Van der Padt A.; Van't Riet K.; Biotechnol. Bioeng.; 42 953 (1993).,93JAN/PAD_728, , ,308.15, ,0.91, ,HPLC, , ,3.1.1.3, , , , , 
3767,, ,triacylglycerol lipase, , ,n-octanoic acid glycerol monoester(sln) + H2O(sln) = n-octanoic acid(sln) + glycerol(sln),Janssen A.E.M.; Van der Padt A.; Van't Riet K.; Biotechnol. Bioeng.; 42 953 (1993).,93JAN/PAD_729, , ,308.15, ,0.71, ,HPLC, , ,3.1.1.3, , , , , 
3768,, ,triacylglycerol lipase, , ,n-octanoic acid glycerol triester(sln) + H2O(sln) = n-octanoic acid(sln) + n-octanoic acid glycerol diester(sln),Janssen A.E.M.; Van der Padt A.; Van't Riet K.; Biotechnol. Bioeng.; 42 953 (1993).,93JAN/PAD_730, , ,308.15, ,1.7, ,HPLC, , ,3.1.1.3, , , , , 
3769,, ,triacylglycerol lipase, , ,diolein(sln) + H2O(sln) = oleic acid(sln) + monoolein(sln),Janssen A.E.M.; Van der Padt A.; Van't Riet K.; Biotechnol. Bioeng.; 42 953 (1993).,93JAN/PAD_738, , ,308.15, ,1.3, ,HPLC, , ,3.1.1.3, , , , , 
3770,, ,triacylglycerol lipase, , ,monoolein(sln) + H2O(sln) = oleic acid(sln) + glycerol(sln),Janssen A.E.M.; Van der Padt A.; Van't Riet K.; Biotechnol. Bioeng.; 42 953 (1993).,93JAN/PAD_740, , ,308.15, ,0.91, ,HPLC, , ,3.1.1.3, , , , , 
3771,, ,triacylglycerol lipase, , ,triolein(sln) + H2O(sln) = oleic acid(sln) + diolein(sln),Janssen A.E.M.; Van der Padt A.; Van't Riet K.; Biotechnol. Bioeng.; 42 953 (1993).,93JAN/PAD_742,18613144.0,10.1002/bit.260420806,308.15, ,1.7, ,HPLC, , ,3.1.1.3, , , , , 
3772,4067.0,1545.0,histidine ammonia-lyase,kegg:C00135 = kegg:C00785 + kegg:C00014,CHB_15971 = CHB_16134 + CHB_27247,L-histidine(aq) = urocanate(aq) + ammonia(aq),Larson J.W.; Tewari Y.B.; Goldberg R.N.; J. Chem. Thermodyn. 25 73 (1993).,93LAR/TEW_1217, , ,298.25,8.41, ,3.01,HPLC,Tris (0.101 mol kg-1) + HCl,mol/kg;IS=0.167  ,4.3.1.3, , ,0.167,0.167, 
3773,4066.0,1546.0,histidine ammonia-lyase,kegg:C00135 = kegg:C00785 + kegg:C00014,CHB_15971 = CHB_16134 + CHB_27247,L-histidine(aq) = urocanate(aq) + ammonia(aq),Larson J.W.; Tewari Y.B.; Goldberg R.N.; J. Chem. Thermodyn. 25 73 (1993).,93LAR/TEW_1217, , ,298.25,8.7, ,2.35,HPLC,Tris (0.101 mol kg-1) + HCl,mol/kg;IS=0.145  ,4.3.1.3, , ,0.145,0.145, 
3774,,1542.0,histidine ammonia-lyase,kegg:C00135 = kegg:C00785 + kegg:C00014, ,L-histidine(aq) = urocanate(aq) + ammonia(aq),Larson J.W.; Tewari Y.B.; Goldberg R.N.; J. Chem. Thermodyn. 25 73 (1993).,93LAR/TEW_1218, , ,298.15,8.15, , ,calorimetry,phosphate, ,4.3.1.3, , , ,0.3,9.24
3775,,1543.0,histidine ammonia-lyase,kegg:C00135 = kegg:C00785 + kegg:C00014, ,L-histidine(aq) = urocanate(aq) + ammonia(aq),Larson J.W.; Tewari Y.B.; Goldberg R.N.; J. Chem. Thermodyn. 25 73 (1993).,93LAR/TEW_1218, , ,310.15,8.15, , ,calorimetry,phosphate, ,4.3.1.3, , , ,0.29,9.44
3776,4062.0,62.0,alkaline phosphatase,kegg:C00020 + kegg:C00001 = kegg:C00212 + kegg:C00009,CHB_15377 + CHB_16027 = CHB_16335 + CHB_26078,AMP(aq) + H2O(l) = adenosine(aq) + orthophosphate(aq),Larson J.W.; Tewari Y.B.; Goldberg R.N.; J. Chem. Thermodyn. 25 73 (1993).,93LAR/TEW_759, , ,298.15,8.86, ,189,HPLC,phosphate,4.5 = -log[Mg+2] _ mol/kg;IS=1.4;AMP=0.01334;orthophosphate=0.4563;adenosine=0;Mg2+_tot=0.000215;Na+_tot=0.93664  ,3.1.3.1, , ,1.4,1.4, 
3777,,4314.0,alkaline phosphatase,kegg:C00020 + kegg:C00001 = kegg:C00212 + kegg:C00009, ,AMP(aq) + H2O(l) = adenosine(aq) + orthophosphate(aq),Larson J.W.; Tewari Y.B.; Goldberg R.N.; J. Chem. Thermodyn. 25 73 (1993).,93LAR/TEW_760, , ,298.15,8.02, , ,calorimetry,Tris + HCl,3.0 = -log[Mg+2],3.1.3.1,0.001, , ,0.078,2.44
3778,,4310.0,alkaline phosphatase,kegg:C00020 + kegg:C00001 = kegg:C00212 + kegg:C00009, ,AMP(aq) + H2O(l) = adenosine(aq) + orthophosphate(aq),Larson J.W.; Tewari Y.B.; Goldberg R.N.; J. Chem. Thermodyn. 25 73 (1993).,93LAR/TEW_760, , ,298.15,8.42, , ,calorimetry,Tris + HCl,3.0 = -log[Mg+2],3.1.3.1,0.001, , ,0.052,1.76
3779,4063,4311.0,alkaline phosphatase,kegg:C00020 + kegg:C00001 = kegg:C00212 + kegg:C00009,CHB_15377 + CHB_16027 = CHB_16335 + CHB_26078,AMP(aq) + H2O(l) = adenosine(aq) + orthophosphate(aq),Larson J.W.; Tewari Y.B.; Goldberg R.N.; J. Chem. Thermodyn. 25 73 (1993).,93LAR/TEW_760, , ,298.15,8.85, , ,HPLC and calorimetry,Tris + HCl,3.0 = -log[Mg+2] _ mol/kg;IS=1.4;AMP=0;orthophosphate=0.468;adenosine=0.0127;Mg2+_tot=0.000221;Na+_tot=0.936 _ nan _ ,3.1.3.1,0.001, ,1.4,0.052,0.55
3780,,4312.0,alkaline phosphatase,kegg:C00020 + kegg:C00001 = kegg:C00212 + kegg:C00009, ,AMP(aq) + H2O(l) = adenosine(aq) + orthophosphate(aq),Larson J.W.; Tewari Y.B.; Goldberg R.N.; J. Chem. Thermodyn. 25 73 (1993).,93LAR/TEW_760, , ,304.55,7.78, , ,calorimetry,Tris + HCl,3.0 = -log[Mg+2],3.1.3.1,0.001, , ,0.086,2.53
3781,,4313.0,alkaline phosphatase,kegg:C00020 + kegg:C00001 = kegg:C00212 + kegg:C00009, ,AMP(aq) + H2O(l) = adenosine(aq) + orthophosphate(aq),Larson J.W.; Tewari Y.B.; Goldberg R.N.; J. Chem. Thermodyn. 25 73 (1993).,93LAR/TEW_760, , ,310.15,7.62, , ,calorimetry,Tris + HCl,3.0 = -log[Mg+2],3.1.3.1,0.001, , ,0.083,3.5
3782,4064.0,932.0,alkaline phosphatase,kegg:C00130 + kegg:C00001 = kegg:C00294 + kegg:C00009,CHB_15377 + CHB_17202 = CHB_17596 + CHB_26078,IMP(aq) + H2O(l) = inosine(aq) + orthophosphate(aq),Larson J.W.; Tewari Y.B.; Goldberg R.N.; J. Chem. Thermodyn. 25 73 (1993).,93LAR/TEW_784, , ,298.15,8.55, ,158,HPLC,phosphate,4.44 = -log[Mg+2] _ mol/kg;IS=1.56;IMP=0.02091;orthophosphate=0.5011;inosine=0;Mg2+_tot=0.00026;Na+_tot=0.04182;K+_tot=1.0022  ,3.1.3.1, , ,1.53,1.53, 
3783,,1816.0,alkaline phosphatase,kegg:C00130 + kegg:C00001 = kegg:C00294 + kegg:C00009, ,IMP(aq) + H2O(l) = inosine(aq) + orthophosphate(aq),Larson J.W.; Tewari Y.B.; Goldberg R.N.; J. Chem. Thermodyn. 25 73 (1993).,93LAR/TEW_785, , ,298.15,8.15, , ,calorimetry,Tris + HCl,3.0 = -log[Mg+2],3.1.3.1,0.001, , ,0.083,1.54
3784,4065.0,1820.0,alkaline phosphatase,kegg:C00130 + kegg:C00001 = kegg:C00294 + kegg:C00009,CHB_15377 + CHB_17202 = CHB_17596 + CHB_26078,IMP(aq) + H2O(l) = inosine(aq) + orthophosphate(aq),Larson J.W.; Tewari Y.B.; Goldberg R.N.; J. Chem. Thermodyn. 25 73 (1993).,93LAR/TEW_785, , ,298.15,8.55, , ,calorimetry and HPLC,Tris + HCl,3.0 = -log[Mg+2] _ mol/kg;IS=1.49;IMP=0;orthophosphate=0.4996;inosine=0.01988;Mg2+_tot=0.000259;K+_tot=0.9992  ,3.1.3.1,0.001, ,1.53,0.063,-0.62
3785,,1817.0,alkaline phosphatase,kegg:C00130 + kegg:C00001 = kegg:C00294 + kegg:C00009, ,IMP(aq) + H2O(l) = inosine(aq) + orthophosphate(aq),Larson J.W.; Tewari Y.B.; Goldberg R.N.; J. Chem. Thermodyn. 25 73 (1993).,93LAR/TEW_785, , ,298.15,9.14, , ,calorimetry,Tris + HCl,3.0 = -log[Mg+2],3.1.3.1,0.001, , ,0.045,-1.89
3786,,1818.0,alkaline phosphatase,kegg:C00130 + kegg:C00001 = kegg:C00294 + kegg:C00009, ,IMP(aq) + H2O(l) = inosine(aq) + orthophosphate(aq),Larson J.W.; Tewari Y.B.; Goldberg R.N.; J. Chem. Thermodyn. 25 73 (1993).,93LAR/TEW_785, , ,304.55,7.92, , ,calorimetry,Tris + HCl,3.0 = -log[Mg+2],3.1.3.1,0.001, , ,0.087,-1.83
3787,,1819.0,alkaline phosphatase,kegg:C00130 + kegg:C00001 = kegg:C00294 + kegg:C00009, ,IMP(aq) + H2O(l) = inosine(aq) + orthophosphate(aq),Larson J.W.; Tewari Y.B.; Goldberg R.N.; J. Chem. Thermodyn. 25 73 (1993).,93LAR/TEW_785, , ,310.15,7.81, , ,calorimetry,Tris + HCl,3.0 = -log[Mg+2],3.1.3.1,0.001, , ,0.087,2.3
3788,4068.0,3246.0,sinapate 1-glucosyltransferase,kegg:C00029 + kegg:C00482 = kegg:C00015 + kegg:C01175,CHB_18066 + CHB_30023 = CHB_17659 + CHB_18428,UDPglucose(aq) + sinapate(aq) = UDP(aq) + 1-sinapoyl-D-glucose(aq),Mock H.-P.; Strack D.; Phytochemistry; 32 575 (1993).,93MOC/STR_453, , ,303.15,6.0,0.21, ,HPLC,Mes (0.090 mol dm-3),mol/L;MES buffer=0.09;DTT=0.009  ,2.4.1.120, , , , , 
3789,4069.0, ,2-arylpropionyl-CoA epimerase, ,MAN_10129 = MAN_10128,(S)-2-(4-isobutylphenyl)propionyl-CoA(aq) =  (R)-2-(4-isobutylphenyl)propionyl-CoA(aq),Shieh W.-R.; Chen C.-S.; J. Biol. Chem.; 268 3487 (1993).,93SHI/CHE_1243,8381432.0, ,303.15,7.0,1.5, ,HPLC,phosphate (0.10 mol dm-3),mol/L;potassium phosphate=0.1  ,5.1.2.-, , , , , 
3790,,4212.0,arginase,kegg:C00062 + kegg:C00001 = kegg:C00077 + kegg:C00086, ,L-arginine(aq) + H2O(l) = L-ornithine(aq) + urea(aq),Tewari Y.B.; Kishore N.K.; Margolis S.A.; Goldberg R.N.; Shibatani T.; J. Chem. Thermodyn. 25 293 (1993).,93TEW/KIS_1047, , ,298.15,6.47, , ,calorimetry,phosphate, ,3.5.3.1, , , ,0.254,-21.83
3791,,4213.0,arginase,kegg:C00062 + kegg:C00001 = kegg:C00077 + kegg:C00086, ,L-arginine(aq) + H2O(l) = L-ornithine(aq) + urea(aq),Tewari Y.B.; Kishore N.K.; Margolis S.A.; Goldberg R.N.; Shibatani T.; J. Chem. Thermodyn. 25 293 (1993).,93TEW/KIS_1047, , ,298.15,6.94, , ,calorimetry,phosphate, ,3.5.3.1, , , ,0.271,-21.51
3792,,4205.0,arginase,kegg:C00062 + kegg:C00001 = kegg:C00077 + kegg:C00086, ,L-arginine(aq) + H2O(l) = L-ornithine(aq) + urea(aq),Tewari Y.B.; Kishore N.K.; Margolis S.A.; Goldberg R.N.; Shibatani T.; J. Chem. Thermodyn. 25 293 (1993).,93TEW/KIS_1047, , ,298.15,7.46, , ,calorimetry,phosphate, ,3.5.3.1, , , ,0.294,-21.22
3793,,4210.0,arginase,kegg:C00062 + kegg:C00001 = kegg:C00077 + kegg:C00086, ,L-arginine(aq) + H2O(l) = L-ornithine(aq) + urea(aq),Tewari Y.B.; Kishore N.K.; Margolis S.A.; Goldberg R.N.; Shibatani T.; J. Chem. Thermodyn. 25 293 (1993).,93TEW/KIS_1047, , ,298.15,7.67, , ,calorimetry,phosphate, ,3.5.3.1, , , ,0.303,-21.15
3794,,4206.0,arginase,kegg:C00062 + kegg:C00001 = kegg:C00077 + kegg:C00086, ,L-arginine(aq) + H2O(l) = L-ornithine(aq) + urea(aq),Tewari Y.B.; Kishore N.K.; Margolis S.A.; Goldberg R.N.; Shibatani T.; J. Chem. Thermodyn. 25 293 (1993).,93TEW/KIS_1047, , ,298.15,7.79, , ,calorimetry,phosphate, ,3.5.3.1, , , ,0.818,-21.53
3795,,4207.0,arginase,kegg:C00062 + kegg:C00001 = kegg:C00077 + kegg:C00086, ,L-arginine(aq) + H2O(l) = L-ornithine(aq) + urea(aq),Tewari Y.B.; Kishore N.K.; Margolis S.A.; Goldberg R.N.; Shibatani T.; J. Chem. Thermodyn. 25 293 (1993).,93TEW/KIS_1047, , ,298.15,7.83, , ,calorimetry,phosphate, ,3.5.3.1, , , ,0.493,-21.31
3796,,4208.0,arginase,kegg:C00062 + kegg:C00001 = kegg:C00077 + kegg:C00086, ,L-arginine(aq) + H2O(l) = L-ornithine(aq) + urea(aq),Tewari Y.B.; Kishore N.K.; Margolis S.A.; Goldberg R.N.; Shibatani T.; J. Chem. Thermodyn. 25 293 (1993).,93TEW/KIS_1047, , ,298.15,7.94, , ,calorimetry,phosphate, ,3.5.3.1, , , ,0.304,-20.94
3797,,4209.0,arginase,kegg:C00062 + kegg:C00001 = kegg:C00077 + kegg:C00086, ,L-arginine(aq) + H2O(l) = L-ornithine(aq) + urea(aq),Tewari Y.B.; Kishore N.K.; Margolis S.A.; Goldberg R.N.; Shibatani T.; J. Chem. Thermodyn. 25 293 (1993).,93TEW/KIS_1047, , ,298.15,8.27, , ,calorimetry,phosphate, ,3.5.3.1, , , ,0.306,-21.01
3798,,4214.0,arginase,kegg:C00062 + kegg:C00001 = kegg:C00077 + kegg:C00086, ,L-arginine(aq) + H2O(l) = L-ornithine(aq) + urea(aq),Tewari Y.B.; Kishore N.K.; Margolis S.A.; Goldberg R.N.; Shibatani T.; J. Chem. Thermodyn. 25 293 (1993).,93TEW/KIS_1047, , ,304.65,7.87, , ,calorimetry,phosphate, ,3.5.3.1, , , ,0.298,-21.47
3799,,4211.0,arginase,kegg:C00062 + kegg:C00001 = kegg:C00077 + kegg:C00086, ,L-arginine(aq) + H2O(l) = L-ornithine(aq) + urea(aq),Tewari Y.B.; Kishore N.K.; Margolis S.A.; Goldberg R.N.; Shibatani T.; J. Chem. Thermodyn. 25 293 (1993).,93TEW/KIS_1047, , ,310.25,7.86, , ,calorimetry,phosphate, ,3.5.3.1, , , ,0.297,-22.03
3800,,3881.0,arginine deiminase,kegg:C00062 + kegg:C00001 = kegg:C00327 + kegg:C00014, ,L-arginine(aq) + H2O(l) = L-citrulline(aq) + ammonia(aq),Tewari Y.B.; Kishore N.K.; Margolis S.A.; Goldberg R.N.; Shibatani T.; J. Chem. Thermodyn. 25 293 (1993).,93TEW/KIS_1051, , ,298.15,5.7, , ,calorimetry,phosphate, ,3.5.3.6, , , ,0.305,-32.03
3801,,3877.0,arginine deiminase,kegg:C00062 + kegg:C00001 = kegg:C00327 + kegg:C00014, ,L-arginine(aq) + H2O(l) = L-citrulline(aq) + ammonia(aq),Tewari Y.B.; Kishore N.K.; Margolis S.A.; Goldberg R.N.; Shibatani T.; J. Chem. Thermodyn. 25 293 (1993).,93TEW/KIS_1051, , ,298.15,5.87, , ,calorimetry,phosphate, ,3.5.3.6, , , ,0.896,-31.9
3802,,3878.0,arginine deiminase,kegg:C00062 + kegg:C00001 = kegg:C00327 + kegg:C00014, ,L-arginine(aq) + H2O(l) = L-citrulline(aq) + ammonia(aq),Tewari Y.B.; Kishore N.K.; Margolis S.A.; Goldberg R.N.; Shibatani T.; J. Chem. Thermodyn. 25 293 (1993).,93TEW/KIS_1051, , ,298.15,5.92, , ,calorimetry,phosphate, ,3.5.3.6, , , ,0.519,-31.96
3803,,3879.0,arginine deiminase,kegg:C00062 + kegg:C00001 = kegg:C00327 + kegg:C00014, ,L-arginine(aq) + H2O(l) = L-citrulline(aq) + ammonia(aq),Tewari Y.B.; Kishore N.K.; Margolis S.A.; Goldberg R.N.; Shibatani T.; J. Chem. Thermodyn. 25 293 (1993).,93TEW/KIS_1051, , ,298.15,6.15, , ,calorimetry,phosphate, ,3.5.3.6, , , ,0.329,-32.23
3804,,3880.0,arginine deiminase,kegg:C00062 + kegg:C00001 = kegg:C00327 + kegg:C00014, ,L-arginine(aq) + H2O(l) = L-citrulline(aq) + ammonia(aq),Tewari Y.B.; Kishore N.K.; Margolis S.A.; Goldberg R.N.; Shibatani T.; J. Chem. Thermodyn. 25 293 (1993).,93TEW/KIS_1051, , ,298.15,6.55, , ,calorimetry,phosphate, ,3.5.3.6, , , ,0.352,-32.52
3805,,3883.0,arginine deiminase,kegg:C00062 + kegg:C00001 = kegg:C00327 + kegg:C00014, ,L-arginine(aq) + H2O(l) = L-citrulline(aq) + ammonia(aq),Tewari Y.B.; Kishore N.K.; Margolis S.A.; Goldberg R.N.; Shibatani T.; J. Chem. Thermodyn. 25 293 (1993).,93TEW/KIS_1051, , ,298.15,7.21, , ,calorimetry,phosphate, ,3.5.3.6, , , ,0.394,-33.56
3806,,3882.0,arginine deiminase,kegg:C00062 + kegg:C00001 = kegg:C00327 + kegg:C00014, ,L-arginine(aq) + H2O(l) = L-citrulline(aq) + ammonia(aq),Tewari Y.B.; Kishore N.K.; Margolis S.A.; Goldberg R.N.; Shibatani T.; J. Chem. Thermodyn. 25 293 (1993).,93TEW/KIS_1051, , ,304.65,6.1, , ,calorimetry,phosphate, ,3.5.3.6, , , ,0.324,-32.42
3807,,3884.0,arginine deiminase,kegg:C00062 + kegg:C00001 = kegg:C00327 + kegg:C00014, ,L-arginine(aq) + H2O(l) = L-citrulline(aq) + ammonia(aq),Tewari Y.B.; Kishore N.K.; Margolis S.A.; Goldberg R.N.; Shibatani T.; J. Chem. Thermodyn. 25 293 (1993).,93TEW/KIS_1051, , ,310.15,6.13, , ,calorimetry,phosphate, ,3.5.3.6, , , ,0.329,-32.92
3808,4073.0,1050.0,maleate hydratase,kegg:C00497 = kegg:C01384 + kegg:C00001,CHB_15588 = CHB_15377 + CHB_30780,(R)-malate(aq) = maleate(aq) + H2O(l),van der Werf M.J.; van den Tweel W.J.J.; Hartmans S.; Appl. Environ. Microbiol.; 59 2823 (1993).,93WER/TWE_1189, , ,298.15,7.0,0.000488, ,HPLC,potassium phosphate (0.025 mol dm-3),mol/L;potassium phosphate buffer=0.025;maleate=0.04;(R)-malate=0;IS=0.1  ,4.2.1.31, , ,0.1, , 
3809,4072.0,744.0,(R)-2-methylmalate dehydratase,kegg:C02612 = kegg:C02226 + kegg:C00001,CHB_30934 = CHB_15377 + CHB_30719,(R)-2-methylmalate(aq) = 2-methylmaleate(aq) + H2O(l),van der Werf M.J.; van den Tweel W.J.J.; Hartmans S.; Appl. Environ. Microbiol.; 59 2823 (1993).,93WER/TWE_1192, , ,298.15,7.0,0.00962, ,HPLC,potassium phosphate (0.025 mol dm-3),mol/L;potassium phosphate buffer=0.025;2-methylmaleate=0.04;(R)-2-methylmalate=0;IS=0.1  ,4.2.1.35, , ,0.1, , 
3810,4071.0,2726.0,dimethylmaleate hydratase,kegg:C03652 = kegg:C00922 + kegg:C00001,CHB_15582 = CHB_15377 + CHB_17081,"(2R,3S)-2,3-dimethylmalate(aq) = dimethylmaleate(aq) + H2O(l)",van der Werf M.J.; van den Tweel W.J.J.; Hartmans S.; Appl. Environ. Microbiol.; 59 2823 (1993).,93WER/TWE_1202,16349034.0, ,298.15,7.0,0.089, ,HPLC,potassium phosphate (0.025 mol dm-3),"mol/L;potassium phosphate buffer=0.025;dimethylmaleate=0.04;(2R,3S)-2,3-dimethylmalate=0;IS=0.1  ",4.2.1.85, , ,0.1, , 
3811,4077, ,glutathione transferase, ,CHB_16856 + PBC_5364399 = MAN_10021,glutathione(aq) + ethyl-(E)-2-octenoate(aq)= glutathione derivative of ethyl (E)-2-octenoate(aq),Chien C.; Kirollos S.K.; Linderman R.J.; Dauterman W.C.; Biochim. Biophys. Acta; 1204 175 (1994).,94CHI/KIR_490, , ,298.15,7.4,435, ,HPLC,phosphate (0.066 mol dm-3),mol/L;phosphate buffer=0.066;glutathione=0.0025;ethyl-(E)-2-octenoate=0.0025;glutathione derivative of ethyl (E)-2-octenoate=0 _ nan _ ,2.5.1.18, , ,, , 
3812,4076.0, ,glutathione transferase, ,CHB_16856 + PBC_5364532 = MAN_10022,glutathione(aq) + methyl-(E)-2-octenoate(aq) = glutathione derivative of methyl (E)-2-octenoate(aq),Chien C.; Kirollos S.K.; Linderman R.J.; Dauterman W.C.; Biochim. Biophys. Acta; 1204 175 (1994).,94CHI/KIR_491, , ,298.15,7.4,212, ,HPLC,phosphate (0.066 mol dm-3),mol/L;phosphate buffer=0.066;glutathione=0.0025;methyl-(E)-2-octenoate=0.0025;glutathione derivative of methyl (E)-2-octenoate=0  ,2.5.1.18, , , , , 
3813,4075.0, ,glutathione transferase, ,CHB_16856 + PBC_5317045 = MAN_10020,glutathione(aq) + (E)-3-nonen-2-one(aq) = glutathione derivative of (E)-3-nonen-2-one(aq),Chien C.; Kirollos S.K.; Linderman R.J.; Dauterman W.C.; Biochim. Biophys. Acta; 1204 175 (1994).,94CHI/KIR_492, , ,298.15,7.4,2600, ,HPLC,phosphate (0.066 mol dm-3),mol/L;phosphate buffer=0.066;glutathione=0.0025;(E)-3-nonen-2-one=0.002;glutathione derivative of (E)-2-octenal=0  ,2.5.1.18, , , , , 
3814,4074.0, ,glutathione transferase, ,CHB_16856 + CHB_61748 = MAN_10019,glutathione(aq) + (E)-2-octenal(aq) = glutathione derivative of (E)-2-octenal(aq),Chien C.; Kirollos S.K.; Linderman R.J.; Dauterman W.C.; Biochim. Biophys. Acta; 1204 175 (1994).,94CHI/KIR_493, , ,298.15,7.4,7100, ,HPLC,phosphate (0.066 mol dm-3),mol/L;phosphate buffer=0.066;glutathione=0.0025;(E)-2-octenal=0.00125;glutathione derivative of (E)-2-octenal=0  ,2.5.1.18, , , , , 
3815,4081, ,_-lactamase, ,CHB_15377 + CHB_28971 = PBC_6453491,ampicillin(aq) + H2O(l) = ampicillinoic acid(aq),Kishore N.; Tewari Y.B.; Yap W.T.; Goldberg R.N.; Biophys. Chem.; 49 163 (1994).,94KIS/TEW_1041, , ,282.35,5.55,95, ,HPLC,acetate,mol/kg;IS=0.153;Na+_tot=0.1008;ampicillin=0.000145;ampicillinoic acid=0.0133 _ nan _ ,3.5.2.6, , ,0.153,0.15, 
3816,, ,_-lactamase, , ,ampicillin(aq) + H2O(l) = ampicillinoic acid(aq),Kishore N.; Tewari Y.B.; Yap W.T.; Goldberg R.N.; Biophys. Chem.; 49 163 (1994).,94KIS/TEW_1042, , ,298.15,6.51, , ,HPLC,phosphate, ,3.5.2.6, , , ,0.241,-76.4
3817,, ,_-lactamase, , ,ampicillin(aq) + H2O(l) = ampicillinoic acid(aq),Kishore N.; Tewari Y.B.; Yap W.T.; Goldberg R.N.; Biophys. Chem.; 49 163 (1994).,94KIS/TEW_1042, , ,298.15,7.06, , ,HPLC,phosphate, ,3.5.2.6, , , ,0.287,-76.9
3818,, ,_-lactamase, , ,ampicillin(aq) + H2O(l) = ampicillinoic acid(aq),Kishore N.; Tewari Y.B.; Yap W.T.; Goldberg R.N.; Biophys. Chem.; 49 163 (1994).,94KIS/TEW_1042, , ,298.15,7.5, , ,HPLC,phosphate, ,3.5.2.6, , , ,0.296,-83.2
3819,, ,_-lactamase, , ,ampicillin(aq) + H2O(l) = ampicillinoic acid(aq),Kishore N.; Tewari Y.B.; Yap W.T.; Goldberg R.N.; Biophys. Chem.; 49 163 (1994).,94KIS/TEW_1042, , ,298.15,7.96, , ,HPLC,phosphate, ,3.5.2.6, , , ,0.3,-84
3820,, ,_-lactamase, , ,ampicillin(aq) + H2O(l) = ampicillinoic acid(aq),Kishore N.; Tewari Y.B.; Yap W.T.; Goldberg R.N.; Biophys. Chem.; 49 163 (1994).,94KIS/TEW_1042, , ,304.65,6.58, , ,HPLC,phosphate, ,3.5.2.6, , , ,0.254,-78
3821,,2353.0,_-lactamase,kegg:C05551 + kegg:C00001 = kegg:C06567, ,penicillin G(aq) + H2O(l) = penicillinoic acid(aq),Kishore N.; Tewari Y.B.; Yap W.T.; Goldberg R.N.; Biophys. Chem.; 49 163 (1994).,94KIS/TEW_1044, , ,298.15,6.01,2.9, ,calorimetry,phosphate, ,3.5.2.6, , , ,0.25, 
3822,4078.0,2360.0,_-lactamase,kegg:C05551 + kegg:C00001 = kegg:C06567,CHB_15377 + CHB_18208 = CHB_61222,penicillin G(aq) + H2O(l) = penicillinoic acid(aq),Kishore N.; Tewari Y.B.; Yap W.T.; Goldberg R.N.; Biophys. Chem.; 49 163 (1994).,94KIS/TEW_1045,8155816.0,10.1016/0301-4622(93)e0067-f,298.15,6.01, , ,HPLC,phosphate,mol/kg;IS=0.253;K+_tot=0.1972;penicillin G=0.009678;penicillinoic acid=0.01937  ,3.5.2.6, , ,0.253,0.297,-79.5
3823,,2354.0,_-lactamase,kegg:C05551 + kegg:C00001 = kegg:C06567, ,penicillin G(aq) + H2O(l) = penicillinoic acid(aq),Kishore N.; Tewari Y.B.; Yap W.T.; Goldberg R.N.; Biophys. Chem.; 49 163 (1994).,94KIS/TEW_1045,8155816.0,10.1016/0301-4622(93)e0067-f,298.15,6.98, , ,calorimetry,phosphate, ,3.5.2.6, , , ,0.478,-77.1
3824,,2358.0,_-lactamase,kegg:C05551 + kegg:C00001 = kegg:C06567, ,penicillin G(aq) + H2O(l) = penicillinoic acid(aq),Kishore N.; Tewari Y.B.; Yap W.T.; Goldberg R.N.; Biophys. Chem.; 49 163 (1994).,94KIS/TEW_1045,8155816.0,10.1016/0301-4622(93)e0067-f,298.15,7.0, , ,calorimetry,phosphate, ,3.5.2.6, , , ,0.279,-78.4
3825,,2355.0,_-lactamase,kegg:C05551 + kegg:C00001 = kegg:C06567, ,penicillin G(aq) + H2O(l) = penicillinoic acid(aq),Kishore N.; Tewari Y.B.; Yap W.T.; Goldberg R.N.; Biophys. Chem.; 49 163 (1994).,94KIS/TEW_1045,8155816.0,10.1016/0301-4622(93)e0067-f,298.15,7.01, , ,calorimetry,phosphate, ,3.5.2.6, , , ,0.782,-78.9
3826,,2356.0,_-lactamase,kegg:C05551 + kegg:C00001 = kegg:C06567, ,penicillin G(aq) + H2O(l) = penicillinoic acid(aq),Kishore N.; Tewari Y.B.; Yap W.T.; Goldberg R.N.; Biophys. Chem.; 49 163 (1994).,94KIS/TEW_1045,8155816.0,10.1016/0301-4622(93)e0067-f,298.15,7.51, , ,calorimetry,phosphate, ,3.5.2.6, , , ,0.296,-77.7
3827,,2359.0,_-lactamase,kegg:C05551 + kegg:C00001 = kegg:C06567, ,penicillin G(aq) + H2O(l) = penicillinoic acid(aq),Kishore N.; Tewari Y.B.; Yap W.T.; Goldberg R.N.; Biophys. Chem.; 49 163 (1994).,94KIS/TEW_1045,8155816.0,10.1016/0301-4622(93)e0067-f,304.65,6.53, , ,calorimetry,phosphate, ,3.5.2.6, , , ,0.253,-77.1
3828,,2357.0,_-lactamase,kegg:C05551 + kegg:C00001 = kegg:C06567, ,penicillin G(aq) + H2O(l) = penicillinoic acid(aq),Kishore N.; Tewari Y.B.; Yap W.T.; Goldberg R.N.; Biophys. Chem.; 49 163 (1994).,94KIS/TEW_1045,8155816.0,10.1016/0301-4622(93)e0067-f,310.15,6.53, , ,calorimetry,phosphate, ,3.5.2.6, , , ,0.255,-76.5
3829,4082.0,2396.0,serine acetyltransferase,kegg:C00024 + kegg:C00065 = kegg:C00010 + kegg:C00979,CHB_15351 + CHB_17115 = CHB_15346 + CHB_17981,acetyl-CoA(aq) + L-serine(aq) = CoA(aq) + O-acetyl-L-serine(aq),Leu L.-S.; Cook P.F.; Biochemistry; 33 2667 (1994).,94LEU/COO_409,8117730.0,10.1021/bi00175a040,298.15,6.0,15, ,spectrophotometry,Mes (0.1 mol dm-3),mol/L;MES buffer=0.1  ,2.3.1.30, , , , , 
3830,4083.0,4376.0,mannitol dehydrogenase,kegg:C00392 + kegg:C00006 = kegg:C00095 + kegg:C00005,CHB_16899 + CHB_18009 = CHB_16474 + CHB_37721,D-mannitol(aq) + NADP(aq) = D-fructose(aq) + NADPH(aq),Noeldner P.K-M.; Coleman M.J.; Faulks R.; Oliver R.P.; Physiol. Mol. Plant Pathol.; 45 281 (1994).,94NOE/COL_197, , ,310.15,7.5,0.0917, ,HPLC and spectrophotometry,Tris (0.020 mol dm-3) + HCl,mol/L;Tris-HCl=0.02  ,1.1.1.67, , , , , 
3831,4084.0,1840.0,tryptophanase,kegg:C00078 + kegg:C00001 = kegg:C00463 + kegg:C00022 + kegg:C00014,CHB_15377 + CHB_16828 = CHB_15361 + CHB_16134 + CHB_16881,L-tryptophan(aq) + H2O(l) = indole(aq) + pyruvate(aq) + ammonia(aq),Tewari Y.B.; Goldberg R.N.; J. Solution Chem. 23 167 (1994).,94TEW/GOL_1139, , ,287.45,7.98, ,8.90E-05,HPLC,potassium phosphate (0.10 mol kg-1),mol/kg;IS=0.727;potassium phosphate buffer=0.1  ,4.1.99.1, , ,0.727,0.726, 
3832,4085.0,1852.0,tryptophanase,kegg:C00078 + kegg:C00001 = kegg:C00463 + kegg:C00022 + kegg:C00014,CHB_15377 + CHB_16828 = CHB_15361 + CHB_16134 + CHB_16881,L-tryptophan(aq) + H2O(l) = indole(aq) + pyruvate(aq) + ammonia(aq),Tewari Y.B.; Goldberg R.N.; J. Solution Chem. 23 167 (1994).,94TEW/GOL_1139, , ,287.45,7.98, ,8.30E-05,HPLC,potassium phosphate (0.10 mol kg-1),mol/kg;IS=0.726;potassium phosphate buffer=0.1  ,4.1.99.1, , ,0.726,0.727, 
3833,4086.0,1859.0,tryptophanase,kegg:C00078 + kegg:C00001 = kegg:C00463 + kegg:C00022 + kegg:C00014,CHB_15377 + CHB_16828 = CHB_15361 + CHB_16134 + CHB_16881,L-tryptophan(aq) + H2O(l) = indole(aq) + pyruvate(aq) + ammonia(aq),Tewari Y.B.; Goldberg R.N.; J. Solution Chem. 23 167 (1994).,94TEW/GOL_1139, , ,292.15,7.9, ,0.000137,HPLC,potassium phosphate (0.10 mol kg-1),mol/kg;IS=0.726;potassium phosphate buffer=0.1  ,4.1.99.1, , ,0.726,0.726, 
3834,4087.0,1841.0,tryptophanase,kegg:C00078 + kegg:C00001 = kegg:C00463 + kegg:C00022 + kegg:C00014,CHB_15377 + CHB_16828 = CHB_15361 + CHB_16134 + CHB_16881,L-tryptophan(aq) + H2O(l) = indole(aq) + pyruvate(aq) + ammonia(aq),Tewari Y.B.; Goldberg R.N.; J. Solution Chem. 23 167 (1994).,94TEW/GOL_1139, , ,292.15,7.91, ,0.000154,HPLC,potassium phosphate (0.10 mol kg-1),mol/kg;IS=0.725;potassium phosphate buffer=0.1  ,4.1.99.1, , ,0.725,0.725, 
3835,4088.0,1842.0,tryptophanase,kegg:C00078 + kegg:C00001 = kegg:C00463 + kegg:C00022 + kegg:C00014,CHB_15377 + CHB_16828 = CHB_15361 + CHB_16134 + CHB_16881,L-tryptophan(aq) + H2O(l) = indole(aq) + pyruvate(aq) + ammonia(aq),Tewari Y.B.; Goldberg R.N.; J. Solution Chem. 23 167 (1994).,94TEW/GOL_1139, , ,298.15,7.76, ,0.000235,HPLC,potassium phosphate (0.10 mol kg-1),mol/kg;IS=0.723;potassium phosphate buffer=0.1  ,4.1.99.1, , ,0.723,0.723, 
3836,4089.0,1854.0,tryptophanase,kegg:C00078 + kegg:C00001 = kegg:C00463 + kegg:C00022 + kegg:C00014,CHB_15377 + CHB_16828 = CHB_15361 + CHB_16134 + CHB_16881,L-tryptophan(aq) + H2O(l) = indole(aq) + pyruvate(aq) + ammonia(aq),Tewari Y.B.; Goldberg R.N.; J. Solution Chem. 23 167 (1994).,94TEW/GOL_1139, , ,298.15,7.77, ,0.000228,HPLC,potassium phosphate (0.10 mol kg-1),mol/kg;IS=0.722;potassium phosphate buffer=0.1  ,4.1.99.1, , ,0.722,0.722, 
3837,4090.0,1843.0,tryptophanase,kegg:C00078 + kegg:C00001 = kegg:C00463 + kegg:C00022 + kegg:C00014,CHB_15377 + CHB_16828 = CHB_15361 + CHB_16134 + CHB_16881,L-tryptophan(aq) + H2O(l) = indole(aq) + pyruvate(aq) + ammonia(aq),Tewari Y.B.; Goldberg R.N.; J. Solution Chem. 23 167 (1994).,94TEW/GOL_1139, , ,298.15,7.84, ,0.00024,HPLC,potassium phosphate (0.10 mol kg-1),mol/kg;IS=1.47;potassium phosphate buffer=0.1  ,4.1.99.1, , ,1.47,1.47, 
3838,4091.0,1844.0,tryptophanase,kegg:C00078 + kegg:C00001 = kegg:C00463 + kegg:C00022 + kegg:C00014,CHB_15377 + CHB_16828 = CHB_15361 + CHB_16134 + CHB_16881,L-tryptophan(aq) + H2O(l) = indole(aq) + pyruvate(aq) + ammonia(aq),Tewari Y.B.; Goldberg R.N.; J. Solution Chem. 23 167 (1994).,94TEW/GOL_1139, , ,298.15,7.85, ,0.000277,HPLC,potassium phosphate (0.10 mol kg-1),mol/kg;IS=1.47;potassium phosphate buffer=0.1  ,4.1.99.1, , ,1.47,1.47, 
3839,4092.0,1845.0,tryptophanase,kegg:C00078 + kegg:C00001 = kegg:C00463 + kegg:C00022 + kegg:C00014,CHB_15377 + CHB_16828 = CHB_15361 + CHB_16134 + CHB_16881,L-tryptophan(aq) + H2O(l) = indole(aq) + pyruvate(aq) + ammonia(aq),Tewari Y.B.; Goldberg R.N.; J. Solution Chem. 23 167 (1994).,94TEW/GOL_1139, , ,298.15,7.89, ,0.000212,HPLC,potassium phosphate (0.10 mol kg-1),mol/kg;IS=0.494;potassium phosphate buffer=0.1  ,4.1.99.1, , ,0.494,0.494, 
3840,4094.0,1855.0,tryptophanase,kegg:C00078 + kegg:C00001 = kegg:C00463 + kegg:C00022 + kegg:C00014,CHB_15377 + CHB_16828 = CHB_15361 + CHB_16134 + CHB_16881,L-tryptophan(aq) + H2O(l) = indole(aq) + pyruvate(aq) + ammonia(aq),Tewari Y.B.; Goldberg R.N.; J. Solution Chem. 23 167 (1994).,94TEW/GOL_1139, , ,298.15,7.93, ,0.000265,HPLC,potassium phosphate (0.10 mol kg-1),mol/kg;IS=0.933;potassium phosphate buffer=0.1  ,4.1.99.1, , ,0.933,0.933, 
3841,4095.0,1857.0,tryptophanase,kegg:C00078 + kegg:C00001 = kegg:C00463 + kegg:C00022 + kegg:C00014,CHB_15377 + CHB_16828 = CHB_15361 + CHB_16134 + CHB_16881,L-tryptophan(aq) + H2O(l) = indole(aq) + pyruvate(aq) + ammonia(aq),Tewari Y.B.; Goldberg R.N.; J. Solution Chem. 23 167 (1994).,94TEW/GOL_1139, , ,298.15,7.93, ,0.000261,HPLC,potassium phosphate (0.10 mol kg-1),mol/kg;IS=0.934;potassium phosphate buffer=0.1  ,4.1.99.1, , ,0.934,0.934, 
3842,4093.0,1846.0,tryptophanase,kegg:C00078 + kegg:C00001 = kegg:C00463 + kegg:C00022 + kegg:C00014,CHB_15377 + CHB_16828 = CHB_15361 + CHB_16134 + CHB_16881,L-tryptophan(aq) + H2O(l) = indole(aq) + pyruvate(aq) + ammonia(aq),Tewari Y.B.; Goldberg R.N.; J. Solution Chem. 23 167 (1994).,94TEW/GOL_1139, , ,298.15,7.97, ,0.000222,HPLC,potassium phosphate (0.10 mol kg-1),mol/kg;IS=0.494;potassium phosphate buffer=0.1  ,4.1.99.1, , ,0.494,0.494, 
3843,4096.0,1847.0,tryptophanase,kegg:C00078 + kegg:C00001 = kegg:C00463 + kegg:C00022 + kegg:C00014,CHB_15377 + CHB_16828 = CHB_15361 + CHB_16134 + CHB_16881,L-tryptophan(aq) + H2O(l) = indole(aq) + pyruvate(aq) + ammonia(aq),Tewari Y.B.; Goldberg R.N.; J. Solution Chem. 23 167 (1994).,94TEW/GOL_1139, , ,298.15,8.85, ,0.000223,HPLC,potassium phosphate (0.10 mol kg-1),mol/kg;IS=0.491;potassium phosphate buffer=0.1  ,4.1.99.1, , ,0.491,0.491, 
3844,4097.0,1848.0,tryptophanase,kegg:C00078 + kegg:C00001 = kegg:C00463 + kegg:C00022 + kegg:C00014,CHB_15377 + CHB_16828 = CHB_15361 + CHB_16134 + CHB_16881,L-tryptophan(aq) + H2O(l) = indole(aq) + pyruvate(aq) + ammonia(aq),Tewari Y.B.; Goldberg R.N.; J. Solution Chem. 23 167 (1994).,94TEW/GOL_1139, , ,298.15,8.85, ,0.000259,HPLC,potassium phosphate (0.10 mol kg-1),mol/kg;IS=0.491;potassium phosphate buffer=0.1  ,4.1.99.1, , ,0.491,0.491, 
3845,4098.0,1849.0,tryptophanase,kegg:C00078 + kegg:C00001 = kegg:C00463 + kegg:C00022 + kegg:C00014,CHB_15377 + CHB_16828 = CHB_15361 + CHB_16134 + CHB_16881,L-tryptophan(aq) + H2O(l) = indole(aq) + pyruvate(aq) + ammonia(aq),Tewari Y.B.; Goldberg R.N.; J. Solution Chem. 23 167 (1994).,94TEW/GOL_1139, , ,304.25,7.71, ,0.000359,HPLC,potassium phosphate (0.10 mol kg-1),mol/kg;IS=0.721;potassium phosphate buffer=0.1  ,4.1.99.1, , ,0.721,0.721, 
3846,4099.0,1850.0,tryptophanase,kegg:C00078 + kegg:C00001 = kegg:C00463 + kegg:C00022 + kegg:C00014,CHB_15377 + CHB_16828 = CHB_15361 + CHB_16134 + CHB_16881,L-tryptophan(aq) + H2O(l) = indole(aq) + pyruvate(aq) + ammonia(aq),Tewari Y.B.; Goldberg R.N.; J. Solution Chem. 23 167 (1994).,94TEW/GOL_1139, , ,304.25,7.71, ,0.000424,HPLC,potassium phosphate (0.10 mol kg-1),mol/kg;IS=0.721;potassium phosphate buffer=0.1  ,4.1.99.1, , ,0.721,0.721, 
3847,4100.0,1851.0,tryptophanase,kegg:C00078 + kegg:C00001 = kegg:C00463 + kegg:C00022 + kegg:C00014,CHB_15377 + CHB_16828 = CHB_15361 + CHB_16134 + CHB_16881,L-tryptophan(aq) + H2O(l) = indole(aq) + pyruvate(aq) + ammonia(aq),Tewari Y.B.; Goldberg R.N.; J. Solution Chem. 23 167 (1994).,94TEW/GOL_1139, , ,310.15,7.81, ,0.000571,HPLC,potassium phosphate (0.10 mol kg-1),mol/kg;IS=0.72;potassium phosphate buffer=0.1  ,4.1.99.1, , ,0.72,0.72, 
3848,4101.0,1853.0,tryptophanase,kegg:C00078 + kegg:C00001 = kegg:C00463 + kegg:C00022 + kegg:C00014,CHB_15377 + CHB_16828 = CHB_15361 + CHB_16134 + CHB_16881,L-tryptophan(aq) + H2O(l) = indole(aq) + pyruvate(aq) + ammonia(aq),Tewari Y.B.; Goldberg R.N.; J. Solution Chem. 23 167 (1994).,94TEW/GOL_1139, , ,310.15,7.81, ,0.000598,HPLC,potassium phosphate (0.10 mol kg-1),mol/kg;IS=0.72;potassium phosphate buffer=0.1  ,4.1.99.1, , ,0.72,0.72, 
3849,4102.0,1858.0,tryptophanase,kegg:C00078 + kegg:C00001 = kegg:C00463 + kegg:C00022 + kegg:C00014,CHB_15377 + CHB_16828 = CHB_15361 + CHB_16134 + CHB_16881,L-tryptophan(aq) + H2O(l) = indole(aq) + pyruvate(aq) + ammonia(aq),Tewari Y.B.; Goldberg R.N.; J. Solution Chem. 23 167 (1994).,94TEW/GOL_1139, , ,316.15,7.92, ,0.00101,HPLC,potassium phosphate (0.10 mol kg-1),mol/kg;IS=0.697;potassium phosphate buffer=0.1  ,4.1.99.1, , ,0.697,0.703, 
3850,4103.0,1856.0,tryptophanase,kegg:C00078 + kegg:C00001 = kegg:C00463 + kegg:C00022 + kegg:C00014,CHB_15377 + CHB_16828 = CHB_15361 + CHB_16134 + CHB_16881,L-tryptophan(aq) + H2O(l) = indole(aq) + pyruvate(aq) + ammonia(aq),Tewari Y.B.; Goldberg R.N.; J. Solution Chem. 23 167 (1994).,94TEW/GOL_1139, , ,316.15,7.94, ,0.000959,HPLC,potassium phosphate (0.10 mol kg-1),mol/kg;IS=0.703;potassium phosphate buffer=0.1  ,4.1.99.1, , ,0.703,0.697, 
3851,,3309.0,tryptophanase,kegg:C00078 + kegg:C00001 = kegg:C00463 + kegg:C00022 + kegg:C00014, ,L-tryptophan(aq) + H2O(l) = indole(aq) + pyruvate(aq) + ammonia(aq),Tewari Y.B.; Goldberg R.N.; J. Solution Chem. 23 167 (1994).,94TEW/GOL_1140, , ,298.15,7.82, , ,calorimetry,potassium phosphate (0.10 mol kg-1), ,4.1.99.1, , , ,0.3,63.2
3852,4104.0,2632.0,aminoacylase,kegg:C02712 + kegg:C00001 = kegg:C00073 + kegg:C00033,CHB_15377 + CHB_21557 = CHB_16643 + CHB_30089,N-acetyl-L-methionine(aq) + H2O(l) = L-methionine(aq) + acetate(aq),"Biselli M.; Kragl U.; Wandrey C.; in ""Enzyme Catalysis in Organic Synthesis""; K. Drauz and H. Waldmann eds.; VCH Waldheim (1995) pp. 89-155.",95BIS/KRA_1027, , ,310.15,7.0,2.7, , , ,   ,3.5.1.14, , , , , 
3853,4105.0, ,glutathione transferase, ,CHB_16856 + CHB_78399 = MAN_10125,reduced glutathione(aq) + (E)-4-phenyl-3-buten-2-one(aq) = 4-(glutathionyl)-4-phenyl-2-butanone(aq),Chen J.; Armstrong R.N.; Chem. Res. Toxicol.; 8 580 (1995),95CHE/ARM_494, , ,298.15,8.0,640, ,spectrophotometry,Tris (0.1 mol dm-3),mol/L;Tris=0.1  ,2.5.1.18, , , , , 
3854,,3980.0,urease,kegg:C00086 + 2 kegg:C00001 = 2 kegg:C00014 + kegg:C00288, ,urea(aq) + 2 H2O(l) = 2 ammonia(aq) + carbon dioxide(aq),H|ttl R.; Bohmhammel K.; Wolf G.; Oehmgen R.; Thermochim. Acta; 250 1 (1995).,95HUT/BOH_1001, , ,298.15,6.0, , ,calorimetry,phosphate Tris Mes and Hepes, ,3.5.1.5, , , , ,-52.9
3855,,3983.0,urease,kegg:C00086 + 2 kegg:C00001 = 2 kegg:C00014 + kegg:C00288, ,urea(aq) + 2 H2O(l) = 2 ammonia(aq) + carbon dioxide(aq),H|ttl R.; Bohmhammel K.; Wolf G.; Oehmgen R.; Thermochim. Acta; 250 1 (1995).,95HUT/BOH_1001, , ,298.15,6.3, , ,calorimetry,phosphate Tris Mes and Hepes, ,3.5.1.5, , , , ,-46
3856,,3986.0,urease,kegg:C00086 + 2 kegg:C00001 = 2 kegg:C00014 + kegg:C00288, ,urea(aq) + 2 H2O(l) = 2 ammonia(aq) + carbon dioxide(aq),H|ttl R.; Bohmhammel K.; Wolf G.; Oehmgen R.; Thermochim. Acta; 250 1 (1995).,95HUT/BOH_1001, , ,298.15,6.5, , ,calorimetry,phosphate Tris Mes and Hepes, ,3.5.1.5, , , , ,-61
3857,,3984.0,urease,kegg:C00086 + 2 kegg:C00001 = 2 kegg:C00014 + kegg:C00288, ,urea(aq) + 2 H2O(l) = 2 ammonia(aq) + carbon dioxide(aq),H|ttl R.; Bohmhammel K.; Wolf G.; Oehmgen R.; Thermochim. Acta; 250 1 (1995).,95HUT/BOH_1001, , ,298.15,6.86, , ,calorimetry,phosphate Tris Mes and Hepes, ,3.5.1.5, , , , ,-58.6
3858,,3982.0,urease,kegg:C00086 + 2 kegg:C00001 = 2 kegg:C00014 + kegg:C00288, ,urea(aq) + 2 H2O(l) = 2 ammonia(aq) + carbon dioxide(aq),H|ttl R.; Bohmhammel K.; Wolf G.; Oehmgen R.; Thermochim. Acta; 250 1 (1995).,95HUT/BOH_1001, , ,298.15,7.0, , ,calorimetry,phosphate Tris Mes and Hepes, ,3.5.1.5, , , , ,-42
3859,,3985.0,urease,kegg:C00086 + 2 kegg:C00001 = 2 kegg:C00014 + kegg:C00288, ,urea(aq) + 2 H2O(l) = 2 ammonia(aq) + carbon dioxide(aq),H|ttl R.; Bohmhammel K.; Wolf G.; Oehmgen R.; Thermochim. Acta; 250 1 (1995).,95HUT/BOH_1001, , ,298.15,7.0, , ,calorimetry,phosphate Tris Mes and Hepes, ,3.5.1.5, , , , ,-16.4
3860,,3981.0,urease,kegg:C00086 + 2 kegg:C00001 = 2 kegg:C00014 + kegg:C00288, ,urea(aq) + 2 H2O(l) = 2 ammonia(aq) + carbon dioxide(aq),H|ttl R.; Bohmhammel K.; Wolf G.; Oehmgen R.; Thermochim. Acta; 250 1 (1995).,95HUT/BOH_1001, , ,298.15,7.6, , ,calorimetry,phosphate Tris Mes and Hepes, ,3.5.1.5, , , , ,-50.9
3861,,2435.0,urease,kegg:C01563 + kegg:C00001 = 2 kegg:C00014 + kegg:C00288, ,ammonium carbamate(aq) + H2O(l) = 2 ammonia(aq) + carbon dioxide(aq),H|ttl R.; Bohmhammel K.; Wolf G.; Oehmgen R.; Thermochim. Acta; 250 1 (1995).,95HUT/BOH_995, , ,298.15,6.3, , ,calorimetry,phosphate Tris Mes and Hepes, ,3.5.1.5, , , , ,-18.2
3862,,2432.0,urease,kegg:C01563 + kegg:C00001 = 2 kegg:C00014 + kegg:C00288, ,ammonium carbamate(aq) + H2O(l) = 2 ammonia(aq) + carbon dioxide(aq),H|ttl R.; Bohmhammel K.; Wolf G.; Oehmgen R.; Thermochim. Acta; 250 1 (1995).,95HUT/BOH_995, , ,298.15,6.86, , ,calorimetry,phosphate Tris Mes and Hepes, ,3.5.1.5, , , , ,-32.7
3863,,2433.0,urease,kegg:C01563 + kegg:C00001 = 2 kegg:C00014 + kegg:C00288, ,ammonium carbamate(aq) + H2O(l) = 2 ammonia(aq) + carbon dioxide(aq),H|ttl R.; Bohmhammel K.; Wolf G.; Oehmgen R.; Thermochim. Acta; 250 1 (1995).,95HUT/BOH_995, , ,298.15,7.0, , ,calorimetry,phosphate Tris Mes and Hepes, ,3.5.1.5, , , , ,-14.7
3864,,2434.0,urease,kegg:C01563 + kegg:C00001 = 2 kegg:C00014 + kegg:C00288, ,ammonium carbamate(aq) + H2O(l) = 2 ammonia(aq) + carbon dioxide(aq),H|ttl R.; Bohmhammel K.; Wolf G.; Oehmgen R.; Thermochim. Acta; 250 1 (1995).,95HUT/BOH_995, , ,298.15,8.0, , ,calorimetry,phosphate Tris Mes and Hepes, ,3.5.1.5, , , , ,8.7
3865,,2996.0,urease,kegg:C00086 + 2 kegg:C00001 = 2 kegg:C00014 + kegg:C00288, ,urea(aq) + 2 H2O(l) = 2 ammonia(aq) + carbon dioxide(aq),Juszkiewicz A.; Kot M.; Leszko M.; Zaborska W.; Thermochim. Acta; 249 301 (1995).,95JUS/KOT_1002, , ,298.15,7.0, , ,calorimetry,phosphate (0.022 mol dm-3), ,3.5.1.5, , ,0.07, ,-59.6
3866,4107.0, ,taurocyamine kinase, ,CHB_15422 + CHB_17228 = CHB_16761 + PBC_439923,ATP(aq) + taurocyamine(aq) = ADP(aq) + NÏ‰-phosphotaurocyamine(aq),Kamp G.; Juretschke H.-P.; Thiel U.; Englisch H.; J. Comp. Physiol. B; 165 143 (1995).,95KAM/JUR_626, , ,285.15,7.3,1000000000, ,enzymatic analysis,Tris (0.1 mol dm-3) + HCl,mol/L;Tris-HCl=0.1;magnesium acetate=0.1  ,2.7.3.4, , , , , 
3867,4106.0,2429.0,adenylate kinase,2 kegg:C00008 = kegg:C00020 + kegg:C00002,2 CHB_16761 = CHB_15422 + CHB_16027,2 ADP(aq) = AMP(aq) + ATP(aq),Kamp G.; Juretschke H.-P.; Thiel U.; Englisch H.; J. Comp. Physiol. B; 165 143 (1995).,95KAM/JUR_657, , ,285.15,7.3,0.36, ,enzymatic analysis,Tris (0.1 mol dm-3) + HCl,mol/L;Tris-HCl=0.1;magnesium acetate=0.1  ,2.7.4.3, , , , , 
3868,,1541.0,isochorismate synthase,kegg:C00251 = kegg:C00885, ,chorismate(aq) = isochorismate(aq),Kozlowski M.C.; Tom N.J.; Seto C.T.; Sefler A.M.; Bartlett P.A.; J. Am. Chem. Soc.; 117 2128 (1995),95KOZ/TOM_1425, , ,298.15,8.0,0.55, ,HPLC,(NH4)2SO4 (0.050 mol dm-3), ,5.4.99.6, , , , , 
3869,,1540.0,isochorismate synthase,kegg:C00251 + kegg:C00014 = kegg:C18054 + kegg:C00001, ,chorismate(aq) + ammonia(aq) = 2-amino-2-deoxyisochorismate(aq) + H2O(l),Kozlowski M.C.; Tom N.J.; Seto C.T.; Sefler A.M.; Bartlett P.A.; J. Am. Chem. Soc.; 117 2128 (1995),95KOZ/TOM_1426, , ,298.15,8.0,2.67, ,HPLC,(NH4)2SO4 (0.050 mol dm-3), ,5.4.99.6, , , , , 
3870,4110.0, ,UDP-N-acetylglucosamine 1-carboxyvinyltransferase, ,CHB_16264 + PBC_447809 = CHB_26078 + MAN_10098,(Z)-phosphoenolbutyrate(aq) + UDP-N-acetyl-D-glucosamine(aq) = orthophosphate(aq) + (Z)-enolbutyryl-UDP-N-acetylglucosamine(aq),Lees W.J.; Walsh C.T.; J. Am. Chem. Soc.; 117 7329 (1995),95LEE/WAL_489, , ,298.15,8.0,65, ,HPLC,Tris (0.050 mol dm-3),mol/L;Tris-HCl=0.05;DTT=0.005  ,2.5.1.7, , , , , 
3871,,1708.0,arginase,kegg:C00062 + kegg:C00001 = kegg:C00077 + kegg:C00086, ,L-arginine(aq) + H2O(l) = L-ornithine(aq) + urea(aq),Liang Y.; Wang C.; Wu D.; Qu S.; Thermochim. Acta; 268 27 (1995).,95LIA/WAN2_1048, , ,298.15,9.4, , ,calorimetry,diethylbarbiturate, ,3.5.3.1, , , , ,-17.8
3872,,4495.0,catalase,kegg:C00027 = 0.5 kegg:C00007 + kegg:C00001, ,H2O2(aq) = 1/2 O2(aq) + H2O(l),Liang Y.; Wang C.-X.; Wu D.-Q.; Song Z.-H.; Qu S.-S.; Zou G.-L.; Gaodeng Xuexiao Huaxue Xuebao; 16 924 1995,95LIA/WAN_331, , ,298.15,7.0, , ,calorimetry,phosphate (0.067 mol dm-3), ,1.11.1.6, , , , ,-83.7
3873,,1912.0,arginase,kegg:C00062 + kegg:C00001 = kegg:C00077 + kegg:C00086, ,L-arginine(aq) + H2O(l) = L-ornithine(aq) + urea(aq),Liu J.-S.; Zeng X.-C.; Tian A.-M.; Deng Y.; Thermochim. Acta; 253 275 (1995).,95LIU/ZEN_1049, , ,298.15,9.5, , ,calorimetry,glycine + NaOH, ,3.5.3.1, , , , ,-18.1
3874,, ,chymotrypsin, , ,N-acetyl-L-tyrosine ethyl ester(aq) + H2O(l) = N-acetyl-L-tyrosine(aq) + ethanol(aq),Liu J.-S.; Zeng X.-C.; Tian A.-M.; Deng Y.; Thermochim. Acta; 253 275 (1995).,95LIU/ZEN_968, , ,298.15,7.8, , ,calorimetry,Tris, ,3.4.21.1, , , , ,-48.5
3875,, ,chymotrypsin, , ,2-propylhippurate(aq) + H2O(l) = 2-propanol(aq) + hippurate(aq),Liu J.-S.; Zeng X.-C.; Tian A.-M.; Deng Y.; Thermochim. Acta; 253 275 (1995).,95LIU/ZEN_976, , ,298.15,7.0, , ,calorimetry,Tris, ,3.4.21.1, , , , ,-48.9
3876,, ,phosphoglycerate kinase, , ,ATP(aq) + 3-phospho-D-glycerate(aq) = ADP(aq) + 3-phospho-D-glyceroyl phosphate(aq),Schmidt P.P.; Travers F.; Barman T.; Biochemistry; 34 824 (1995).,95SCH/TRA_581,7827041.0,10.1021/bi00003a016,277.15,7.5,8.00E-05, ,radioactivity,triethanolamine (0.020 mol dm-3),ethylene glycol 40 %,2.7.2.3, , , , , 
3877,4112.0,3722.0,phosphoglycerate kinase,kegg:C00002 + kegg:C00197 = kegg:C00008 + kegg:C00236,CHB_15422 + CHB_17794 = CHB_16001 + CHB_16761,ATP(aq) + 3-phospho-D-glycerate(aq) = ADP(aq) + 3-phospho-D-glyceroyl phosphate(aq),Schmidt P.P.; Travers F.; Barman T.; Biochemistry; 34 824 (1995).,95SCH/TRA_581,7827041.0,10.1021/bi00003a016,277.15,7.5,0.00015, ,radioactivity,triethanolamine (0.020 mol dm-3),mol/L;triethanolamine acetate buffer=0.02;potassium acetate=0.1;Mg2+_free= 0.001;ATP=0.0001;3-phospho-D-glyceroyl phosphate=0.005  ,2.7.2.3, , , , , 
3878,, ,a-chymotrypsin, , ,N-acetyl-L-phenylalanine ethyl ester(sln) + H2O(sln) =  N-acetyl-L-phenylalanine(sln) + ethanol(sln),Tewari Y.B.; Schantz M.M.; Pandey P.C.; Rekharsky M.V.; Goldberg R.N.; J. Phys. Chem.; 99 1594 (1995).,95TEW/SCH_960, , ,283.15, ,0.38, ,HPLC GC and Karl Fischer analysis, ,carbon tetrachloride,3.4.21.1, , , , , 
3879,, ,a-chymotrypsin, , ,N-acetyl-L-phenylalanine ethyl ester(sln) + H2O(sln) =  N-acetyl-L-phenylalanine(sln) + ethanol(sln),Tewari Y.B.; Schantz M.M.; Pandey P.C.; Rekharsky M.V.; Goldberg R.N.; J. Phys. Chem.; 99 1594 (1995).,95TEW/SCH_960, , ,283.15, ,0.0377, ,HPLC GC and Karl Fischer analysis, ,dichloromethane,3.4.21.1, , , , , 
3880,, ,a-chymotrypsin, , ,N-acetyl-L-phenylalanine ethyl ester(sln) + H2O(sln) =  N-acetyl-L-phenylalanine(sln) + ethanol(sln),Tewari Y.B.; Schantz M.M.; Pandey P.C.; Rekharsky M.V.; Goldberg R.N.; J. Phys. Chem.; 99 1594 (1995).,95TEW/SCH_960, , ,283.15, ,0.182, ,HPLC GC and Karl Fischer analysis, ,toluene,3.4.21.1, , , , , 
3881,, ,a-chymotrypsin, , ,N-acetyl-L-phenylalanine ethyl ester(sln) + H2O(sln) =  N-acetyl-L-phenylalanine(sln) + ethanol(sln),Tewari Y.B.; Schantz M.M.; Pandey P.C.; Rekharsky M.V.; Goldberg R.N.; J. Phys. Chem.; 99 1594 (1995).,95TEW/SCH_960, , ,288.15, ,0.3, ,HPLC GC and Karl Fischer analysis, ,carbon tetrachloride,3.4.21.1, , , , , 
3882,, ,a-chymotrypsin, , ,N-acetyl-L-phenylalanine ethyl ester(sln) + H2O(sln) =  N-acetyl-L-phenylalanine(sln) + ethanol(sln),Tewari Y.B.; Schantz M.M.; Pandey P.C.; Rekharsky M.V.; Goldberg R.N.; J. Phys. Chem.; 99 1594 (1995).,95TEW/SCH_960, , ,288.15, ,0.0437, ,HPLC GC and Karl Fischer analysis, ,dichloromethane,3.4.21.1, , , , , 
3883,, ,a-chymotrypsin, , ,N-acetyl-L-phenylalanine ethyl ester(sln) + H2O(sln) =  N-acetyl-L-phenylalanine(sln) + ethanol(sln),Tewari Y.B.; Schantz M.M.; Pandey P.C.; Rekharsky M.V.; Goldberg R.N.; J. Phys. Chem.; 99 1594 (1995).,95TEW/SCH_960, , ,288.15, ,0.201, ,HPLC GC and Karl Fischer analysis, ,toluene,3.4.21.1, , , , , 
3884,, ,a-chymotrypsin, , ,N-acetyl-L-phenylalanine ethyl ester(sln) + H2O(sln) =  N-acetyl-L-phenylalanine(sln) + ethanol(sln),Tewari Y.B.; Schantz M.M.; Pandey P.C.; Rekharsky M.V.; Goldberg R.N.; J. Phys. Chem.; 99 1594 (1995).,95TEW/SCH_960, , ,293.25, ,0.23, ,HPLC GC and Karl Fischer analysis, ,carbon tetrachloride,3.4.21.1, , , , , 
3885,, ,a-chymotrypsin, , ,N-acetyl-L-phenylalanine ethyl ester(sln) + H2O(sln) =  N-acetyl-L-phenylalanine(sln) + ethanol(sln),Tewari Y.B.; Schantz M.M.; Pandey P.C.; Rekharsky M.V.; Goldberg R.N.; J. Phys. Chem.; 99 1594 (1995).,95TEW/SCH_960, , ,293.25, ,0.0513, ,HPLC GC and Karl Fischer analysis, ,dichloromethane,3.4.21.1, , , , , 
3886,, ,a-chymotrypsin, , ,N-acetyl-L-phenylalanine ethyl ester(sln) + H2O(sln) =  N-acetyl-L-phenylalanine(sln) + ethanol(sln),Tewari Y.B.; Schantz M.M.; Pandey P.C.; Rekharsky M.V.; Goldberg R.N.; J. Phys. Chem.; 99 1594 (1995).,95TEW/SCH_960, , ,293.25, ,0.144, ,HPLC GC and Karl Fischer analysis, ,toluene,3.4.21.1, , , , , 
3887,, ,a-chymotrypsin, , ,N-acetyl-L-phenylalanine ethyl ester(sln) + H2O(sln) =  N-acetyl-L-phenylalanine(sln) + ethanol(sln),Tewari Y.B.; Schantz M.M.; Pandey P.C.; Rekharsky M.V.; Goldberg R.N.; J. Phys. Chem.; 99 1594 (1995).,95TEW/SCH_960, , ,298.25, ,0.197, ,HPLC GC and Karl Fischer analysis, ,carbon tetrachloride,3.4.21.1, , , , , 
3888,, ,a-chymotrypsin, , ,N-acetyl-L-phenylalanine ethyl ester(sln) + H2O(sln) =  N-acetyl-L-phenylalanine(sln) + ethanol(sln),Tewari Y.B.; Schantz M.M.; Pandey P.C.; Rekharsky M.V.; Goldberg R.N.; J. Phys. Chem.; 99 1594 (1995).,95TEW/SCH_960, , ,298.25, ,0.0572, ,HPLC GC and Karl Fischer analysis, ,dichloromethane,3.4.21.1, , , , , 
3889,, ,a-chymotrypsin, , ,N-acetyl-L-phenylalanine ethyl ester(sln) + H2O(sln) =  N-acetyl-L-phenylalanine(sln) + ethanol(sln),Tewari Y.B.; Schantz M.M.; Pandey P.C.; Rekharsky M.V.; Goldberg R.N.; J. Phys. Chem.; 99 1594 (1995).,95TEW/SCH_960, , ,298.25, ,0.107, ,HPLC GC and Karl Fischer analysis, ,toluene,3.4.21.1, , , , , 
3890,4113.0, ,chymotrypsin, ,CHB_15377 + MAN_10110 = CHB_16236 + CHB_16259,N-acetyl-L-phenylalanine ethyl ester(aq) + H2O(l) =  N-acetyl-L-phenylalanine(aq) + ethanol(aq),Tewari Y.B.; Schantz M.M.; Pandey P.C.; Rekharsky M.V.; Goldberg R.N.; J. Phys. Chem.; 99 1594 (1995).,95TEW/SCH_961, , ,288.15,6.09, ,0.00355,HPLC and GC,phosphate,mol/kg;IS=0.11  ,3.4.21.1, , ,0.11,0.11, 
3891,4114.0, ,chymotrypsin, ,CHB_15377 + MAN_10110 = CHB_16236 + CHB_16259,N-acetyl-L-phenylalanine ethyl ester(aq) + H2O(l) =  N-acetyl-L-phenylalanine(aq) + ethanol(aq),Tewari Y.B.; Schantz M.M.; Pandey P.C.; Rekharsky M.V.; Goldberg R.N.; J. Phys. Chem.; 99 1594 (1995).,95TEW/SCH_961, , ,288.15,6.29, ,0.00798,HPLC and GC,phosphate,mol/kg;IS=0.11  ,3.4.21.1, , ,0.11,0.11, 
3892,4115.0, ,chymotrypsin, ,CHB_15377 + MAN_10110 = CHB_16236 + CHB_16259,N-acetyl-L-phenylalanine ethyl ester(aq) + H2O(l) =  N-acetyl-L-phenylalanine(aq) + ethanol(aq),Tewari Y.B.; Schantz M.M.; Pandey P.C.; Rekharsky M.V.; Goldberg R.N.; J. Phys. Chem.; 99 1594 (1995).,95TEW/SCH_961, , ,293.15,6.17, ,0.00227,HPLC and GC,phosphate,mol/kg;IS=0.11  ,3.4.21.1, , ,0.11,0.11, 
3893,4116.0, ,chymotrypsin, ,CHB_15377 + MAN_10110 = CHB_16236 + CHB_16259,N-acetyl-L-phenylalanine ethyl ester(aq) + H2O(l) =  N-acetyl-L-phenylalanine(aq) + ethanol(aq),Tewari Y.B.; Schantz M.M.; Pandey P.C.; Rekharsky M.V.; Goldberg R.N.; J. Phys. Chem.; 99 1594 (1995).,95TEW/SCH_961, , ,293.15,6.39, ,0.00428,HPLC and GC,phosphate,mol/kg;IS=0.13  ,3.4.21.1, , ,0.13,0.13, 
3894,4117.0, ,chymotrypsin, ,CHB_15377 + MAN_10110 = CHB_16236 + CHB_16259,N-acetyl-L-phenylalanine ethyl ester(aq) + H2O(l) =  N-acetyl-L-phenylalanine(aq) + ethanol(aq),Tewari Y.B.; Schantz M.M.; Pandey P.C.; Rekharsky M.V.; Goldberg R.N.; J. Phys. Chem.; 99 1594 (1995).,95TEW/SCH_961, , ,298.15,6.19, ,0.00404,HPLC and GC,phosphate,mol/kg;IS=0.12  ,3.4.21.1, , ,0.12,0.12, 
3895,4118.0, ,chymotrypsin, ,CHB_15377 + MAN_10110 = CHB_16236 + CHB_16259,N-acetyl-L-phenylalanine ethyl ester(aq) + H2O(l) =  N-acetyl-L-phenylalanine(aq) + ethanol(aq),Tewari Y.B.; Schantz M.M.; Pandey P.C.; Rekharsky M.V.; Goldberg R.N.; J. Phys. Chem.; 99 1594 (1995).,95TEW/SCH_961, , ,298.15,6.44, ,0.00529,HPLC and GC,phosphate,mol/kg;IS=0.13  ,3.4.21.1, , ,0.13,0.13, 
3896,4119.0, ,chymotrypsin, ,CHB_15377 + MAN_10110 = CHB_16236 + CHB_16259,N-acetyl-L-phenylalanine ethyl ester(aq) + H2O(l) =  N-acetyl-L-phenylalanine(aq) + ethanol(aq),Tewari Y.B.; Schantz M.M.; Pandey P.C.; Rekharsky M.V.; Goldberg R.N.; J. Phys. Chem.; 99 1594 (1995).,95TEW/SCH_961, , ,308.15,5.98, ,0.00163,HPLC and GC,phosphate,mol/kg;IS=0.11  ,3.4.21.1, , ,0.11,0.11, 
3897,4120.0, ,chymotrypsin, ,CHB_15377 + MAN_10110 = CHB_16236 + CHB_16259,N-acetyl-L-phenylalanine ethyl ester(aq) + H2O(l) =  N-acetyl-L-phenylalanine(aq) + ethanol(aq),Tewari Y.B.; Schantz M.M.; Pandey P.C.; Rekharsky M.V.; Goldberg R.N.; J. Phys. Chem.; 99 1594 (1995).,95TEW/SCH_961, , ,308.15,6.23, ,0.00199,HPLC and GC,phosphate,mol/kg;IS=0.12  ,3.4.21.1, , ,0.12,0.12, 
3898,4121.0, ,creatine kinase, ,CHB_17287 + PBC_2896 = CHB_16919 + PBC_124896,phosphocreatine(aq) + cyclocreatine(aq) = creatine(aq) + phosphocyclocreatine(aq),Wiseman R.W.; Kushmerick M.J.; J. Biol. Chem.; 270 12428 (1995).,95WIS/KUS_610, , ,296.15,7.0,34.3, ,NMR and HPLC,Mops (0.1 mol dm-3) + Tris (0.070 mol dm-3),mol/L;MOPS=0.1;Tris=0.07  ,2.7.3.2, , , , , 
3899,4122.0, ,creatine kinase, ,CHB_15968 + CHB_17287 = CHB_16919 + MAN_10077,phosphocreatine(aq) + Î²-guanidopropionate(aq) = creatine(aq) + Î²-phosphoguanidopropionate(aq),Wiseman R.W.; Kushmerick M.J.; J. Biol. Chem.; 270 12428 (1995).,95WIS/KUS_612,7759484.0, ,296.15,7.0,3.1, ,NMR and HPLC,Mops (0.1 mol dm-3) + Tris (0.070 mol dm-3),mol/L;MOPS=0.1;Tris=0.07  ,2.7.3.2, , , , , 
3900,4123.0, ,UDPhexose synthase, ,CHB_16069 + CHB_18066 = CHB_16077 + MAN_10064,UDPglucose(aq) + imidazole(aq) = glucose 1-phosphate(aq) + UMPimidazole(aq),Arabshahi A.; Ruzicka F.J.; Geeganage S.; Frey P.A.; Biochemistry; 35 3426 (1996).,96ARA/RUZ_711,8639492.0,10.1021/bi952983w,300.15,7.0,0.00064, ,HPLC and fluorimetry,MOPS (0.095 mol dm-3) and Bicine (0.095 mol dm-3),mol/L;MOPS=0.095;UDPglucose=0.002;imidazole=0.02;glucose 1-phosphate=0;UMPimidazole=0  ,2.7.7.-, , , , , 
3901,4124.0, ,UDPhexose synthase, ,CHB_16069 + CHB_18066 = CHB_16077 + MAN_10064,UDPglucose(aq) + imidazole(aq) = glucose 1-phosphate(aq) + UMPimidazole(aq),Arabshahi A.; Ruzicka F.J.; Geeganage S.; Frey P.A.; Biochemistry; 35 3426 (1996).,96ARA/RUZ_711,8639492.0,10.1021/bi952983w,300.15,8.5,0.022, ,HPLC and fluorimetry,MOPS (0.095 mol dm-3) and Bicine (0.095 mol dm-3),mol/L;sodium bicinate=0.095;UDPglucose=0.00187;imidazole=0.02;glucose 1-phosphate=0;UMPimidazole=0  ,2.7.7.-, , , , , 
3902,, ,triacyglycerol lipase, , ,"tributyrylglycerol(sln) + (R)-2-decanol(sln) = (R)-2-decyl butyrate(sln) + glycerol-1,2-dibutyrate(sln)",Hirata H.; Mayama M.; Kasahara A.; Yanagishita H.; Sugiura M.; Nihon Yukagakkaishi; 45 761 (1996),96HIR/MAY_731, , ,303.15, ,0.028, ,HPLC and GC, ,acetonitrile,3.1.1.3, , , , , 
3903,, ,triacyglycerol lipase, , ,"tributyrylglycerol(sln) + (R)-2-decanol(sln) = (R)-2-decyl butyrate(sln) + glycerol-1,2-dibutyrate(sln)",Hirata H.; Mayama M.; Kasahara A.; Yanagishita H.; Sugiura M.; Nihon Yukagakkaishi; 45 761 (1996),96HIR/MAY_731, , ,303.15, ,0.018, ,HPLC and GC, ,benzene,3.1.1.3, , , , , 
3904,, ,triacyglycerol lipase, , ,"tributyrylglycerol(sln) + (R)-2-decanol(sln) = (R)-2-decyl butyrate(sln) + glycerol-1,2-dibutyrate(sln)",Hirata H.; Mayama M.; Kasahara A.; Yanagishita H.; Sugiura M.; Nihon Yukagakkaishi; 45 761 (1996),96HIR/MAY_731, , ,303.15, ,0.025, ,HPLC and GC, ,dioxane,3.1.1.3, , , , , 
3905,, ,triacyglycerol lipase, , ,"tributyrylglycerol(sln) + (R)-2-decanol(sln) = (R)-2-decyl butyrate(sln) + glycerol-1,2-dibutyrate(sln)",Hirata H.; Mayama M.; Kasahara A.; Yanagishita H.; Sugiura M.; Nihon Yukagakkaishi; 45 761 (1996),96HIR/MAY_731, , ,303.15, ,0.015, ,HPLC and GC, ,hexane,3.1.1.3, , , , , 
3906,, ,triacyglycerol lipase, , ,"tributyrylglycerol(sln) + (R)-2-dodecanol(sln) = (R)-2-dodecyl butyrate(sln) + glycerol-1,2-dibutyrate(sln)",Hirata H.; Mayama M.; Kasahara A.; Yanagishita H.; Sugiura M.; Nihon Yukagakkaishi; 45 761 (1996),96HIR/MAY_732, , ,303.15, ,0.025, ,HPLC and GC, ,acetonitrile,3.1.1.3, , , , , 
3907,, ,triacyglycerol lipase, , ,"tributyrylglycerol(sln) + (R)-2-dodecanol(sln) = (R)-2-dodecyl butyrate(sln) + glycerol-1,2-dibutyrate(sln)",Hirata H.; Mayama M.; Kasahara A.; Yanagishita H.; Sugiura M.; Nihon Yukagakkaishi; 45 761 (1996),96HIR/MAY_732, , ,303.15, ,0.017, ,HPLC and GC, ,benzene,3.1.1.3, , , , , 
3908,, ,triacyglycerol lipase, , ,"tributyrylglycerol(sln) + (R)-2-dodecanol(sln) = (R)-2-dodecyl butyrate(sln) + glycerol-1,2-dibutyrate(sln)",Hirata H.; Mayama M.; Kasahara A.; Yanagishita H.; Sugiura M.; Nihon Yukagakkaishi; 45 761 (1996),96HIR/MAY_732, , ,303.15, ,0.02, ,HPLC and GC, ,dioxane,3.1.1.3, , , , , 
3909,, ,triacyglycerol lipase, , ,"tributyrylglycerol(sln) + (R)-2-dodecanol(sln) = (R)-2-dodecyl butyrate(sln) + glycerol-1,2-dibutyrate(sln)",Hirata H.; Mayama M.; Kasahara A.; Yanagishita H.; Sugiura M.; Nihon Yukagakkaishi; 45 761 (1996),96HIR/MAY_732, , ,303.15, ,0.017, ,HPLC and GC, ,hexane,3.1.1.3, , , , , 
3910,, ,triacyglycerol lipase, , ,"tributyrylglycerol(sln) + (R)-2-heptanol(sln) = (R)-2-heptyl butyrate(sln) + glycerol-1,2-dibutyrate(sln)",Hirata H.; Mayama M.; Kasahara A.; Yanagishita H.; Sugiura M.; Nihon Yukagakkaishi; 45 761 (1996),96HIR/MAY_733, , ,303.15, ,0.038, ,HPLC and GC, ,acetonitrile,3.1.1.3, , , , , 
3911,, ,triacyglycerol lipase, , ,"tributyrylglycerol(sln) + (R)-2-heptanol(sln) = (R)-2-heptyl butyrate(sln) + glycerol-1,2-dibutyrate(sln)",Hirata H.; Mayama M.; Kasahara A.; Yanagishita H.; Sugiura M.; Nihon Yukagakkaishi; 45 761 (1996),96HIR/MAY_733, , ,303.15, ,0.028, ,HPLC and GC, ,benzene,3.1.1.3, , , , , 
3912,, ,triacyglycerol lipase, , ,"tributyrylglycerol(sln) + (R)-2-heptanol(sln) = (R)-2-heptyl butyrate(sln) + glycerol-1,2-dibutyrate(sln)",Hirata H.; Mayama M.; Kasahara A.; Yanagishita H.; Sugiura M.; Nihon Yukagakkaishi; 45 761 (1996),96HIR/MAY_733, , ,303.15, ,0.037, ,HPLC and GC, ,dioxane,3.1.1.3, , , , , 
3913,, ,triacyglycerol lipase, , ,"tributyrylglycerol(sln) + (R)-2-heptanol(sln) = (R)-2-heptyl butyrate(sln) + glycerol-1,2-dibutyrate(sln)",Hirata H.; Mayama M.; Kasahara A.; Yanagishita H.; Sugiura M.; Nihon Yukagakkaishi; 45 761 (1996),96HIR/MAY_733, , ,303.15, ,0.026, ,HPLC and GC, ,hexane,3.1.1.3, , , , , 
3914,, ,triacyglycerol lipase, , ,"tributyrylglycerol(sln) + (R)-2-nonanol(sln) = (R)-2-nonyl butyrate(sln) + glycerol-1,2-dibutyrate(sln)",Hirata H.; Mayama M.; Kasahara A.; Yanagishita H.; Sugiura M.; Nihon Yukagakkaishi; 45 761 (1996),96HIR/MAY_734, , ,303.15, ,0.029, ,HPLC and GC, ,acetonitrile,3.1.1.3, , , , , 
3915,, ,triacyglycerol lipase, , ,"tributyrylglycerol(sln) + (R)-2-nonanol(sln) = (R)-2-nonyl butyrate(sln) + glycerol-1,2-dibutyrate(sln)",Hirata H.; Mayama M.; Kasahara A.; Yanagishita H.; Sugiura M.; Nihon Yukagakkaishi; 45 761 (1996),96HIR/MAY_734, , ,303.15, ,0.02, ,HPLC and GC, ,benzene,3.1.1.3, , , , , 
3916,, ,triacyglycerol lipase, , ,"tributyrylglycerol(sln) + (R)-2-nonanol(sln) = (R)-2-nonyl butyrate(sln) + glycerol-1,2-dibutyrate(sln)",Hirata H.; Mayama M.; Kasahara A.; Yanagishita H.; Sugiura M.; Nihon Yukagakkaishi; 45 761 (1996),96HIR/MAY_734, , ,303.15, ,0.027, ,HPLC and GC, ,dioxane,3.1.1.3, , , , , 
3917,, ,triacyglycerol lipase, , ,"tributyrylglycerol(sln) + (R)-2-nonanol(sln) = (R)-2-nonyl butyrate(sln) + glycerol-1,2-dibutyrate(sln)",Hirata H.; Mayama M.; Kasahara A.; Yanagishita H.; Sugiura M.; Nihon Yukagakkaishi; 45 761 (1996),96HIR/MAY_734, , ,303.15, ,0.02, ,HPLC and GC, ,hexane,3.1.1.3, , , , , 
3918,, ,triacyglycerol lipase, , ,"tributyrylglycerol(sln) + (R)-2-octanol(sln) = (R)-2-octyl butyrate(sln) + glycerol-1,2-dibutyrate(sln)",Hirata H.; Mayama M.; Kasahara A.; Yanagishita H.; Sugiura M.; Nihon Yukagakkaishi; 45 761 (1996),96HIR/MAY_735, , ,303.15, ,0.029, ,HPLC and GC, ,acetonitrile,3.1.1.3, , , , , 
3919,, ,triacyglycerol lipase, , ,"tributyrylglycerol(sln) + (R)-2-octanol(sln) = (R)-2-octyl butyrate(sln) + glycerol-1,2-dibutyrate(sln)",Hirata H.; Mayama M.; Kasahara A.; Yanagishita H.; Sugiura M.; Nihon Yukagakkaishi; 45 761 (1996),96HIR/MAY_735, , ,303.15, ,0.024, ,HPLC and GC, ,benzene,3.1.1.3, , , , , 
3920,, ,triacyglycerol lipase, , ,"tributyrylglycerol(sln) + (R)-2-octanol(sln) = (R)-2-octyl butyrate(sln) + glycerol-1,2-dibutyrate(sln)",Hirata H.; Mayama M.; Kasahara A.; Yanagishita H.; Sugiura M.; Nihon Yukagakkaishi; 45 761 (1996),96HIR/MAY_735, , ,303.15, ,0.028, ,HPLC and GC, ,dioxane,3.1.1.3, , , , , 
3921,, ,triacyglycerol lipase, , ,"tributyrylglycerol(sln) + (R)-2-octanol(sln) = (R)-2-octyl butyrate(sln) + glycerol-1,2-dibutyrate(sln)",Hirata H.; Mayama M.; Kasahara A.; Yanagishita H.; Sugiura M.; Nihon Yukagakkaishi; 45 761 (1996),96HIR/MAY_735, , ,303.15, ,0.022, ,HPLC and GC, ,hexane,3.1.1.3, , , , , 
3922,, ,triacyglycerol lipase, , ,"tributyrylglycerol(sln) + (R)-2-undecanol(sln) = (R)-2-undecyl butyrate(sln) + glycerol-1,2-dibutyrate(sln)",Hirata H.; Mayama M.; Kasahara A.; Yanagishita H.; Sugiura M.; Nihon Yukagakkaishi; 45 761 (1996),96HIR/MAY_736, , ,303.15, ,0.026, ,HPLC and GC, ,acetonitrile,3.1.1.3, , , , , 
3923,, ,triacyglycerol lipase, , ,"tributyrylglycerol(sln) + (R)-2-undecanol(sln) = (R)-2-undecyl butyrate(sln) + glycerol-1,2-dibutyrate(sln)",Hirata H.; Mayama M.; Kasahara A.; Yanagishita H.; Sugiura M.; Nihon Yukagakkaishi; 45 761 (1996),96HIR/MAY_736, , ,303.15, ,0.017, ,HPLC and GC, ,benzene,3.1.1.3, , , , , 
3924,, ,triacyglycerol lipase, , ,"tributyrylglycerol(sln) + (R)-2-undecanol(sln) = (R)-2-undecyl butyrate(sln) + glycerol-1,2-dibutyrate(sln)",Hirata H.; Mayama M.; Kasahara A.; Yanagishita H.; Sugiura M.; Nihon Yukagakkaishi; 45 761 (1996),96HIR/MAY_736, , ,303.15, ,0.022, ,HPLC and GC, ,dioxane,3.1.1.3, , , , , 
3925,, ,triacyglycerol lipase, , ,"tributyrylglycerol(sln) + (R)-2-undecanol(sln) = (R)-2-undecyl butyrate(sln) + glycerol-1,2-dibutyrate(sln)",Hirata H.; Mayama M.; Kasahara A.; Yanagishita H.; Sugiura M.; Nihon Yukagakkaishi; 45 761 (1996),96HIR/MAY_736, , ,303.15, ,0.017, ,HPLC and GC, ,hexane,3.1.1.3, , , , , 
3926,4126.0,2267.0,guanylate kinase,kegg:C00002 + kegg:C00144 = kegg:C00008 + kegg:C00035,CHB_15422 + CHB_17345 = CHB_16761 + CHB_17552,ATP(aq) + GMP(aq) = ADP(aq) + GDP(aq),Li Y.; Zhang Y.; Yan H.; J. Biol. Chem.; 271 28038 (1996).,96LI/ZHA_668,8910414.0, ,298.15,7.5,1.5, ,NMR and radioactivity,Tris + HCl,2.25 = -log[Mg+2] _ mol/L;Tris=0.02;(K)1(Cl)1=0.1;ATP=0.0025;GMP=0.0025;(Mg)1(Cl)2=0.0056;ADP=0;GDP=0 _ MgCl2 (0.0056 mol/L) _ ,2.7.4.8, ,0.0056 MgCl2, , , 
3927,4127.0,2268.0,guanylate kinase,kegg:C00002 + kegg:C00144 = kegg:C00008 + kegg:C00035,CHB_15422 + CHB_17345 = CHB_16761 + CHB_17552,ATP(aq) + GMP(aq) = ADP(aq) + GDP(aq),Li Y.; Zhang Y.; Yan H.; J. Biol. Chem.; 271 28038 (1996).,96LI/ZHA_668,8910414.0, ,298.15,7.5,3.1, ,NMR and radioactivity,Tris + HCl,1.89 = -log[Mg+2] _ mol/L;Tris=0.02;(K)1(Cl)1=0.1;ATP=0.0025;GMP=0.0025;(Mg)1(Cl)2=0.013;ADP=0;GDP=0 _ MgCl2 (0.013 mol/L) _ ,2.7.4.8, ,0.013 MgCl2, , , 
3928,4128.0,2269.0,guanylate kinase,kegg:C00002 + kegg:C00144 = kegg:C00008 + kegg:C00035,CHB_15422 + CHB_17345 = CHB_16761 + CHB_17552,ATP(aq) + GMP(aq) = ADP(aq) + GDP(aq),Li Y.; Zhang Y.; Yan H.; J. Biol. Chem.; 271 28038 (1996).,96LI/ZHA_668,8910414.0, ,298.15,7.5,5.2, ,NMR and radioactivity,Tris + HCl,1.7 = -log[Mg+2] _ mol/L;Tris=0.02;(K)1(Cl)1=0.1;ATP=0.0025;GMP=0.0025;(Mg)1(Cl)2=0.02;ADP=0;GDP=0 _ MgCl2 (0.02 mol/L) _ ,2.7.4.8, ,0.02 MgCl2, , , 
3929,4129.0,2270.0,guanylate kinase,kegg:C00002 + kegg:C00144 = kegg:C00008 + kegg:C00035,CHB_15422 + CHB_17345 = CHB_16761 + CHB_17552,ATP(aq) + GMP(aq) = ADP(aq) + GDP(aq),Li Y.; Zhang Y.; Yan H.; J. Biol. Chem.; 271 28038 (1996).,96LI/ZHA_668,8910414.0, ,298.15,7.5,5.3, ,NMR and radioactivity,Tris + HCl,1.35 = -log[Mg+2] _ mol/L;Tris=0.02;(K)1(Cl)1=0.1;ATP=0.0025;GMP=0.0025;(Mg)1(Cl)2=0.045;ADP=0;GDP=0 _ MgCl2 (0.045 mol/L) _ ,2.7.4.8, ,0.045 MgCl2, , , 
3930,4130.0,2271.0,guanylate kinase,kegg:C00002 + kegg:C00144 = kegg:C00008 + kegg:C00035,CHB_15422 + CHB_17345 = CHB_16761 + CHB_17552,ATP(aq) + GMP(aq) = ADP(aq) + GDP(aq),Li Y.; Zhang Y.; Yan H.; J. Biol. Chem.; 271 28038 (1996).,96LI/ZHA_668,8910414.0, ,298.15,7.7,2.1, ,NMR and radioactivity,Tris + HCl,2.3 = -log[Mg+2] _ mol/L;Tris-HCl=0.1;(K)1(Cl)1=0.1;ATP=0.00041;GMP=0.00041;ADP=0.00059;GDP=0.00059;(Mg)1(Cl)2=0.005 _ MgCl2 (0.005 mol/L) _ ,2.7.4.8, ,0.005 MgCl2, , , 
3931,4132.0,3787.0,_-phosphoglucomutase,kegg:C00103 = kegg:C00092,CHB_16077 = CHB_4170,Î²-D-glucose 1-phosphate(aq) = Î²-D-glucose 6-phosphate(aq),Oesterhelt C.; Schnarrenberger C.; Gross W.; Plant Sci.; 121 19 (1996).,96OES/SCH_1410, , ,298.15,7.0,3.7, ,enzymatic assay and spectrophotometry,Tris (0.050 mol dm-3) + HCl,   ,5.4.2.6, , , , , 
3932,4131.0,4402.0,phosphomannomutase,kegg:C00103 = kegg:C00092,CHB_16077 = CHB_4170,Î²-D-glucose 1-phosphate(aq) = Î²-D-glucose 6-phosphate(aq),Oesterhelt C.; Schnarrenberger C.; Gross W.; Plant Sci.; 121 19 (1996).,96OES/SCH_1412, , ,298.15,7.0,1.4, ,enzymatic assay and spectrophotometry,Tris (0.050 mol dm-3) + HCl,   ,5.4.2.8, , , , , 
3933,4133.0,3800.0,phosphomannomutase,kegg:C00636 = kegg:C00275,CHB_35374 = CHB_43896,D-mannose 1-phosphate(aq) = D-mannose 6-phosphate(aq),Oesterhelt C.; Schnarrenberger C.; Gross W.; Plant Sci.; 121 19 (1996).,96OES/SCH_1415, , ,298.15,7.0,1, ,enzymatic assay and spectrophotometry,Tris (0.050 mol dm-3) + HCl,   ,5.4.2.8, , , , , 
3934,4134.0,3838.0,UDPglucose 4-epimerase,kegg:C00029 = kegg:C00052,CHB_18066 = CHB_18307,UDPglucose(aq) = UDPgalactose(aq),Prosselkov P.V.; Gross W.; Igamberdiev A.U.; Schnarrenberger C.; Physiol. Plant.; 98 753 (1996).,96PRO/GRO_1258, , ,298.15,8.5,0.29, ,spectrophotometry,Tris (0.020 mol dm-3) + HCl,mol/L;Tris-HCl=0.02;(Mg)1(Cl)2=0.001;EDTA=0.0005;sodium pyrophosphate=0.0005;NADP=0.0002;UDPgalactose=0.0003;UDPglucose=0  ,5.1.3.2, , , , , 
3935,4136,1489.0,L-iditol 2-dehydrogenase,kegg:C01507 + kegg:C00003 = kegg:C00247 + kegg:C00004,CHB_15846 + CHB_18202 = CHB_16908 + CHB_48649,L-iditol(aq) + NAD(aq) = L-sorbose(aq) + NADH(aq),Tewari Y.B.; Goldberg R.N.; J. Chem. Thermodyn.; 28 1127 (1996).,96TEW/GOL_60, , ,298.15,7.58,0.186, ,HPLC and spectrophotometry,phosphate,mol/kg;(K)2(HPO4)1=0.09593;(H)3(PO4)1=0.01115;NAD=0.0007437;L-iditol=0.0007873;NADH=0.0001517;L-sorbose=0.0007305   _ mol/kg;(K)2(HPO4)1=0.09861;(H)3(PO4)1=0.01047;NAD=0.0005382;D-sorbitol=0.0007837;NADH=0.0001631;D-fructose=0.0004256 _ nan _ ,1.1.1.14, , ,,0.191, 
3936,,1488.0,L-iditol 2-dehydrogenase,kegg:C01507 + kegg:C00003 = kegg:C00247 + kegg:C00004, ,L-iditol(aq) + NAD(aq) = L-sorbose(aq) + NADH(aq),Tewari Y.B.; Goldberg R.N.; J. Chem. Thermodyn.; 28 1127 (1996).,96TEW/GOL_61, , ,298.15,7.39, , ,calorimetry,phosphate, ,1.1.1.14, , , ,0.215,-10.5
3937,4139,1874.0,L-iditol 2-dehydrogenase,kegg:C00794 + kegg:C00003 = kegg:C00095 + kegg:C00004,CHB_15846 + CHB_17924 = CHB_16908 + CHB_37721,D-sorbitol(aq) + NAD(aq) = D-fructose(aq) + NADH(aq),Tewari Y.B.; Goldberg R.N.; J. Chem. Thermodyn.; 28 1127 (1996).,96TEW/GOL_70, , ,298.15,7.63,0.094, ,HPLC and spectrophotometry,phosphate,mol/kg;(K)2(HPO4)1=0.09863;(H)3(PO4)1=0.01048;NAD=0.000914;D-sorbitol=0.0006582;NADH=0.00014;D-fructose=0.0003632 _ nan _ ,1.1.1.14, , ,,0.197, 
3938,4135.0,1875.0,L-iditol 2-dehydrogenase,kegg:C00794 + kegg:C00003 = kegg:C00095 + kegg:C00004,CHB_15846 + CHB_17924 = CHB_16908 + CHB_37721,D-sorbitol(aq) + NAD(aq) = D-fructose(aq) + NADH(aq),Tewari Y.B.; Goldberg R.N.; J. Chem. Thermodyn.; 28 1127 (1996).,96TEW/GOL_71, , ,298.15,7.55, , ,calorimetry and HPLC and spectrophotometry, ,mol/kg;(K)2(HPO4)1=0.0986;(H)3(PO4)1=0.01047;NAD=0.0004271;D-sorbitol=0.0008314;NADH=0.0001706;D-fructose=0.0004362  ,1.1.1.14, , , ,0.217,-17.1
3939,4149,1877.0,L-iditol 2-dehydrogenase,kegg:C00379 + kegg:C00003 = kegg:C00310 + kegg:C00004,CHB_15846 + CHB_17151 = CHB_16908 + CHS_388344,xylitol(aq) + NAD(aq) = D-xylulose(aq) + NADH(aq),Tewari Y.B.; Goldberg R.N.; J. Chem. Thermodyn.; 28 1127 (1996).,96TEW/GOL_73, , ,298.15,7.51,0.00122, ,HPLC and spectrophotometry,phosphate,mol/kg;(K)2(HPO4)1=0.09536;(H)3(PO4)1=0.01108;NAD=0.0003024;xylitol=0.000286;NADH=0.0001493;D-xylulose=0.0007614 _ nan _ ,1.1.1.14, , ,,0.189, 
3940,,1878.0,L-iditol 2-dehydrogenase,kegg:C00379 + kegg:C00003 = kegg:C00310 + kegg:C00004, ,xylitol(aq) + NAD(aq) = D-xylulose(aq) + NADH(aq),Tewari Y.B.; Goldberg R.N.; J. Chem. Thermodyn.; 28 1127 (1996).,96TEW/GOL_74, , ,298.15,7.43, , ,calorimetry,phosphate, ,1.1.1.14, , , ,0.218,-35.2
3941,, ,tannase, , ,"3,4,5-trihydroxybenzoic acid propyl ester(sln) + H2O(sln) = 3,4,5-trihydroxybenzoate(sln) + propan-1-ol(sln)",Tewari Y.B.; Schantz M.M.; Rekharsky M.V.; Goldberg R.N.; J. Chem. Thermodyn.; 28 171 (1996).,96TEW/SCH_749, , ,293.25, ,0.0128, ,HPLC GC and Karl Fischer analysis, , ,3.1.1.20, , , , , 
3942,, ,tannase, , ,"3,4,5-trihydroxybenzoic acid propyl ester(sln) + H2O(sln) = 3,4,5-trihydroxybenzoate(sln) + propan-1-ol(sln)",Tewari Y.B.; Schantz M.M.; Rekharsky M.V.; Goldberg R.N.; J. Chem. Thermodyn.; 28 171 (1996).,96TEW/SCH_749, , ,298.25, ,0.013, ,HPLC GC and Karl Fischer analysis, , ,3.1.1.20, , , , , 
3943,, ,tannase, , ,"3,4,5-trihydroxybenzoic acid propyl ester(sln) + H2O(sln) = 3,4,5-trihydroxybenzoate(sln) + propan-1-ol(sln)",Tewari Y.B.; Schantz M.M.; Rekharsky M.V.; Goldberg R.N.; J. Chem. Thermodyn.; 28 171 (1996).,96TEW/SCH_749, , ,303.15, ,0.0112, ,HPLC GC and Karl Fischer analysis, , ,3.1.1.20, , , , , 
3944,, ,tannase, , ,"3,4,5-trihydroxybenzoic acid propyl ester(sln) + H2O(sln) = 3,4,5-trihydroxybenzoate(sln) + propan-1-ol(sln)",Tewari Y.B.; Schantz M.M.; Rekharsky M.V.; Goldberg R.N.; J. Chem. Thermodyn.; 28 171 (1996).,96TEW/SCH_749, , ,308.15, ,0.0098, ,HPLC GC and Karl Fischer analysis, , ,3.1.1.20, , , , , 
3945,4152.0, ,tannase, ,CHB_15377 + MAN_10093 = CHB_16918 + CHB_28831,"3,4,5-trihydroxybenzoic acid propyl ester(aq) + H2O(l) = 3,4,5-trihydroxybenzoate(aq) + propan-1-ol(aq)",Tewari Y.B.; Schantz M.M.; Rekharsky M.V.; Goldberg R.N.; J. Chem. Thermodyn.; 28 171 (1996).,96TEW/SCH_750, , ,293.15,5.31, ,119,HPLC,sodium acetate,"mol/kg;IS=0.08;Na+_tot=0.0995;propan-1-ol=0.6525;3,4,5-trihydroxybenzoate=0.01168;3,4,5-trihydroxybenzoic acid propyl ester=0.0000604  ",3.1.1.20, , ,0.08,0.08, 
3946,4153.0, ,tannase, ,CHB_15377 + MAN_10093 = CHB_16918 + CHB_28831,"3,4,5-trihydroxybenzoic acid propyl ester(aq) + H2O(l) = 3,4,5-trihydroxybenzoate(aq) + propan-1-ol(aq)",Tewari Y.B.; Schantz M.M.; Rekharsky M.V.; Goldberg R.N.; J. Chem. Thermodyn.; 28 171 (1996).,96TEW/SCH_750, , ,293.15,5.33, ,126,HPLC,sodium acetate,"mol/kg;IS=0.08;Na+_tot=0.0997;propan-1-ol=0.6406;3,4,5-trihydroxybenzoate=0.01211;3,4,5-trihydroxybenzoic acid propyl ester=0.0000654  ",3.1.1.20, , ,0.08,0.08, 
3947,4154.0, ,tannase, ,CHB_15377 + MAN_10093 = CHB_16918 + CHB_28831,"3,4,5-trihydroxybenzoic acid propyl ester(aq) + H2O(l) = 3,4,5-trihydroxybenzoate(aq) + propan-1-ol(aq)",Tewari Y.B.; Schantz M.M.; Rekharsky M.V.; Goldberg R.N.; J. Chem. Thermodyn.; 28 171 (1996).,96TEW/SCH_750, , ,298.15,4.99, ,57.3,HPLC,sodium acetate,"mol/kg;IS=0.052;Na+_tot=0.0989;propan-1-ol=0.5689;3,4,5-trihydroxybenzoate=0.01784;3,4,5-trihydroxybenzoic acid propyl ester=0.000177  ",3.1.1.20, , ,0.052,0.052, 
3948,4155.0, ,tannase, ,CHB_15377 + MAN_10093 = CHB_16918 + CHB_28831,"3,4,5-trihydroxybenzoic acid propyl ester(aq) + H2O(l) = 3,4,5-trihydroxybenzoate(aq) + propan-1-ol(aq)",Tewari Y.B.; Schantz M.M.; Rekharsky M.V.; Goldberg R.N.; J. Chem. Thermodyn.; 28 171 (1996).,96TEW/SCH_750, , ,298.15,5.0, ,61.1,HPLC,sodium acetate,"mol/kg;IS=0.052;Na+_tot=0.0992;propan-1-ol=0.5774;3,4,5-trihydroxybenzoate=0.01598;3,4,5-trihydroxybenzoic acid propyl ester=0.000151  ",3.1.1.20, , ,0.052,0.052, 
3949,4156.0, ,tannase, ,CHB_15377 + MAN_10093 = CHB_16918 + CHB_28831,"3,4,5-trihydroxybenzoic acid propyl ester(aq) + H2O(l) = 3,4,5-trihydroxybenzoate(aq) + propan-1-ol(aq)",Tewari Y.B.; Schantz M.M.; Rekharsky M.V.; Goldberg R.N.; J. Chem. Thermodyn.; 28 171 (1996).,96TEW/SCH_750, , ,298.15,5.32, ,122.1,HPLC,sodium acetate,"mol/kg;IS=0.08;Na+_tot=0.0991;propan-1-ol=0.7019;3,4,5-trihydroxybenzoate=0.01286;3,4,5-trihydroxybenzoic acid propyl ester=0.0000739  ",3.1.1.20, , ,0.08,0.08, 
3950,4157.0, ,tannase, ,CHB_15377 + MAN_10093 = CHB_16918 + CHB_28831,"3,4,5-trihydroxybenzoic acid propyl ester(aq) + H2O(l) = 3,4,5-trihydroxybenzoate(aq) + propan-1-ol(aq)",Tewari Y.B.; Schantz M.M.; Rekharsky M.V.; Goldberg R.N.; J. Chem. Thermodyn.; 28 171 (1996).,96TEW/SCH_750, , ,298.15,5.36, ,117,HPLC,sodium acetate,"mol/kg;IS=0.082;Na+_tot=0.1;propan-1-ol=0.6717;3,4,5-trihydroxybenzoate=0.01224;3,4,5-trihydroxybenzoic acid propyl ester=0.0000705  ",3.1.1.20, , ,0.082,0.082, 
3951,4158.0, ,tannase, ,CHB_15377 + MAN_10093 = CHB_16918 + CHB_28831,"3,4,5-trihydroxybenzoic acid propyl ester(aq) + H2O(l) = 3,4,5-trihydroxybenzoate(aq) + propan-1-ol(aq)",Tewari Y.B.; Schantz M.M.; Rekharsky M.V.; Goldberg R.N.; J. Chem. Thermodyn.; 28 171 (1996).,96TEW/SCH_750, , ,298.15,5.38, ,147,HPLC,sodium acetate,"mol/kg;IS=0.084;Na+_tot=0.0998;propan-1-ol=0.4173;3,4,5-trihydroxybenzoate=0.0171;3,4,5-trihydroxybenzoic acid propyl ester=0.0000485  ",3.1.1.20, , ,0.084,0.084, 
3952,4159.0, ,tannase, ,CHB_15377 + MAN_10093 = CHB_16918 + CHB_28831,"3,4,5-trihydroxybenzoic acid propyl ester(aq) + H2O(l) = 3,4,5-trihydroxybenzoate(aq) + propan-1-ol(aq)",Tewari Y.B.; Schantz M.M.; Rekharsky M.V.; Goldberg R.N.; J. Chem. Thermodyn.; 28 171 (1996).,96TEW/SCH_750, , ,298.15,5.39, ,128,HPLC,sodium acetate,"mol/kg;IS=0.085;Na+_tot=0.0998;propan-1-ol=0.4408;3,4,5-trihydroxybenzoate=0.01716;3,4,5-trihydroxybenzoic acid propyl ester=0.0000592  ",3.1.1.20, , ,0.085,0.085, 
3953,4160.0, ,tannase, ,CHB_15377 + MAN_10093 = CHB_16918 + CHB_28831,"3,4,5-trihydroxybenzoic acid propyl ester(aq) + H2O(l) = 3,4,5-trihydroxybenzoate(aq) + propan-1-ol(aq)",Tewari Y.B.; Schantz M.M.; Rekharsky M.V.; Goldberg R.N.; J. Chem. Thermodyn.; 28 171 (1996).,96TEW/SCH_750, , ,298.15,5.91, ,435,HPLC,sodium acetate,"mol/kg;IS=0.109;K+_tot=0.202;propan-1-ol=0.5885;3,4,5-trihydroxybenzoate=0.0144;3,4,5-trihydroxybenzoic acid propyl ester=0.0000195  ",3.1.1.20, , ,0.109,0.109, 
3954,4161.0, ,tannase, ,CHB_15377 + MAN_10093 = CHB_16918 + CHB_28831,"3,4,5-trihydroxybenzoic acid propyl ester(aq) + H2O(l) = 3,4,5-trihydroxybenzoate(aq) + propan-1-ol(aq)",Tewari Y.B.; Schantz M.M.; Rekharsky M.V.; Goldberg R.N.; J. Chem. Thermodyn.; 28 171 (1996).,96TEW/SCH_750, , ,298.15,5.91, ,448,HPLC,sodium acetate,"mol/kg;IS=0.111;K+_tot=0.204;propan-1-ol=0.6106;3,4,5-trihydroxybenzoate=0.01495;3,4,5-trihydroxybenzoic acid propyl ester=0.0000204  ",3.1.1.20, , ,0.111,0.111, 
3955,4162.0, ,tannase, ,CHB_15377 + MAN_10093 = CHB_16918 + CHB_28831,"3,4,5-trihydroxybenzoic acid propyl ester(aq) + H2O(l) = 3,4,5-trihydroxybenzoate(aq) + propan-1-ol(aq)",Tewari Y.B.; Schantz M.M.; Rekharsky M.V.; Goldberg R.N.; J. Chem. Thermodyn.; 28 171 (1996).,96TEW/SCH_750, , ,298.15,6.56, ,2409,HPLC,sodium acetate,"mol/kg;IS=0.135;K+_tot=0.204;propan-1-ol=0.5575;3,4,5-trihydroxybenzoate=0.0156;3,4,5-trihydroxybenzoic acid propyl ester=0.00000361  ",3.1.1.20, , ,0.135,0.135, 
3956,4163.0, ,tannase, ,CHB_15377 + MAN_10093 = CHB_16918 + CHB_28831,"3,4,5-trihydroxybenzoic acid propyl ester(aq) + H2O(l) = 3,4,5-trihydroxybenzoate(aq) + propan-1-ol(aq)",Tewari Y.B.; Schantz M.M.; Rekharsky M.V.; Goldberg R.N.; J. Chem. Thermodyn.; 28 171 (1996).,96TEW/SCH_750, , ,298.15,6.56, ,2820,HPLC,sodium acetate,"mol/kg;IS=0.135;K+_tot=0.204;propan-1-ol=0.5255;3,4,5-trihydroxybenzoate=0.0161;3,4,5-trihydroxybenzoic acid propyl ester=0.000003  ",3.1.1.20, , ,0.135,0.135, 
3957,4164.0, ,tannase, ,CHB_15377 + MAN_10093 = CHB_16918 + CHB_28831,"3,4,5-trihydroxybenzoic acid propyl ester(aq) + H2O(l) = 3,4,5-trihydroxybenzoate(aq) + propan-1-ol(aq)",Tewari Y.B.; Schantz M.M.; Rekharsky M.V.; Goldberg R.N.; J. Chem. Thermodyn.; 28 171 (1996).,96TEW/SCH_750, , ,303.15,5.35, ,123,HPLC,sodium acetate,"mol/kg;IS=0.082;Na+_tot=0.0998;propan-1-ol=0.6473;3,4,5-trihydroxybenzoate=0.01194;3,4,5-trihydroxybenzoic acid propyl ester=0.0000638  ",3.1.1.20, , ,0.082,0.081, 
3958,4165.0, ,tannase, ,CHB_15377 + MAN_10093 = CHB_16918 + CHB_28831,"3,4,5-trihydroxybenzoic acid propyl ester(aq) + H2O(l) = 3,4,5-trihydroxybenzoate(aq) + propan-1-ol(aq)",Tewari Y.B.; Schantz M.M.; Rekharsky M.V.; Goldberg R.N.; J. Chem. Thermodyn.; 28 171 (1996).,96TEW/SCH_750, , ,303.15,5.37, ,121,HPLC,sodium acetate,"mol/kg;IS=0.081;Na+_tot=0.0998;propan-1-ol=0.6568;3,4,5-trihydroxybenzoate=0.01198;3,4,5-trihydroxybenzoic acid propyl ester=0.000064  ",3.1.1.20, , ,0.081,0.082, 
3959,4166.0, ,tannase, ,CHB_15377 + MAN_10093 = CHB_16918 + CHB_28831,"3,4,5-trihydroxybenzoic acid propyl ester(aq) + H2O(l) = 3,4,5-trihydroxybenzoate(aq) + propan-1-ol(aq)",Tewari Y.B.; Schantz M.M.; Rekharsky M.V.; Goldberg R.N.; J. Chem. Thermodyn.; 28 171 (1996).,96TEW/SCH_750, , ,308.15,5.32, ,114,HPLC,sodium acetate,"mol/kg;IS=0.081;Na+_tot=0.0998;propan-1-ol=0.6938;3,4,5-trihydroxybenzoate=0.01313;3,4,5-trihydroxybenzoic acid propyl ester=0.0000798  ",3.1.1.20, , ,0.081,0.081, 
3960,4167.0, ,tannase, ,CHB_15377 + MAN_10093 = CHB_16918 + CHB_28831,"3,4,5-trihydroxybenzoic acid propyl ester(aq) + H2O(l) = 3,4,5-trihydroxybenzoate(aq) + propan-1-ol(aq)",Tewari Y.B.; Schantz M.M.; Rekharsky M.V.; Goldberg R.N.; J. Chem. Thermodyn.; 28 171 (1996).,96TEW/SCH_750, , ,308.15,5.34, ,124,HPLC,sodium acetate,"mol/kg;IS=0.081;Na+_tot=0.0999;propan-1-ol=0.6529;3,4,5-trihydroxybenzoate=0.01186;3,4,5-trihydroxybenzoic acid propyl ester=0.0000626  ",3.1.1.20, , ,0.081,0.081, 
3961,, ,tannase, , ,"3,4,5-trihydroxybenzoic acid propyl ester(aq) + H2O(l) = 3,4,5-trihydroxybenzoate(aq) + propan-1-ol(aq)",Tewari Y.B.; Schantz M.M.; Rekharsky M.V.; Goldberg R.N.; J. Chem. Thermodyn.; 28 171 (1996).,96TEW/SCH_751, , ,298.15,5.61, , ,HPLC,phosphate and Mes, ,3.1.1.20, , , ,0.092,-8.33
3962,, ,tannase, , ,"3,4,5-trihydroxybenzoic acid propyl ester(aq) + H2O(l) = 3,4,5-trihydroxybenzoate(aq) + propan-1-ol(aq)",Tewari Y.B.; Schantz M.M.; Rekharsky M.V.; Goldberg R.N.; J. Chem. Thermodyn.; 28 171 (1996).,96TEW/SCH_751, , ,298.15,6.18, , ,HPLC,phosphate and Mes, ,3.1.1.20, , , ,0.027,-19.8
3963,,236.0,arginine kinase,kegg:C00002 + kegg:C00062 = kegg:C00008 + kegg:C05945, ,ATP(aq) + L-arginine(aq) = ADP(aq) + NÏ‰-phospho-L-arginine(aq),Chamberlin M.E.; J. Exp. Biol.; 200 2789 (1997).,97CHA_622,9326504.0, ,298.15,7.2,17.5, ,spectrophotometry,imidazole (0.1 mol dm-3), ,2.7.3.3, , , , , 
3964,4169.0,987.0,xylose isomerase,kegg:C00031 = kegg:C00095,CHB_4167 = CHB_37721,D-glucose(aq) = D-fructose(aq),Converti A.; Del Borghi M.; Enzyme Microb. Technol.; 21 511 (1997).,97CON/DEL_1320, , ,333.15,7.0,0.98, ,HPLC,Tris (0.05 mol dm-3),mol/L;Tris=0.05;(Mg)1(SO4)1=0.004;(Na)2(SO3)1=0.008  ,5.3.1.5, , , , , 
3965,4170.0,988.0,xylose isomerase,kegg:C00031 = kegg:C00095,CHB_4167 = CHB_37721,D-glucose(aq) = D-fructose(aq),Converti A.; Del Borghi M.; Enzyme Microb. Technol.; 21 511 (1997).,97CON/DEL_1320, , ,338.15,7.0,1.03, ,HPLC,Tris (0.05 mol dm-3),mol/L;Tris=0.05;(Mg)1(SO4)1=0.004;(Na)2(SO3)1=0.008  ,5.3.1.5, , , , , 
3966,4171.0,989.0,xylose isomerase,kegg:C00031 = kegg:C00095,CHB_4167 = CHB_37721,D-glucose(aq) = D-fructose(aq),Converti A.; Del Borghi M.; Enzyme Microb. Technol.; 21 511 (1997).,97CON/DEL_1320, , ,343.15,7.0,1.14, ,HPLC,Tris (0.05 mol dm-3),mol/L;Tris=0.05;(Mg)1(SO4)1=0.004;(Na)2(SO3)1=0.008  ,5.3.1.5, , , , , 
3967,4172.0,990.0,xylose isomerase,kegg:C00031 = kegg:C00095,CHB_4167 = CHB_37721,D-glucose(aq) = D-fructose(aq),Converti A.; Del Borghi M.; Enzyme Microb. Technol.; 21 511 (1997).,97CON/DEL_1320, , ,348.15,7.0,1.22, ,HPLC,Tris (0.05 mol dm-3),mol/L;Tris=0.05;(Mg)1(SO4)1=0.004;(Na)2(SO3)1=0.008  ,5.3.1.5, , , , , 
3968,4173.0,991.0,xylose isomerase,kegg:C00031 = kegg:C00095,CHB_4167 = CHB_37721,D-glucose(aq) = D-fructose(aq),Converti A.; Del Borghi M.; Enzyme Microb. Technol.; 21 511 (1997).,97CON/DEL_1320, , ,353.15,7.0,1.39, ,HPLC,Tris (0.05 mol dm-3),mol/L;Tris=0.05;(Mg)1(SO4)1=0.004;(Na)2(SO3)1=0.008  ,5.3.1.5, , , , , 
3969,4174.0,891.0,sucrose synthase,kegg:C00029 + kegg:C00095 = kegg:C00015 + kegg:C00089,CHB_18066 + CHB_37721 = CHB_17659 + CHB_17992,UDPglucose(aq) + D-fructose(aq) = UDP(aq) + sucrose(aq),Dijardin A.; Rochat C.; Boutin J.-P.; Planta; 201 128 (1997).,97DEJ/ROC_428, , ,303.15,7.0,6.7, ,enzymatic assay and spectrophotometry,{Hepes (0.050 mol dm-3) + NaOH} and {Ches (0.050 mol dm-3) + NaOH},mol/L;UDPglucose=0.01;D-fructose=0.01;UDP=0;sucrose=0;HEPES-NaOH=0.05  ,2.4.1.13, , , , , 
3970,4175.0,892.0,sucrose synthase,kegg:C00029 + kegg:C00095 = kegg:C00015 + kegg:C00089,CHB_18066 + CHB_37721 = CHB_17659 + CHB_17992,UDPglucose(aq) + D-fructose(aq) = UDP(aq) + sucrose(aq),Dijardin A.; Rochat C.; Boutin J.-P.; Planta; 201 128 (1997).,97DEJ/ROC_428, , ,303.15,9.4,250, ,enzymatic assay and spectrophotometry,{Hepes (0.050 mol dm-3) + NaOH} and {Ches (0.050 mol dm-3) + NaOH},mol/L;UDPglucose=0.01;D-fructose=0.01;UDP=0;sucrose=0;CHES-NaOH=0.05  ,2.4.1.13, , , , , 
3971,4176.0,287.0,carnitine dehydrogenase,kegg:C15025 + kegg:C00003 = kegg:C02636 + kegg:C00004,CHB_11060 + CHB_15846 = CHB_16758 + CHB_16908,D-carnitine(aq) + NAD(aq) = 3-dehydrocarnitine(aq) + NADH(aq),Hanschmann H.; Kleber H.-P.; Biochim. Biophys. Acta; 1337 133 (1997).,97HAN/KLE_208, , ,295.15,8.0,0.00022, ,spectrophotometry and HPLC,Tris (0.05 mol dm-3) + HCl,   ,1.1.1.108, , , , , 
3972,4177.0,286.0,carnitine dehydrogenase,kegg:C15025 + kegg:C00003 = kegg:C02636 + kegg:C00004,CHB_11060 + CHB_15846 = CHB_16758 + CHB_16908,D-carnitine(aq) + NAD(aq) = 3-dehydrocarnitine(aq) + NADH(aq),Hanschmann H.; Kleber H.-P.; Biochim. Biophys. Acta; 1337 133 (1997).,97HAN/KLE_208, , ,295.15,9.0,0.0022, ,spectrophotometry and HPLC,Tris (0.05 mol dm-3) + HCl,mol/L;Tris-HCl=0.05  ,1.1.1.108, , , , , 
3973,,831.0,chorismate mutase,kegg:C00251 = kegg:C00254, ,chorismate(aq) = prephenate(aq),Kast P.; Tewari Y.B.; Wiest O.; Hilvert D.; Houk K.N.; Goldberg R.N.; J. Phys. Chem. B; 101 10976-10982 (1997).,97KAS/TEW_1423, , ,298.15,6.93, , ,calorimetry,phosphate and Tris, ,5.4.99.5, , , ,0.18,-55.5
3974,,830.0,chorismate mutase,kegg:C00251 = kegg:C00254, ,chorismate(aq) = prephenate(aq),Kast P.; Tewari Y.B.; Wiest O.; Hilvert D.; Houk K.N.; Goldberg R.N.; J. Phys. Chem. B; 101 10976-10982 (1997).,97KAS/TEW_1423, , ,298.15,7.7, , ,calorimetry,phosphate and Tris, ,5.4.99.5, , , ,0.071,-55.4
3975,,387.0,catalase,kegg:C00027 = 0.5 kegg:C00007 + kegg:C00001, ,H2O2(aq) = 1/2 O2(aq) + H2O(l),Liang Y.; Wu Y.; Li D.; Wang C.; Liu Y.; Qu S.; Zou G.; Thermochim. Acta; 307 149 (1997).,97LIA/WU_332, , ,298.15,7.0, , ,calorimetry,phosphate, ,1.11.1.6, , , , ,-88.88
3976,, ,"glucan 1,4-a-glucosidase", , ,6-O-Î±-D-galactopyranosyl-D-galactopyranose(aq) + H2O(l) = 2 D-galactose(aq),Pestlin S.; Prinz D.; Starr J.N.; Reilly P.J.; Biotech. Bioeng.; 56 9 (1997),97PES/PRI_878, , ,318.15,4.5,1.04?103, ,GC + MS,acetate (0.05 mol dm-3), ,3.2.1.3, , , , , 
3977,, ,"glucan 1,4-a-glucosidase", , ,4-O-Î±-D-glucopyranosyl-D-fructofuranose(aq) + H2O(l) = D-glucose(aq) + D-fructose(aq),Pestlin S.; Prinz D.; Starr J.N.; Reilly P.J.; Biotech. Bioeng.; 56 9 (1997),97PES/PRI_879, , ,318.15,4.5,372, ,GC + MS,acetate (0.05 mol dm-3), ,3.2.1.3, , , , , 
3978,, ,"glucan 1,4-a-glucosidase", , ,3-O-Î±-D-glucopyranosyl-lyxopyranose(aq) + H2O(l) = D-glucose(aq) + lyxose(aq),Pestlin S.; Prinz D.; Starr J.N.; Reilly P.J.; Biotech. Bioeng.; 56 9 (1997),97PES/PRI_880, , ,318.15,4.5,330, ,GC + MS,acetate (0.05 mol dm-3), ,3.2.1.3, , , , , 
3979,, ,"glucan 1,4-a-glucosidase", , ,Î±-isomaltose(aq) + H2O(l) = 2 D-glucose(aq),Pestlin S.; Prinz D.; Starr J.N.; Reilly P.J.; Biotech. Bioeng.; 56 9 (1997),97PES/PRI_884, , ,318.15,4.5,81, ,GC + MS,acetate (0.05 mol dm-3), ,3.2.1.3, , , , , 
3980,, ,"glucan 1,4-a-glucosidase", , ,Î²-isomaltose(aq) + H2O(l) = 2 D-glucose(aq),Pestlin S.; Prinz D.; Starr J.N.; Reilly P.J.; Biotech. Bioeng.; 56 9 (1997),97PES/PRI_885, , ,318.15,4.5,65, ,GC + MS,acetate (0.05 mol dm-3), ,3.2.1.3, , , , , 
3981,, ,"glucan 1,4-a-glucosidase", , ,Î±-isomaltose(aq) + H2O(l) = 2 D-glucose(aq),Pestlin S.; Prinz D.; Starr J.N.; Reilly P.J.; Biotech. Bioeng.; 56 9 (1997),97PES/PRI_903, , ,318.15,4.5,81, ,GC + MS,acetate (0.05 mol dm-3), ,3.2.1.3, , , , , 
3982,, ,"glucan 1,4-a-glucosidase", , ,Î²-isomaltose(aq) + H2O(l) = 2 D-glucose(aq),Pestlin S.; Prinz D.; Starr J.N.; Reilly P.J.; Biotech. Bioeng.; 56 9 (1997),97PES/PRI_904, , ,318.15,4.5,65, ,GC + MS,acetate (0.05 mol dm-3), ,3.2.1.3, , , , , 
3983,, ,"glucan 1,4-a-glucosidase", , ,1-O-Î±-D-mannopyranosyl-D-mannofuranose(aq) + H2O(l) = 2 D-mannose(aq),Pestlin S.; Prinz D.; Starr J.N.; Reilly P.J.; Biotech. Bioeng.; 56 9 (1997),97PES/PRI_905, , ,318.15,4.5,1.26?103, ,GC + MS,acetate (0.05 mol dm-3), ,3.2.1.3, , , , , 
3984,, ,"glucan 1,4-a-glucosidase", , ,6-O-Î±-D-mannopyranose-D-mannopyranose(aq) + H2O(l) = 2 D-mannose(aq),Pestlin S.; Prinz D.; Starr J.N.; Reilly P.J.; Biotech. Bioeng.; 56 9 (1997),97PES/PRI_906, , ,318.15,4.5,420, ,GC + MS,acetate (0.05 mol dm-3), ,3.2.1.3, , , , , 
3985,, ,"glucan 1,4-a-glucosidase", , ,Î±-D-melibiose(aq) + H2O(l) = D-galactose(aq) + D-glucose(aq),Pestlin S.; Prinz D.; Starr J.N.; Reilly P.J.; Biotech. Bioeng.; 56 9 (1997),97PES/PRI_907, , ,318.15,4.5,53, ,GC + MS,acetate (0.05 mol dm-3), ,3.2.1.3, , , , , 
3986,, ,"glucan 1,4-a-glucosidase", , ,Î²-D-melibiose(aq) + H2O(l) = D-galactose(aq) + D-glucose(aq),Pestlin S.; Prinz D.; Starr J.N.; Reilly P.J.; Biotech. Bioeng.; 56 9 (1997),97PES/PRI_908, , ,318.15,4.5,40, ,GC + MS,acetate (0.05 mol dm-3), ,3.2.1.3, , , , , 
3987,4187.0, ,N-acetylneuraminate lyase, ,MAN_10040 = CHB_15361 + CHB_4208,2-keto-3-deoxy-D-glycero-D-galacto-nonopyranulosonate(aq) = D-mannose(aq) + pyruvate(aq),Salagnad C.; Gvdde A.; Ernst B.; Kragl U.; Biotechnol. Prog. 13 810 (1997).,97SAL/GOD_1123, , ,298.15,7.5,0.0524, ,HPLC,none,mol/L;D-mannose=0.3;pyruvate=0.6;(Na)1=0.6;2-keto-3-deoxy-D-glycero-D-galacto-nonopyranulosonate=0  ,4.1.3.3, , , , , 
3988,4189.0,1825.0,glucose-6-phosphate isomerase,kegg:C00092 = kegg:C00085,CHB_4170 = CHB_61553,D-glucose 6-phosphate(aq) = D-fructose 6-phosphate(aq),Staples J.F.; Suarez R.K.; J. Exp. Biol.; 200 1247 (1997).,97STA/SUA_1365,9319107.0, ,310.15,7.0,0.33, ,spectrophotometry,Imidazole (0.025 mol dm-3) and Tris (0.025 mol dm-3),mol/L;imidazole=0.025;(K)1(Cl)1=0.12;(Mg)1(Cl)2=0.005;D-glucose 6-phosphate=0.0005;D-fructose 6-phosphate=0  ,5.3.1.9, , , , , 
3989,4188.0,1826.0,glucose-6-phosphate isomerase,kegg:C00092 = kegg:C00085,CHB_4170 = CHB_61553,D-glucose 6-phosphate(aq) = D-fructose 6-phosphate(aq),Staples J.F.; Suarez R.K.; J. Exp. Biol.; 200 1247 (1997).,97STA/SUA_1365,9319107.0, ,310.15,8.0,0.3, ,spectrophotometry,Imidazole (0.025 mol dm-3) and Tris (0.025 mol dm-3),mol/L;Tris=0.025;(Mg)1(Cl)2=0.005;D-glucose 6-phosphate=0.0005;D-fructose 6-phosphate=0  ,5.3.1.9, , , , , 
3990,, ,cyclomaltodextrin glucanotransferase, , ,Gu(aq) = cyclomaltohexaose(aq) + G(u-6)(aq),Tewari Y.B.; Goldberg R.N.; Sato M.; Carbohyd. Res.; 301 11 (1997).,97TEW/GOL_434, , ,329.6,5.55, ,0.0229,HPLC,phosphate, ,2.4.1.19, , , , , 
3991,, ,cyclomaltodextrin glucanotransferase, , ,Gv(aq) = cyclomaltoheptaose(aq) + G(v-7)(aq),Tewari Y.B.; Goldberg R.N.; Sato M.; Carbohyd. Res.; 301 11 (1997).,97TEW/GOL_436, , ,329.6,5.55, ,0.039,HPLC,phosphate, ,2.4.1.19, , , , , 
3992,, ,cyclomaltodextrin glucanotransferase, , ,Gw(aq) = cyclomaltooctaose(aq) + G(w-8)(aq),Tewari Y.B.; Goldberg R.N.; Sato M.; Carbohyd. Res.; 301 11 (1997).,97TEW/GOL_438, , ,329.6,5.55, ,0.0103,HPLC,phosphate, ,2.4.1.19, , , , , 
3993,, ,"cyclomaltodextrin glucanotransferase and glucan 1,4-a-glucosidase", , ,cyclomaltohexaose(aq) + 6 H2O(l) = 6 D-glucose(aq),Tewari Y.B.; Goldberg R.N.; Sato M.; Carbohyd. Res.; 301 11 (1997).,97TEW/GOL_442, , ,298.15,4.58, , ,calorimetry,KH2PO4 (0.10 mol kg-1), ,2.4.1.19, , , , ,-50.85
3994,, ,"a-amylase and glucan 1,4-a-glucosidase", , ,cyclomaltoheptaose(aq) + 7 H2O(l) = 7 D-glucose(aq),Tewari Y.B.; Goldberg R.N.; Sato M.; Carbohyd. Res.; 301 11 (1997).,97TEW/GOL_873, , ,298.15,5.14, , ,calorimetry,KH2PO4 (0.10 mol kg-1), ,3.2.1.1, , , , ,-48.79
3995,, ,"a-amylase and glucan 1,4-a-glucosidase", , ,cyclomaltooctaose(aq) + 8 H2O(l) = 8 D-glucose(aq),Tewari Y.B.; Goldberg R.N.; Sato M.; Carbohyd. Res.; 301 11 (1997).,97TEW/GOL_874, , ,298.15,5.15, , ,calorimetry,KH2PO4 (0.10 mol kg-1), ,3.2.1.1, , , , ,-52.29
3996,4191.0,3715.0,polyamine aminotransferase,kegg:C00041 + kegg:C05665 = kegg:C00022 + kegg:C00986,CHB_16977 + CHB_18090 = CHB_15361 + CHB_15725,"L-alanine(aq) + 3-aminopropionaldehyde(aq) = pyruvate(aq) + 1,3-diaminopropane(aq)",Yorifuji T.; Ishihara T.; Naka T.; Kondo S.; Shimizu E.; J. Biochem. (Tokyo); 122 537 (1997).,97YOR/ISH_540, , ,303.15,9.0,2.9, ,spectrophotometry,Tris (0.1 mol dm-3) + HCl,"mol/L;Tris-HCl=0.1;1,3-diaminopropane=0.005;pyruvate=0.01;L-alanine=0;3-aminopropionaldehyde=0  ",2.6.1.-, , , , , 
3997,4204,4319.0,penicillin amidase,kegg:C06827 + kegg:C00001 = kegg:C02954 + kegg:C03493,CHB_15377 + CHB_2676 = CHB_15695 + CHB_16705,amoxicillin(aq) + H2O(l) = 6-aminopenicillanic acid(aq) + D-4-hydroxyphenylglycine(aq),Diender M.B.; Straathof A.J.J.; van der Wielen L.A.M.; Ras C.; Heijnen J.J.; J. Mol. Catal. B: Enzymatic; 5 249 (1998).,98DIE/STR_1004, , ,298.15,5.0,2.86, ,HPLC,K2HPO4 (0.1 mol dm-3) + NaOH or HCl,mol/L;potassium phosphate buffer=0.1 _ nan _ ,3.5.1.11, , ,, , 
3998,,4317.0,penicillin amidase,kegg:C06827 + kegg:C00001 = kegg:C02954 + kegg:C03493, ,amoxicillin(aq) + H2O(l) = 6-aminopenicillanic acid(aq) + D-4-hydroxyphenylglycine(aq),Diender M.B.; Straathof A.J.J.; van der Wielen L.A.M.; Ras C.; Heijnen J.J.; J. Mol. Catal. B: Enzymatic; 5 249 (1998).,98DIE/STR_1004, , ,298.15,5.6,7.04, ,HPLC,K2HPO4 (0.1 mol dm-3) + NaOH or HCl, ,3.5.1.11, , , , , 
3999,4206,4318.0,penicillin amidase,kegg:C06827 + kegg:C00001 = kegg:C02954 + kegg:C03493,CHB_15377 + CHB_2676 = CHB_15695 + CHB_16705,amoxicillin(aq) + H2O(l) = 6-aminopenicillanic acid(aq) + D-4-hydroxyphenylglycine(aq),Diender M.B.; Straathof A.J.J.; van der Wielen L.A.M.; Ras C.; Heijnen J.J.; J. Mol. Catal. B: Enzymatic; 5 249 (1998).,98DIE/STR_1004, , ,298.15,6.0,17.7, ,HPLC,K2HPO4 (0.1 mol dm-3) + NaOH or HCl,mol/L;potassium phosphate buffer=0.1 _ nan _ ,3.5.1.11, , ,, , 
4000,4207.0, ,chloine kinase, ,CHB_15354 + CHB_15422 = CHB_16761 + CHB_18132,ATP(aq) + choline(aq) = ADP(aq) + O-phosphocholine(aq),Kim K.-H.; Voelker D.R.; Flocco M.T.; Carman G.M.; J. Biol. Chem.; 273 6844 (1998).,98KIM/VOE_559,9506987.0, ,303.15,9.5,0.2, ,radioactivity,glycine (0.067 mol dm-3) + NaOH,mol/L; glycine-NaOH buffer=0.067;choline=0.005;ATP=0.0005;(Mg)1(SO4)1=0.01;DTT=0.0013  ,2.7.1.32, , , , , 
4001,4209.0,2573.0,aspartate transaminase,kegg:C00049 + kegg:C00026 = kegg:C00036 + kegg:C00025,CHB_16810 + CHB_29991 = CHB_16452 + CHB_29985,L-aspartate(aq) + 2-oxoglutarate(aq) = oxaloacetate(aq) + L-glutamate(aq),Kishore N.; Tewari Y. B.; Goldberg R. N.; J. Chem. Thermodyn.; 30 1373 (1998).,98KIS/TEW2_541, , ,283.15,7.0,0.133, ,HPLC,phosphate,mol/kg;IS=0.163  ,2.6.2.1, , ,0.163,0.163, 
4002,4212.0,2577.0,aspartate transaminase,kegg:C00049 + kegg:C00026 = kegg:C00036 + kegg:C00025,CHB_16810 + CHB_29991 = CHB_16452 + CHB_29985,L-aspartate(aq) + 2-oxoglutarate(aq) = oxaloacetate(aq) + L-glutamate(aq),Kishore N.; Tewari Y. B.; Goldberg R. N.; J. Chem. Thermodyn.; 30 1373 (1998).,98KIS/TEW2_541, , ,288.15,7.12,0.144, ,HPLC,phosphate,mol/kg;IS=0.167  ,2.6.2.1, , ,0.167,0.167, 
4003,4210.0,2574.0,aspartate transaminase,kegg:C00049 + kegg:C00026 = kegg:C00036 + kegg:C00025,CHB_16810 + CHB_29991 = CHB_16452 + CHB_29985,L-aspartate(aq) + 2-oxoglutarate(aq) = oxaloacetate(aq) + L-glutamate(aq),Kishore N.; Tewari Y. B.; Goldberg R. N.; J. Chem. Thermodyn.; 30 1373 (1998).,98KIS/TEW2_541, , ,292.65,7.07,0.133, ,HPLC,phosphate,mol/kg;IS=0.165  ,2.6.2.1, , ,0.165,0.165, 
4004,4211.0,2575.0,aspartate transaminase,kegg:C00049 + kegg:C00026 = kegg:C00036 + kegg:C00025,CHB_16810 + CHB_29991 = CHB_16452 + CHB_29985,L-aspartate(aq) + 2-oxoglutarate(aq) = oxaloacetate(aq) + L-glutamate(aq),Kishore N.; Tewari Y. B.; Goldberg R. N.; J. Chem. Thermodyn.; 30 1373 (1998).,98KIS/TEW2_541, , ,298.15,7.13,0.143, ,HPLC,phosphate,mol/kg;IS=0.164  ,2.6.2.1, , ,0.164,0.164, 
4005,4213.0,2576.0,aspartate transaminase,kegg:C00049 + kegg:C00026 = kegg:C00036 + kegg:C00025,CHB_16810 + CHB_29991 = CHB_16452 + CHB_29985,L-aspartate(aq) + 2-oxoglutarate(aq) = oxaloacetate(aq) + L-glutamate(aq),Kishore N.; Tewari Y. B.; Goldberg R. N.; J. Chem. Thermodyn.; 30 1373 (1998).,98KIS/TEW2_541, , ,303.15,6.94,0.145, ,HPLC,phosphate,mol/kg;IS=0.163  ,2.6.2.1, , ,0.163,0.163, 
4006,4208.0,2870.0,tryptophan synthase,kegg:C00463 + kegg:C00118 = kegg:C03506,CHB_16881 + CHB_29052 = CHB_18299,indole(aq) + D-glyceraldehyde 3-phosphate(aq) = 1-(indol-3-yl)glycerol 3-phosphate(aq),Kishore N.; Tewari Y. B.; Akers D.L.; Goldberg R.N.; Miles E.W.; Biophys. Chem.; 73 265 (1998).,98KIS/TEW_1181, , ,298.15,7.54, ,1.2?104,HPLC,phosphate,mol/kg;IS=0.37;indole=0.00095;1-(indol-3-yl)glycerol 3-phosphate= .00098  ,4.2.1.20, , ,0.37,0.37, 
4007,,2871.0,tryptophan synthase,kegg:C00118 + kegg:C00463 = kegg:C03506, ,D-glyceraldehyde 3-phosphate(aq) + indole(aq) = 1-(indol-3-yl)glycerol 3-phosphate(aq),Kishore N.; Tewari Y. B.; Akers D.L.; Goldberg R.N.; Miles E.W.; Biophys. Chem.; 73 265 (1998).,98KIS/TEW_1182, , ,298.15,7.26, , ,calorimetry,phosphate, ,4.2.1.20, , , ,0.37,-46.9
4008,,2872.0,tryptophan synthase,kegg:C00463 + kegg:C00065 = kegg:C00078 + kegg:C00001, ,indole(aq) + L-serine(aq) = L-tryptophan(aq) + H2O(l),Kishore N.; Tewari Y. B.; Akers D.L.; Goldberg R.N.; Miles E.W.; Biophys. Chem.; 73 265 (1998).,98KIS/TEW_1184, , ,298.15,7.01, , ,calorimetry,phosphate, ,4.2.1.20, , , ,0.32,-74.5
4009,,2873.0,tryptophan synthase,kegg:C03506 + kegg:C00065 = kegg:C00078 + kegg:C00118 + kegg:C00001, ,1-(indol-3-yl)glycerol 3-phosphate(aq) + L-serine(aq) = L-tryptophan(aq) + D-glyceraldehyde 3-phosphate(aq) + H2O(l),Kishore N.; Tewari Y. B.; Akers D.L.; Goldberg R.N.; Miles E.W.; Biophys. Chem.; 73 265 (1998).,98KIS/TEW_1186, , ,298.15,7.57, , ,calorimetry,phosphate, ,4.2.1.20, , , ,0.36,-27.8
4010,,2874.0,tryptophan synthase,kegg:C00065 = kegg:C00022 + kegg:C00014, ,L-serine(aq) = pyruvate(aq) + ammonia(aq),Kishore N.; Tewari Y. B.; Akers D.L.; Goldberg R.N.; Miles E.W.; Biophys. Chem.; 73 265 (1998).,98KIS/TEW_1188,9700925.0,10.1016/s0301-4622(98)00151-3,308.15,6.9, , ,calorimetry,phosphate, ,4.2.1.20, , , ,0.39,-12.1
4011,,1269.0,"cyclohexa-1,5-diene-1-carboxyl-CoA (dienoyl-CoA) hydratase",kegg:C06322 + kegg:C00001 = kegg:C06749, ,"cyclohexa-1,5-diene-1-carboxyl-CoA(aq) + H2O(l) = 6-hydroxycyclohex-1-ene-carboxyl-CoA(aq)",Laempe D.; Eisenreich W.; Bacher A.; Fuchs G.; Eur. J. Biochem.; 255 618 (1998).,98LAE/EIS_1204,9738901.0,10.1046/j.1432-1327.1998.2550618.x,310.15,7.4,1, ,HPLC + radioactivity,potassium phosphate (0.1 mol dm-3), ,4.2.1.-, , , , , 
4012,4215.0, ,pancreatic ribonuclease, ,CHB_28181 + CHB_30742 = MAN_10024,guanosine 2':3'-(cyclic)phosphate(aq) + methanol(aq) = guanosine 3'-methylphosphate(aq),Loverix S.; Laus G.; Martins J.C.; Wyns L.; Steyaert J.; Eur. J. Biochem.; 257 286 (1998).,98LOV/LAU_857,9799130.0,10.1046/j.1432-1327.1998.2570286.x,308.15,6.0,0.95, ,mass spectrometry,imidazole (0.0125 mol dm-3),mol/L;IS=0.025;guanosine 2':3'-(cyclic)phosphate=.00001;imidazole=0.0125  ,3.1.27.5, , ,0.025, , 
4013,,4510.0,chorismate lyase,kegg:C00251 = kegg:C00156 + kegg:C00022, ,chorismate(aq) = 4-hydroxybenzoate(aq) + pyruvate(aq),Tewari Y.B.; Chen J.; Holden M.J.; Houk K.N.; Goldberg R.N.; J. Phys. Chem. B; 102 8634 (1998).,98TEW/CHE_1138, , ,298.15,6.98, , ,calorimetry,phosphate, ,4.1.3.-, , , ,0.38,-144.1
4014,4216.0,3588.0,alanine aminotransferase,kegg:C00041 + kegg:C00026 = kegg:C00022 + kegg:C00025,CHB_16810 + CHB_16977 = CHB_15361 + CHB_29985,L-alanine(aq) + 2-oxoglutarate(aq) = pyruvate(aq) + L-glutamate(aq),Tewari Y.B.; Kishore N.; Goldberg R.N.; Luong T. N.; J. Chem. Thermodyn.; 30 777 (1998).,98TEW/KIS_513, , ,298.15,6.6,0.72, ,HPLC,phosphate,mol/L;IS=0.15  ,2.6.1.2, , ,0.15,0.15, 
4015,4217.0,3589.0,alanine aminotransferase,kegg:C00041 + kegg:C00026 = kegg:C00022 + kegg:C00025,CHB_16810 + CHB_16977 = CHB_15361 + CHB_29985,L-alanine(aq) + 2-oxoglutarate(aq) = pyruvate(aq) + L-glutamate(aq),Tewari Y.B.; Kishore N.; Goldberg R.N.; Luong T. N.; J. Chem. Thermodyn.; 30 777 (1998).,98TEW/KIS_513, , ,298.15,7.23,0.78, ,HPLC,phosphate,mol/L;IS=0.19  ,2.6.1.2, , ,0.19,0.19, 
4016,,3595.0,alanine aminotransferase,kegg:C00041 + kegg:C00026 = kegg:C00022 + kegg:C00025, ,L-alanine(aq) + 2-oxoglutarate(aq) = pyruvate(aq) + L-glutamate(aq),Tewari Y.B.; Kishore N.; Goldberg R.N.; Luong T. N.; J. Chem. Thermodyn.; 30 777 (1998).,98TEW/KIS_514, , ,298.15,7.37, , ,calorimetry,phosphate, ,2.6.1.2, , , ,0.34,5.2
4017,4218.0,3594.0,tyrosine aminotransferase,kegg:C00079 + kegg:C00026 = kegg:C00166 + kegg:C00025,CHB_16810 + CHB_17295 = CHB_29985 + CHB_30851,L-phenylalanine(aq) + 2-oxoglutarate(aq) = phenylpyruvate(aq) + L-glutamate(aq),Tewari Y.B.; Kishore N.; Goldberg R.N.; Luong T. N.; J. Chem. Thermodyn.; 30 777 (1998).,98TEW/KIS_515, , ,298.15,7.46,1.024, ,HPLC,phosphate,mol/L;IS=0.32  ,2.6.1.5, , ,0.32,0.32, 
4018,4219.0,3593.0,tyrosine aminotransferase,kegg:C00079 + kegg:C00026 = kegg:C00166 + kegg:C00025,CHB_16810 + CHB_17295 = CHB_29985 + CHB_30851,L-phenylalanine(aq) + 2-oxoglutarate(aq) = phenylpyruvate(aq) + L-glutamate(aq),Tewari Y.B.; Kishore N.; Goldberg R.N.; Luong T. N.; J. Chem. Thermodyn.; 30 777 (1998).,98TEW/KIS_515, , ,298.15,7.57,1.069, ,HPLC,phosphate,mol/L;IS=0.33  ,2.6.1.5, , ,0.33,0.33, 
4019,,3592.0,tyrosine aminotransferase,kegg:C00079 + kegg:C00026 = kegg:C00166 + kegg:C00025, ,L-phenylalanine(aq) + 2-oxoglutarate(aq) = phenylpyruvate(aq) + L-glutamate(aq),Tewari Y.B.; Kishore N.; Goldberg R.N.; Luong T. N.; J. Chem. Thermodyn.; 30 777 (1998).,98TEW/KIS_516, , ,298.15,7.3, , ,calorimetry,phosphate, ,2.6.1.5, , , ,0.34,8.3
4020,4221.0,3591.0,tyrosine aminotransferase,kegg:C00082 + kegg:C00026 = kegg:C01179 + kegg:C00025,CHB_16810 + CHB_17895 = CHB_29985 + CHB_36242,L-tyrosine(aq) + 2-oxoglutarate(aq) = 4-hydroxyphenylpyruvate(aq) + L-glutamate(aq),Tewari Y.B.; Kishore N.; Goldberg R.N.; Luong T. N.; J. Chem. Thermodyn.; 30 777 (1998).,98TEW/KIS_517, , ,298.15,7.45,0.88, ,HPLC,phosphate,mol/L;IS=0.32  ,2.6.1.5, , ,0.32,0.32, 
4021,4220.0,3590.0,tyrosine aminotransferase,kegg:C00082 + kegg:C00026 = kegg:C01179 + kegg:C00025,CHB_16810 + CHB_17895 = CHB_29985 + CHB_36242,L-tyrosine(aq) + 2-oxoglutarate(aq) = 4-hydroxyphenylpyruvate(aq) + L-glutamate(aq),Tewari Y.B.; Kishore N.; Goldberg R.N.; Luong T. N.; J. Chem. Thermodyn.; 30 777 (1998).,98TEW/KIS_517, , ,298.15,7.74,0.876, ,HPLC,phosphate,mol/L;IS=0.33  ,2.6.1.5, , ,0.33,0.33, 
4022,,3596.0,tyrosine aminotransferase,kegg:C00082 + kegg:C00026 = kegg:C01179 + kegg:C00025, ,L-tyrosine(aq) + 2-oxoglutarate(aq) = 4-hydroxyphenylpyruvate(aq) + L-glutamate(aq),Tewari Y.B.; Kishore N.; Goldberg R.N.; Luong T. N.; J. Chem. Thermodyn.; 30 777 (1998).,98TEW/KIS_518, , ,298.15,7.64, , ,calorimetry,phosphate, ,2.6.1.5, , , ,0.34,8.4
4023,, ,triacylglycerol lipase, , ,dodecyldodecanoate(sln) + H2O(sln) = 1-dodecanol(sln) + 1-dodecanoic acid(sln),Tewari Y.B.; J. Chem. Eng. Data; 43 750 (1998).,98TEW_727, , ,298.15, ,0.0368, ,HPLC GC and Karl Fischer analysis, ,224-trimethylpentane,3.1.1.3, , , , , 
4024,, ,triacylglycerol lipase, , ,dodecyldodecanoate(sln) + H2O(sln) = 1-dodecanol(sln) + 1-dodecanoic acid(sln),Tewari Y.B.; J. Chem. Eng. Data; 43 750 (1998).,98TEW_727, , ,298.15, ,0.0429, ,HPLC GC and Karl Fischer analysis, ,cyclohexane,3.1.1.3, , , , , 
4025,, ,triacylglycerol lipase, , ,dodecyldodecanoate(sln) + H2O(sln) = 1-dodecanol(sln) + 1-dodecanoic acid(sln),Tewari Y.B.; J. Chem. Eng. Data; 43 750 (1998).,98TEW_727, , ,298.15, ,0.0283, ,HPLC GC and Karl Fischer analysis, ,heptane,3.1.1.3, , , , , 
4026,, ,triacylglycerol lipase, , ,dodecyldodecanoate(sln) + H2O(sln) = 1-dodecanol(sln) + 1-dodecanoic acid(sln),Tewari Y.B.; J. Chem. Eng. Data; 43 750 (1998).,98TEW_727, , ,298.15, ,0.0253, ,HPLC GC and Karl Fischer analysis, ,hexane,3.1.1.3, , , , , 
4027,, ,triacylglycerol lipase, , ,dodecyldodecanoate(sln) + H2O(sln) = 1-dodecanol(sln) + 1-dodecanoic acid(sln),Tewari Y.B.; J. Chem. Eng. Data; 43 750 (1998).,98TEW_727, , ,298.15, ,0.0559, ,HPLC GC and Karl Fischer analysis, ,toluene,3.1.1.3, , , , , 
4028,4222.0, ,dihydrooratate dehydrogenase, ,CHB_30863 + CHB_30864 = CHB_30839 + MAN_10148,(S)-dihydroorotate(aq) + oxonic acid(aq) = orotate(aq) + dihydroxonic acid(aq),Thompson J.E.; Jordan D.B.; Anal. Biochem.; 256 7 (1998).,98THO/JOR_267,9466792.0,10.1006/abio.1997.2490,298.15,7.0,0.04, ,spectrophotometry,sodium phosphate (0.1 mol dm-3),mol/L;sodium phosphate buffer=0.1  ,1.3.99.11, , , , , 
4029,,269.0,_-fructofuranosidase,kegg:C00089 + kegg:C00001 = kegg:C00031 + kegg:C00095, ,sucrose(aq) + H2O(l) = D-glucose(aq) + D-fructose(aq),H|ttl R.; Oehlschldger K.; Wolf G.; Thermochim. Acta; 325 1 (1999).,99HUT/OEH_944, , ,298.15,4.6, , ,calorimetry,acetate (0.05 mol dm-3), ,3.2.1.26, , , , ,-15.5
4030,,2229.0,prephenate dehydratase,kegg:C00254 = kegg:C00166 + kegg:C00001 + kegg:C00288, ,prephenate(aq) = phenylpyruvate(aq) + H2O(l) + carbon dioxide(aq),Kishore N.; Holden M.J.; Tewari Y.B.; Goldberg R.N.;  J. Chem. Thermodyn.; 31 211 (1999).,99KIS/HOL_1199, , ,298.15,7.17, , ,calorimetry,phosphate, ,4.2.1.51, , , ,0.35,-127
4031,,519.0,prephenate dehydrogenase,kegg:C00254 + kegg:C00003 = kegg:C01179 + kegg:C00004 + kegg:C00288, ,prephenate(aq) + NAD(aq) = 4-hydroxyphenylpyruvate(aq) + NADH(aq) + carbon dioxide(aq),Kishore N.; Holden M.J.; Tewari Y.B.; Goldberg R.N.;  J. Chem. Thermodyn.; 31 211 (1999).,99KIS/HOL_262, , ,298.15,6.98, , ,calorimetry,phosphate, ,1.3.1.12, , , ,0.32,-79
4032,,3772.0,asparaginase,kegg:C00152 + kegg:C00001 = kegg:C00049 + kegg:C00014, ,L-asparagine(aq) + H2O(l) = L-aspartate(aq) + ammonia(aq),"Kishore N.; Tewari Y.B.; Goldberg R. N.; ""A thermodynamic study of the hydrolysis of L-glutamine to (L-glutamate + ammonia) and of L-asparagine to (L-aspartate + ammonia)""; J. Chem. Thermodyn.; in press.",99KIS/TEW_988, , ,298.15,7.03, , ,calorimetry,phosphate, ,3.5.1.1, , , ,0.27,-25.63
4033,,3477.0,glutaminase,kegg:C00064 + kegg:C00001 = kegg:C00025 + kegg:C00014, ,L-glutamine(aq) + H2O(l) = L-glutamate(aq) + ammonia(aq),"Kishore N.; Tewari Y.B.; Goldberg R. N.; ""A thermodynamic study of the hydrolysis of L-glutamine to (L-glutamate + ammonia) and of L-asparagine to (L-aspartate + ammonia)""; J. Chem. Thermodyn.; in press.",99KIS/TEW_992, , ,298.15,5.14, , ,calorimetry,phosphate, ,3.5.1.2, , , ,0.11,-24.39
4034,, ,triacylglycerol lipase, , ,1-dodecanoic acid(sln) + (-)-menthol(sln) = (-)-menthyl dodecanoate(sln) + H2O(sln),Tewari Y.B.; Schantz M.M.; Vanderah D.J.; J. Chem. Eng. Data 44 641 (1999).,99TEW/SCH_723, , ,298.15, ,16.2, ,GC and Karl Fischer, ,224-trimethylpentane,3.1.1.3, , , , , 
4035,, ,triacylglycerol lipase, , ,1-dodecanoic acid(sln) + (-)-menthol(sln) = (-)-menthyl dodecanoate(sln) + H2O(sln),Tewari Y.B.; Schantz M.M.; Vanderah D.J.; J. Chem. Eng. Data 44 641 (1999).,99TEW/SCH_723, , ,298.15, ,5.8, ,GC and Karl Fischer, ,2-methyl-2-butanol,3.1.1.3, , , , , 
4036,, ,triacylglycerol lipase, , ,1-dodecanoic acid(sln) + (-)-menthol(sln) = (-)-menthyl dodecanoate(sln) + H2O(sln),Tewari Y.B.; Schantz M.M.; Vanderah D.J.; J. Chem. Eng. Data 44 641 (1999).,99TEW/SCH_723, , ,298.15, ,3.23, ,GC and Karl Fischer, ,acetonitrile,3.1.1.3, , , , , 
4037,, ,triacylglycerol lipase, , ,1-dodecanoic acid(sln) + (-)-menthol(sln) = (-)-menthyl dodecanoate(sln) + H2O(sln),Tewari Y.B.; Schantz M.M.; Vanderah D.J.; J. Chem. Eng. Data 44 641 (1999).,99TEW/SCH_723, , ,298.15, ,23.7, ,GC and Karl Fischer, ,cyclohexane,3.1.1.3, , , , , 
4038,, ,triacylglycerol lipase, , ,1-dodecanoic acid(sln) + (-)-menthol(sln) = (-)-menthyl dodecanoate(sln) + H2O(sln),Tewari Y.B.; Schantz M.M.; Vanderah D.J.; J. Chem. Eng. Data 44 641 (1999).,99TEW/SCH_723, , ,298.15, ,21.7, ,GC and Karl Fischer, ,n-heptane,3.1.1.3, , , , , 
4039,, ,triacylglycerol lipase, , ,1-dodecanoic acid(sln) + (-)-menthol(sln) = (-)-menthyl dodecanoate(sln) + H2O(sln),Tewari Y.B.; Schantz M.M.; Vanderah D.J.; J. Chem. Eng. Data 44 641 (1999).,99TEW/SCH_723, , ,298.15, ,6.5, ,GC and Karl Fischer, ,n-hexane,3.1.1.3, , , , , 
4040,, ,triacylglycerol lipase, , ,1-dodecanoic acid(sln) + (-)-menthol(sln) = (-)-menthyl dodecanoate(sln) + H2O(sln),Tewari Y.B.; Schantz M.M.; Vanderah D.J.; J. Chem. Eng. Data 44 641 (1999).,99TEW/SCH_723, , ,298.15, ,12, ,GC and Karl Fischer, ,toluene,3.1.1.3, , , , , 
4041,,0.0,homoisocitrate dehydrogenase,kegg:C05662 + kegg:C00003 = kegg:C00322 + kegg:C00288 + kegg:C00004, ,"(1R,2S)-1-hydroxybutane-1,2,4-tricarboxylate(aq) + NAD(ox) = 2-oxoadipate(aq) + carbon dioxide(aq) + NAD(red)", ,07LIN/ALG, , ,298.15,7.5,0.45, ,spectrophotometry, , ,1.1.1.87, , , , , 
4042,,77.0,#NAME,kegg:C00089 + kegg:C00001 = kegg:C00031 + kegg:C00095, ,sucrose(aq) + H2O(l) = D-glucose(aq) + D-fructose(aq), ,99HUT/OEH, , ,298.15,4.6, , ,calorimetry, , ,3.2.1.26, , , , , 
4043,123.0,123.0,glucose-6-phosphate isomerase,kegg:C00092 = kegg:C00085,CHB_4170 = CHB_61553,D-glucose 6-phosphate(aq) = D-fructose 6-phosphate(aq), ,04STO/SCH, , ,298.15,8.0, , ,calorimetriy, ,1.0 = -log[Mg+2] _ mol/L;Tris=0.1;(Mg)1(Cl)2=0.01;D-glucose 6-phosphate=0.0079;D-fructose 6-phosphate=0 _ MgCl2 (0.1 mol/L) _ ,5.3.1.9, , , , , 
4044,,124.0,glucose-6-phosphate isomerase,kegg:C00092 = kegg:C00085, ,D-glucose 6-phosphate(aq) = D-fructose 6-phosphate(aq), ,04STO/SCH, , ,303.4,8.0, , ,calorimetriy, ,1.0 = -log[Mg+2],5.3.1.9, , , , , 
4045,,125.0,glucose-6-phosphate isomerase,kegg:C00092 = kegg:C00085, ,D-glucose 6-phosphate(aq) = D-fructose 6-phosphate(aq), ,04STO/SCH, , ,311.5,8.0, , ,calorimetriy, ,1.0 = -log[Mg+2],5.3.1.9, , , , , 
4046,,126.0,glucose-6-phosphate isomerase,kegg:C00092 = kegg:C00085, ,D-glucose 6-phosphate(aq) = D-fructose 6-phosphate(aq), ,04STO/SCH, , ,298.4,8.0, , ,calorimetriy, ,1.0 = -log[Mg+2],5.3.1.9, , , , , 
4047,122.0,127.0,glucose-6-phosphate isomerase,kegg:C00092 = kegg:C00085,CHB_4170 = CHB_61553,D-glucose 6-phosphate(aq) = D-fructose 6-phosphate(aq), ,04STO/SCH, , ,293.4,8.0, , ,calorimetriy, ,1.0 = -log[Mg+2] _ mol/L;Tris=0.1;(Mg)1(Cl)2=0.01;D-glucose 6-phosphate=0.0079;D-fructose 6-phosphate=0 _ MgCl2 (0.1 mol/L) _ ,5.3.1.9, , , , , 
4048,,128.0,glucose-6-phosphate isomerase,kegg:C00092 = kegg:C00085, ,D-glucose 6-phosphate(aq) = D-fructose 6-phosphate(aq), ,04STO/SCH, , ,293.4,8.0,0.307, ,calorimetriy, ,1.0 = -log[Mg+2],5.3.1.9, , , , , 
4049,,129.0,glucose-6-phosphate isomerase,kegg:C00092 = kegg:C00085, ,D-glucose 6-phosphate(aq) = D-fructose 6-phosphate(aq), ,04STO/SCH, , ,298.4,8.0,0.395, ,calorimetriy, ,1.0 = -log[Mg+2],5.3.1.9, , , , , 
4050,,149.0,ribulose-bisphosphate carboxylase,kegg:C01182 + kegg:C00007 = kegg:C00197, ,"D-ribulose 1,5-bisphosphate(aq) + O2(aq) = 3-phospho-D-glycerate(aq)", ,00FRA/KOS, , ,298.15,8.0, , ,calorimetry, , ,4.1.1.39, , , , , 
4051,,150.0,ribulose-bisphosphate carboxylase,kegg:C01182 + kegg:C00288 = 2 kegg:C00197, ,"D-ribulose 1,5-bisphosphate(aq) + carbon dioxide(aq) = 2 3-phospho-D-glycerate(aq)", ,00FRA/KOS, , ,298.15,8.0, , ,calorimetry, , ,4.1.1.39, , , , , 
4052,3864.0,156.0,orotate phosphoribosyltransferase,kegg:C01103 + kegg:C00013 = kegg:C00295 + kegg:C00119,CHB_15842 + CHB_18361 = CHB_17111 + CHB_30839,orotidine 5 '-phosphate(aq) + pyrophosphate(aq) = orotate(aq) + 5-phospho--D-ribose 1-diphosphate(aq), ,90BHA/VIN, , ,303.15,8.0,9.3, ,radioactivity, ,mol/L;Tris-HCl=0.075;(Mg)1(Cl)2=0.006  ,2.4.2.10, , , , , 
4053,1616.0,185.0,creatine kinase,kegg:C00002 + kegg:C00300 = kegg:C00008 + kegg:C02305,CHB_15422 + CHB_16919 = CHB_16761 + CHB_17287,ATP(aq) + creatine(aq) = ADP(aq) + phosphocreatine(aq), ,67MOR/WHI, , ,303.15,8.0,0.407, ,chromatography, ,3.0 = -log[Mg+2] _   _ MgCl2 (0.001 mol/L) _ ,2.7.3.2, , , , , 
4054,1612.0,186.0,creatine kinase,kegg:C00002 + kegg:C00300 = kegg:C00008 + kegg:C02305,CHB_15422 + CHB_16919 = CHB_16761 + CHB_17287,ATP(aq) + creatine(aq) = ADP(aq) + phosphocreatine(aq), ,67MOR/WHI, , ,303.15,8.0,0.079, ,chromatography, ,2.3 = -log[Mg+2] _   _ MgCl2 (0.005 mol/L) _ ,2.7.3.2, , , , , 
4055,1607.0,187.0,creatine kinase,kegg:C00002 + kegg:C00300 = kegg:C00008 + kegg:C02305,CHB_15422 + CHB_16919 = CHB_16761 + CHB_17287,ATP(aq) + creatine(aq) = ADP(aq) + phosphocreatine(aq), ,67MOR/WHI, , ,303.15,8.0,0.043, ,chromatography, ,2.15 = -log[Mg+2] _   _ MgCl2 (0.01 mol/L) _ ,2.7.3.2, , , , , 
4056,1608.0,188.0,creatine kinase,kegg:C00002 + kegg:C00300 = kegg:C00008 + kegg:C02305,CHB_15422 + CHB_16919 = CHB_16761 + CHB_17287,ATP(aq) + creatine(aq) = ADP(aq) + phosphocreatine(aq), ,67MOR/WHI, , ,303.15,8.0,0.043, ,chromatography, ,2.0 = -log[Mg+2] _   _ MgCl2 (0.009 mol/L) _ ,2.7.3.2, , , , , 
4057,1617.0,189.0,creatine kinase,kegg:C00002 + kegg:C00300 = kegg:C00008 + kegg:C02305,CHB_15422 + CHB_16919 = CHB_16761 + CHB_17287,ATP(aq) + creatine(aq) = ADP(aq) + phosphocreatine(aq), ,67MOR/WHI, , ,303.15,8.0,0.4, ,chromatography, ,  _ CaCl2 (0.001 mol/L) _ ,2.7.3.2, , , , , 
4058,1619.0,190.0,creatine kinase,kegg:C00002 + kegg:C00300 = kegg:C00008 + kegg:C02305,CHB_15422 + CHB_16919 = CHB_16761 + CHB_17287,ATP(aq) + creatine(aq) = ADP(aq) + phosphocreatine(aq), ,67MOR/WHI, , ,303.15,8.0,0.196, ,chromatography, ,  _ CaCl2 (0.003 mol/L) _ ,2.7.3.2, , , , , 
4059,1621.0,191.0,creatine kinase,kegg:C00002 + kegg:C00300 = kegg:C00008 + kegg:C02305,CHB_15422 + CHB_16919 = CHB_16761 + CHB_17287,ATP(aq) + creatine(aq) = ADP(aq) + phosphocreatine(aq), ,67MOR/WHI, , ,303.15,8.0,0.096, ,chromatography, ,  _ CaCl2 (0.005 mol/L) _ ,2.7.3.2, , , , , 
4060,1622.0,192.0,creatine kinase,kegg:C00002 + kegg:C00300 = kegg:C00008 + kegg:C02305,CHB_15422 + CHB_16919 = CHB_16761 + CHB_17287,ATP(aq) + creatine(aq) = ADP(aq) + phosphocreatine(aq), ,67MOR/WHI, , ,303.15,8.0,0.083, ,chromatography, ,  _ CaCl2 (0.006 mol/L) _ ,2.7.3.2, , , , , 
4061,1623.0,193.0,creatine kinase,kegg:C00002 + kegg:C00300 = kegg:C00008 + kegg:C02305,CHB_15422 + CHB_16919 = CHB_16761 + CHB_17287,ATP(aq) + creatine(aq) = ADP(aq) + phosphocreatine(aq), ,67MOR/WHI, , ,303.15,8.0,0.071, ,chromatography, ,  _ CaCl2 (0.007 mol/L) _ ,2.7.3.2, , , , , 
4062,1625.0,194.0,creatine kinase,kegg:C00002 + kegg:C00300 = kegg:C00008 + kegg:C02305,CHB_15422 + CHB_16919 = CHB_16761 + CHB_17287,ATP(aq) + creatine(aq) = ADP(aq) + phosphocreatine(aq), ,67MOR/WHI, , ,303.15,8.0,0.05, ,chromatography, ,  _ CaCl2 (0.009 mol/L) _ ,2.7.3.2, , , , , 
4063,1626.0,195.0,creatine kinase,kegg:C00002 + kegg:C00300 = kegg:C00008 + kegg:C02305,CHB_15422 + CHB_16919 = CHB_16761 + CHB_17287,ATP(aq) + creatine(aq) = ADP(aq) + phosphocreatine(aq), ,67MOR/WHI, , ,303.15,8.0,0.05, ,chromatography, ,  _ CaCl2 (0.01 mol/L) _ ,2.7.3.2, , , , , 
4064,1628.0,196.0,creatine kinase,kegg:C00002 + kegg:C00300 = kegg:C00008 + kegg:C02305,CHB_15422 + CHB_16919 = CHB_16761 + CHB_17287,ATP(aq) + creatine(aq) = ADP(aq) + phosphocreatine(aq), ,67MOR/WHI, , ,303.15,8.0,0.271, ,chromatography, ,  _ MnCl2 (0.002 mol/L) _ ,2.7.3.2, , , , , 
4065,1632.0,197.0,creatine kinase,kegg:C00002 + kegg:C00300 = kegg:C00008 + kegg:C02305,CHB_15422 + CHB_16919 = CHB_16761 + CHB_17287,ATP(aq) + creatine(aq) = ADP(aq) + phosphocreatine(aq), ,67MOR/WHI, , ,303.15,8.0,0.059, ,chromatography, ,  _ MnCl2 (0.006 mol/L) _ ,2.7.3.2, , , , , 
4066,1634.0,198.0,creatine kinase,kegg:C00002 + kegg:C00300 = kegg:C00008 + kegg:C02305,CHB_15422 + CHB_16919 = CHB_16761 + CHB_17287,ATP(aq) + creatine(aq) = ADP(aq) + phosphocreatine(aq), ,67MOR/WHI, , ,303.15,8.0,0.053, ,chromatography, ,  _ MnCl2 (0.008 mol/L) _ ,2.7.3.2, , , , , 
4067,1613.0,199.0,creatine kinase,kegg:C00002 + kegg:C00300 = kegg:C00008 + kegg:C02305,CHB_15422 + CHB_16919 = CHB_16761 + CHB_17287,ATP(aq) + creatine(aq) = ADP(aq) + phosphocreatine(aq), ,67MOR/WHI, , ,303.15,8.0,0.136, ,chromatography, ,2.4 = -log[Mg+2] _   _ MgCl2 (0.004 mol/L) _ ,2.7.3.2, , , , , 
4068,1633.0,200.0,creatine kinase,kegg:C00002 + kegg:C00300 = kegg:C00008 + kegg:C02305,CHB_15422 + CHB_16919 = CHB_16761 + CHB_17287,ATP(aq) + creatine(aq) = ADP(aq) + phosphocreatine(aq), ,67MOR/WHI, , ,303.15,8.0,0.05, ,chromatography, ,  _ MnCl2 (0.007 mol/L) _ ,2.7.3.2, , , , , 
4069,1614.0,201.0,creatine kinase,kegg:C00002 + kegg:C00300 = kegg:C00008 + kegg:C02305,CHB_15422 + CHB_16919 = CHB_16761 + CHB_17287,ATP(aq) + creatine(aq) = ADP(aq) + phosphocreatine(aq), ,67MOR/WHI, , ,303.15,8.0,0.186, ,chromatography, ,2.52 = -log[Mg+2] _   _ MgCl2 (0.003 mol/L) _ ,2.7.3.2, , , , , 
4070,1618.0,202.0,creatine kinase,kegg:C00002 + kegg:C00300 = kegg:C00008 + kegg:C02305,CHB_15422 + CHB_16919 = CHB_16761 + CHB_17287,ATP(aq) + creatine(aq) = ADP(aq) + phosphocreatine(aq), ,67MOR/WHI, , ,303.15,8.0,0.284, ,chromatography, ,  _ CaCl2 (0.002 mol/L) _ ,2.7.3.2, , , , , 
4071,1624.0,203.0,creatine kinase,kegg:C00002 + kegg:C00300 = kegg:C00008 + kegg:C02305,CHB_15422 + CHB_16919 = CHB_16761 + CHB_17287,ATP(aq) + creatine(aq) = ADP(aq) + phosphocreatine(aq), ,67MOR/WHI, , ,303.15,8.0,0.06, ,chromatography, ,  _ CaCl2 (0.008 mol/L) _ ,2.7.3.2, , , , , 
4072,1611.0,204.0,creatine kinase,kegg:C00002 + kegg:C00300 = kegg:C00008 + kegg:C02305,CHB_15422 + CHB_16919 = CHB_16761 + CHB_17287,ATP(aq) + creatine(aq) = ADP(aq) + phosphocreatine(aq), ,67MOR/WHI, , ,303.15,8.0,0.054, ,chromatography, ,2.22 = -log[Mg+2] _   _ MgCl2 (0.006 mol/L) _ ,2.7.3.2, , , , , 
4073,1635.0,205.0,creatine kinase,kegg:C00002 + kegg:C00300 = kegg:C00008 + kegg:C02305,CHB_15422 + CHB_16919 = CHB_16761 + CHB_17287,ATP(aq) + creatine(aq) = ADP(aq) + phosphocreatine(aq), ,67MOR/WHI, , ,303.15,8.0,0.039, ,chromatography, ,  _ MnCl2 (0.009 mol/L) _ ,2.7.3.2, , , , , 
4074,1636.0,206.0,creatine kinase,kegg:C00002 + kegg:C00300 = kegg:C00008 + kegg:C02305,CHB_15422 + CHB_16919 = CHB_16761 + CHB_17287,ATP(aq) + creatine(aq) = ADP(aq) + phosphocreatine(aq), ,67MOR/WHI, , ,303.15,8.0,0.039, ,chromatography, ,  _ MnCl2 (0.01 mol/L) _ ,2.7.3.2, , , , , 
4075,1609.0,207.0,creatine kinase,kegg:C00002 + kegg:C00300 = kegg:C00008 + kegg:C02305,CHB_15422 + CHB_16919 = CHB_16761 + CHB_17287,ATP(aq) + creatine(aq) = ADP(aq) + phosphocreatine(aq), ,67MOR/WHI, , ,303.15,8.0,0.043, ,chromatography, ,2.1 = -log[Mg+2] _   _ MgCl2 (0.008 mol/L) _ ,2.7.3.2, , , , , 
4076,1627.0,208.0,creatine kinase,kegg:C00002 + kegg:C00300 = kegg:C00008 + kegg:C02305,CHB_15422 + CHB_16919 = CHB_16761 + CHB_17287,ATP(aq) + creatine(aq) = ADP(aq) + phosphocreatine(aq), ,67MOR/WHI, , ,303.15,8.0,0.379, ,chromatography, ,  _ MnCl2 (0.001 mol/L) _ ,2.7.3.2, , , , , 
4077,1630.0,209.0,creatine kinase,kegg:C00002 + kegg:C00300 = kegg:C00008 + kegg:C02305,CHB_15422 + CHB_16919 = CHB_16761 + CHB_17287,ATP(aq) + creatine(aq) = ADP(aq) + phosphocreatine(aq), ,67MOR/WHI, , ,303.15,8.0,0.105, ,chromatography, ,  _ MnCl2 (0.004 mol/L) _ ,2.7.3.2, , , , , 
4078,1620.0,210.0,creatine kinase,kegg:C00002 + kegg:C00300 = kegg:C00008 + kegg:C02305,CHB_15422 + CHB_16919 = CHB_16761 + CHB_17287,ATP(aq) + creatine(aq) = ADP(aq) + phosphocreatine(aq), ,67MOR/WHI, , ,303.15,8.0,0.154, ,chromatography, ,  _ CaCl2 (0.004 mol/L) _ ,2.7.3.2, , , , , 
4079,1631.0,211.0,creatine kinase,kegg:C00002 + kegg:C00300 = kegg:C00008 + kegg:C02305,CHB_15422 + CHB_16919 = CHB_16761 + CHB_17287,ATP(aq) + creatine(aq) = ADP(aq) + phosphocreatine(aq), ,67MOR/WHI, , ,303.15,8.0,0.091, ,chromatography, ,  _ MnCl2 (0.005 mol/L) _ ,2.7.3.2, , , , , 
4080,1615.0,212.0,creatine kinase,kegg:C00002 + kegg:C00300 = kegg:C00008 + kegg:C02305,CHB_15422 + CHB_16919 = CHB_16761 + CHB_17287,ATP(aq) + creatine(aq) = ADP(aq) + phosphocreatine(aq), ,67MOR/WHI, , ,303.15,8.0,0.3, ,chromatography, ,2.7 = -log[Mg+2] _   _ MgCl2 (0.002 mol/L) _ ,2.7.3.2, , , , , 
4081,1629.0,213.0,creatine kinase,kegg:C00002 + kegg:C00300 = kegg:C00008 + kegg:C02305,CHB_15422 + CHB_16919 = CHB_16761 + CHB_17287,ATP(aq) + creatine(aq) = ADP(aq) + phosphocreatine(aq), ,67MOR/WHI, , ,303.15,8.0,0.209, ,chromatography, ,  _ MnCl2 (0.003 mol/L) _ ,2.7.3.2, , , , , 
4082,1610.0,214.0,creatine kinase,kegg:C00002 + kegg:C00300 = kegg:C00008 + kegg:C02305,CHB_15422 + CHB_16919 = CHB_16761 + CHB_17287,ATP(aq) + creatine(aq) = ADP(aq) + phosphocreatine(aq), ,67MOR/WHI, , ,303.15,8.0,0.043, ,chromatography, ,2.05 = -log[Mg+2] _   _ MgCl2 (0.007 mol/L) _ ,2.7.3.2, , , , , 
4083,,215.0,creatine kinase,kegg:C00002 + kegg:C00300 = kegg:C00008 + kegg:C02305, ,ATP(aq) + creatine(aq) = ADP(aq) + phosphocreatine(aq), ,67MOR/WHI, , ,303.15,8.0,0.039, ,chromatography, , ,2.7.3.2, , , , , 
4084,,226.0,glutathione reductase (NADPH),2 kegg:C00051 + kegg:C00006 = kegg:C00127 + kegg:C00005, ,2 glutathoine(red)(aq) + NADP(ox)(aq) = glutathoine(ox)(aq) + NADP(red)(aq), ,03TEW/GOL, , ,298.15,7.41, , ,chromatography and calorimetry, , ,1.6.4.2, , ,0.35,0.35, 
4085,,256.0,isocitrate lyase,kegg:C00311 = kegg:C00042 + kegg:C00048, ,isocitrate(aq) = succinate(aq) + glyoxylate(aq), ,03RAN/VAN, , ,295.65,7.0,0.001, ,spectophotometry, , ,4.1.3.1, , , , , 
4086,,257.0,orotidine-5 '-phosphate decarboxylase,kegg:C01103 = kegg:C00105 + kegg:C00288, ,orotidine 5 '-phosphate(aq) = UMP(aq) + carbon dioxide(aq), ,06POD/BEL, , ,328.15,7.5, , ,calorimetry, , ,4.1.1.23, , , , , 
4087,4111.0,266.0,methylenetetrahydrofolate dehydrogenase (NADP+),kegg:C00143 + kegg:C00006 = kegg:C00234 + kegg:C00005,CHB_15377 + CHB_18009 + CHB_1989 = CHB_15637 + CHB_16474,"5,10-methylenetetrahydrofolate(aq) + NADP(ox)(aq) = 10-formyltetrahydrofolate(aq) + NADP(red)(aq)", ,95PEL/MAC, , ,303.15,7.3,16.0, ,spectrophotometry and enzymatic assay, ,mol/L;potassium phosphate buffer=0.025;2-mercaptoethanol=0.035;formaldehyde=0.0025  ,1.5.1.5, , , , , 
4088,3502.0,281.0,4-aminobutyrate aminotransferase,kegg:C00334 + kegg:C00026 = kegg:C00232 + kegg:C00025,CHB_16810 + CHB_30566 = CHB_29985 + CHB_57706,4-aminobutanoate(aq) + 2-oxoglutarate(aq) = 4-oxobutanoate(aq) + L-glutamate(aq), ,85VAN/SCH, , ,295.15,8.5,0.04, ,chromatography and spectrophotometry, ,mol/L;Tris-HCl=0.05  ,2.6.1.19, , , , , 
4089,,284.0,"glucan 1,4--glucosidase",kegg:C00713 + 2 kegg:C00001 = 3 kegg:C00031, ,panose(aq) + 2 H2O(l) = 3 D-glucose(aq), ,65TAK/YOS, , ,298.15,4.5, , ,calorimetry, , ,3.2.1.3, , , , , 
4090,,397.0,nitrilase,kegg:C02938 + 2 kegg:C00001 = kegg:C00954 + kegg:C00014, ,3-indoleacetonitrile(aq) + 2 H2O(l) = indole-3-acetic acid(aq) + ammonia(aq), ,05TEW/GOL, , ,298.15,7.51, , ,calorimetry, , ,3.5.5.1, , ,0.29,0.29, 
4091,3640.0,398.0,phosphoglycerate mutase,kegg:C00631 = kegg:C00197,CHB_17835 = CHB_17794,2-phospho-D-glycerate(aq) = 3-phospho-D-glycerate(aq), ,88GAU, , ,298.15,7.4,2.8, ,spectrophotometry, ,mol/L;triethanolamine=0.05  ,5.4.2.1, , , , , 
4092,3610,421.0,dihydrofolate reductase,kegg:C00101 + kegg:C00006 = kegg:C00415 + kegg:C00005,CHB_15635 + CHB_18009 = CHB_15633 + CHB_16474,"5,6,7,8-tetrahydrofolate(aq) + NADP(ox)(aq) = 7,8-dihydrofolate(aq) + NADP(red)(aq)", ,87FIE/JOH, , ,298.15,9.8,0.049, ,spectrophotometric, ,mol/L;MES=0.05;Tris=0.025;ethanolamine=0.025;(Na)1(Cl)1=0.1 _ nan _ ,1.5.1.3, , ,, , 
4093,3642.0,505.0,pyridoxine 4-dehydrogenase,kegg:C00314 + kegg:C00006 = kegg:C00250 + kegg:C00005,CHB_16709 + CHB_18009 = CHB_16474 + CHB_17310,pyridoxine(aq) + NADP(ox)(aq) = pyridoxal(aq) + NADP(red)(aq), ,88GUI/SNE, , ,298.15,9.0,0.0071, ,spectrophotometry, ,mol/L;citrate buffer=0.06;Tris-HCl=0.06  ,1.1.1.65, , , , , 
4094,3641.0,506.0,pyridoxine 4-dehydrogenase,kegg:C00314 + kegg:C00006 = kegg:C00250 + kegg:C00005,CHB_16709 + CHB_18009 = CHB_16474 + CHB_17310,pyridoxine(aq) + NADP(ox)(aq) = pyridoxal(aq) + NADP(red)(aq), ,88GUI/SNE, , ,298.15,6.0,3.9e-06, ,spectrophotometry, ,mol/L;citrate buffer=0.06;Tris-HCl=0.06  ,1.1.1.65, , , , , 
4095,,552.0,inorganic pyrophosphatase,kegg:C00013 + kegg:C00001 = 2 kegg:C00009, ,pyrophosphate(aq) + H2O(l) = 2 orthophosphate(aq), ,04DAS/BOM, , ,303.15,7.5, , ,calorimetry, , ,3.6.1.1, , , , , 
4096,,553.0,inorganic pyrophosphatase,kegg:C00013 + kegg:C00001 = 2 kegg:C00009, ,pyrophosphate(aq) + H2O(l) = 2 orthophosphate(aq), ,04DAS/BOM, , ,303.15,7.5, , ,calorimetry, , ,3.6.1.1, , , , , 
4097,,561.0,isoleucine-tRNA ligase,kegg:C00002 + kegg:C00407 + kegg:C01644 = kegg:C00020 + kegg:C00013 + kegg:C03127, ,ATP(aq) + L-isoleusine(aq) + tRNA-Ile(aq) = AMP(aq) + pyrophosphate(aq) + L-isoleucyl-tRNA-Ile(aq), ,06AIR2, , ,303.15,7.4,0.61, ,radioactivity, ,2.82 = -log[Mg+2],6.1.1.5, , , , , 
4098,,562.0,isoleucine-tRNA ligase,kegg:C00002 + kegg:C00407 + kegg:C01644 = kegg:C00020 + kegg:C00013 + kegg:C03127, ,ATP(aq) + L-isoleusine(aq) + tRNA-Ile(aq) = AMP(aq) + pyrophosphate(aq) + L-isoleucyl-tRNA-Ile(aq), ,06AIR2, , ,303.15,7.4,0.54, ,radioactivity, ,3.22 = -log[Mg+2],6.1.1.5, , , , , 
4099,,563.0,isoleucine-tRNA ligase,kegg:C00002 + kegg:C00407 + kegg:C01644 = kegg:C00020 + kegg:C00013 + kegg:C03127, ,ATP(aq) + L-isoleusine(aq) + tRNA-Ile(aq) = AMP(aq) + pyrophosphate(aq) + L-isoleucyl-tRNA-Ile(aq), ,06AIR2, , ,303.15,7.4,0.56, ,radioactivity, ,2.82 = -log[Mg+2],6.1.1.5, , , , , 
4100,,564.0,isoleucine-tRNA ligase,kegg:C00002 + kegg:C00407 + kegg:C01644 = kegg:C00020 + kegg:C00013 + kegg:C03127, ,ATP(aq) + L-isoleusine(aq) + tRNA-Ile(aq) = AMP(aq) + pyrophosphate(aq) + L-isoleucyl-tRNA-Ile(aq), ,06AIR2, , ,303.15,7.4,0.83, ,radioactivity, ,2.26 = -log[Mg+2],6.1.1.5, , , , , 
4101,,565.0,isoleucine-tRNA ligase,kegg:C00002 + kegg:C00407 + kegg:C01644 = kegg:C00020 + kegg:C00013 + kegg:C03127, ,ATP(aq) + L-isoleusine(aq) + tRNA-Ile(aq) = AMP(aq) + pyrophosphate(aq) + L-isoleucyl-tRNA-Ile(aq), ,06AIR2, , ,303.15,7.4,0.8, ,radioactivity, ,2.26 = -log[Mg+2],6.1.1.5, , , , , 
4102,,566.0,isoleucine-tRNA ligase,kegg:C00002 + kegg:C00407 + kegg:C01644 = kegg:C00020 + kegg:C00013 + kegg:C03127, ,ATP(aq) + L-isoleusine(aq) + tRNA-Ile(aq) = AMP(aq) + pyrophosphate(aq) + L-isoleucyl-tRNA-Ile(aq), ,06AIR2, , ,303.15,7.4,0.69, ,radioactivity, ,2.46 = -log[Mg+2],6.1.1.5, , , , , 
4103,,567.0,isoleucine-tRNA ligase,kegg:C00002 + kegg:C00407 + kegg:C01644 = kegg:C00020 + kegg:C00013 + kegg:C03127, ,ATP(aq) + L-isoleusine(aq) + tRNA-Ile(aq) = AMP(aq) + pyrophosphate(aq) + L-isoleucyl-tRNA-Ile(aq), ,06AIR2, , ,303.15,7.4,0.63, ,radioactivity, ,2.6 = -log[Mg+2],6.1.1.5, , , , , 
4104,,568.0,isoleucine-tRNA ligase,kegg:C00002 + kegg:C00407 + kegg:C01644 = kegg:C00020 + kegg:C00013 + kegg:C03127, ,ATP(aq) + L-isoleusine(aq) + tRNA-Ile(aq) = AMP(aq) + pyrophosphate(aq) + L-isoleucyl-tRNA-Ile(aq), ,06AIR2, , ,303.15,7.4,1.02, ,radioactivity, ,2.02 = -log[Mg+2],6.1.1.5, , , , , 
4105,,569.0,isoleucine-tRNA ligase,kegg:C00002 + kegg:C00407 + kegg:C01644 = kegg:C00020 + kegg:C00013 + kegg:C03127, ,ATP(aq) + L-isoleusine(aq) + tRNA-Ile(aq) = AMP(aq) + pyrophosphate(aq) + L-isoleucyl-tRNA-Ile(aq), ,06AIR2, , ,303.15,7.4,1.17, ,radioactivity, ,1.87 = -log[Mg+2],6.1.1.5, , , , , 
4106,,570.0,isoleucine-tRNA ligase,kegg:C00002 + kegg:C00407 + kegg:C01644 = kegg:C00020 + kegg:C00013 + kegg:C03127, ,ATP(aq) + L-isoleusine(aq) + tRNA-Ile(aq) = AMP(aq) + pyrophosphate(aq) + L-isoleucyl-tRNA-Ile(aq), ,06AIR2, , ,303.15,7.4,1.29, ,radioactivity, ,1.76 = -log[Mg+2],6.1.1.5, , , , , 
4107,,571.0,isoleucine-tRNA ligase,kegg:C00002 + kegg:C00407 + kegg:C01644 = kegg:C00020 + kegg:C00013 + kegg:C03127, ,ATP(aq) + L-isoleusine(aq) + tRNA-Ile(aq) = AMP(aq) + pyrophosphate(aq) + L-isoleucyl-tRNA-Ile(aq), ,06AIR2, , ,303.15,7.4,1.22, ,radioactivity, ,1.87 = -log[Mg+2],6.1.1.5, , , , , 
4108,,572.0,isoleucine-tRNA ligase,kegg:C00002 + kegg:C00407 + kegg:C01644 = kegg:C00020 + kegg:C00013 + kegg:C03127, ,ATP(aq) + L-isoleusine(aq) + tRNA-Ile(aq) = AMP(aq) + pyrophosphate(aq) + L-isoleucyl-tRNA-Ile(aq), ,06AIR2, , ,303.15,7.4,0.45, ,radioactivity, ,3.22 = -log[Mg+2],6.1.1.5, , , , , 
4109,,573.0,isoleucine-tRNA ligase,kegg:C00002 + kegg:C00407 + kegg:C01644 = kegg:C00020 + kegg:C00013 + kegg:C03127, ,ATP(aq) + L-isoleusine(aq) + tRNA-Ile(aq) = AMP(aq) + pyrophosphate(aq) + L-isoleucyl-tRNA-Ile(aq), ,06AIR2, , ,303.15,7.4,0.92, ,radioactivity, ,2.12 = -log[Mg+2],6.1.1.5, , , , , 
4110,,574.0,isoleucine-tRNA ligase,kegg:C00002 + kegg:C00407 + kegg:C01644 = kegg:C00020 + kegg:C00013 + kegg:C03127, ,ATP(aq) + L-isoleusine(aq) + tRNA-Ile(aq) = AMP(aq) + pyrophosphate(aq) + L-isoleucyl-tRNA-Ile(aq), ,06AIR2, , ,303.15,7.4,0.72, ,radioactivity, ,2.46 = -log[Mg+2],6.1.1.5, , , , , 
4111,,575.0,isoleucine-tRNA ligase,kegg:C00002 + kegg:C00407 + kegg:C01644 = kegg:C00020 + kegg:C00013 + kegg:C03127, ,ATP(aq) + L-isoleusine(aq) + tRNA-Ile(aq) = AMP(aq) + pyrophosphate(aq) + L-isoleucyl-tRNA-Ile(aq), ,06AIR2, , ,303.15,7.4,0.94, ,radioactivity, ,2.12 = -log[Mg+2],6.1.1.5, , , , , 
4112,,576.0,isoleucine-tRNA ligase,kegg:C00002 + kegg:C00407 + kegg:C01644 = kegg:C00020 + kegg:C00013 + kegg:C03127, ,ATP(aq) + L-isoleusine(aq) + tRNA-Ile(aq) = AMP(aq) + pyrophosphate(aq) + L-isoleucyl-tRNA-Ile(aq), ,06AIR2, , ,303.15,7.4,1.28, ,radioactivity, ,1.76 = -log[Mg+2],6.1.1.5, , , , , 
4113,,577.0,isoleucine-tRNA ligase,kegg:C00002 + kegg:C00407 + kegg:C01644 = kegg:C00020 + kegg:C00013 + kegg:C03127, ,ATP(aq) + L-isoleusine(aq) + tRNA-Ile(aq) = AMP(aq) + pyrophosphate(aq) + L-isoleucyl-tRNA-Ile(aq), ,06AIR2, , ,303.15,7.4,0.65, ,radioactivity, ,2.6 = -log[Mg+2],6.1.1.5, , , , , 
4114,,578.0,isoleucine-tRNA ligase,kegg:C00002 + kegg:C00407 + kegg:C01644 = kegg:C00020 + kegg:C00013 + kegg:C03127, ,ATP(aq) + L-isoleusine(aq) + tRNA-Ile(aq) = AMP(aq) + pyrophosphate(aq) + L-isoleucyl-tRNA-Ile(aq), ,06AIR2, , ,303.15,7.4,1.04, ,radioactivity, ,2.02 = -log[Mg+2],6.1.1.5, , , , , 
4115,,579.0,serine-tRNA ligase,kegg:C00002 + kegg:C00065 + kegg:C01650 = kegg:C00020 + kegg:C00013 + kegg:C02553, ,ATP(aq) + L-serine(aq) + tRNA-Ser(aq) = AMP(aq) + pyrophosphate(aq) + L-seryl-tRNA-Ser(aq), ,06AIR2, , ,303.15,7.4,1.0, ,radioactivity, ,2.22 = -log[Mg+2],6.1.1.11, , , , , 
4116,,580.0,serine-tRNA ligase,kegg:C00002 + kegg:C00065 + kegg:C01650 = kegg:C00020 + kegg:C00013 + kegg:C02553, ,ATP(aq) + L-serine(aq) + tRNA-Ser(aq) = AMP(aq) + pyrophosphate(aq) + L-seryl-tRNA-Ser(aq), ,06AIR2, , ,303.15,7.4,0.57, ,radioactivity, ,2.7 = -log[Mg+2],6.1.1.11, , , , , 
4117,,581.0,serine-tRNA ligase,kegg:C00002 + kegg:C00065 + kegg:C01650 = kegg:C00020 + kegg:C00013 + kegg:C02553, ,ATP(aq) + L-serine(aq) + tRNA-Ser(aq) = AMP(aq) + pyrophosphate(aq) + L-seryl-tRNA-Ser(aq), ,06AIR2, , ,303.15,7.4,2.13, ,radioactivity, ,2.74 = -log[Mg+2],6.1.1.11, , , , , 
4118,,582.0,serine-tRNA ligase,kegg:C00002 + kegg:C00065 + kegg:C01650 = kegg:C00020 + kegg:C00013 + kegg:C02553, ,ATP(aq) + L-serine(aq) + tRNA-Ser(aq) = AMP(aq) + pyrophosphate(aq) + L-seryl-tRNA-Ser(aq), ,06AIR2, , ,303.15,7.4,1.34, ,radioactivity, ,3.0 = -log[Mg+2],6.1.1.11, , , , , 
4119,,583.0,serine-tRNA ligase,kegg:C00002 + kegg:C00065 + kegg:C01650 = kegg:C00020 + kegg:C00013 + kegg:C02553, ,ATP(aq) + L-serine(aq) + tRNA-Ser(aq) = AMP(aq) + pyrophosphate(aq) + L-seryl-tRNA-Ser(aq), ,06AIR2, , ,303.15,7.4,1.62, ,radioactivity, ,2.85 = -log[Mg+2],6.1.1.11, , , , , 
4120,,584.0,serine-tRNA ligase,kegg:C00002 + kegg:C00065 + kegg:C01650 = kegg:C00020 + kegg:C00013 + kegg:C02553, ,ATP(aq) + L-serine(aq) + tRNA-Ser(aq) = AMP(aq) + pyrophosphate(aq) + L-seryl-tRNA-Ser(aq), ,06AIR2, , ,303.15,7.4,0.54, ,radioactivity, ,3.0 = -log[Mg+2],6.1.1.11, , , , , 
4121,,585.0,serine-tRNA ligase,kegg:C00002 + kegg:C00065 + kegg:C01650 = kegg:C00020 + kegg:C00013 + kegg:C02553, ,ATP(aq) + L-serine(aq) + tRNA-Ser(aq) = AMP(aq) + pyrophosphate(aq) + L-seryl-tRNA-Ser(aq), ,06AIR2, , ,303.15,7.4,0.73, ,radioactivity, ,2.52 = -log[Mg+2],6.1.1.11, , , , , 
4122,,586.0,serine-tRNA ligase,kegg:C00002 + kegg:C00065 + kegg:C01650 = kegg:C00020 + kegg:C00013 + kegg:C02553, ,ATP(aq) + L-serine(aq) + tRNA-Ser(aq) = AMP(aq) + pyrophosphate(aq) + L-seryl-tRNA-Ser(aq), ,06AIR2, , ,303.15,7.4,1.66, ,radioactivity, ,2.74 = -log[Mg+2],6.1.1.11, , , , , 
4123,,587.0,serine-tRNA ligase,kegg:C00002 + kegg:C00065 + kegg:C01650 = kegg:C00020 + kegg:C00013 + kegg:C02553, ,ATP(aq) + L-serine(aq) + tRNA-Ser(aq) = AMP(aq) + pyrophosphate(aq) + L-seryl-tRNA-Ser(aq), ,06AIR2, , ,303.15,7.4,1.35, ,radioactivity, ,3.0 = -log[Mg+2],6.1.1.11, , , , , 
4124,,588.0,serine-tRNA ligase,kegg:C00002 + kegg:C00065 + kegg:C01650 = kegg:C00020 + kegg:C00013 + kegg:C02553, ,ATP(aq) + L-serine(aq) + tRNA-Ser(aq) = AMP(aq) + pyrophosphate(aq) + L-seryl-tRNA-Ser(aq), ,06AIR2, , ,303.15,7.4,1.69, ,radioactivity, ,2.85 = -log[Mg+2],6.1.1.11, , , , , 
4125,,589.0,serine-tRNA ligase,kegg:C00002 + kegg:C00065 + kegg:C01650 = kegg:C00020 + kegg:C00013 + kegg:C02553, ,ATP(aq) + L-serine(aq) + tRNA-Ser(aq) = AMP(aq) + pyrophosphate(aq) + L-seryl-tRNA-Ser(aq), ,06AIR2, , ,303.15,7.4,0.91, ,radioactivity, ,2.22 = -log[Mg+2],6.1.1.11, , , , , 
4126,,590.0,serine-tRNA ligase,kegg:C00002 + kegg:C00065 + kegg:C01650 = kegg:C00020 + kegg:C00013 + kegg:C02553, ,ATP(aq) + L-serine(aq) + tRNA-Ser(aq) = AMP(aq) + pyrophosphate(aq) + L-seryl-tRNA-Ser(aq), ,06AIR2, , ,303.15,7.4,0.6, ,radioactivity, ,2.7 = -log[Mg+2],6.1.1.11, , , , , 
4127,,591.0,serine-tRNA ligase,kegg:C00002 + kegg:C00065 + kegg:C01650 = kegg:C00020 + kegg:C00013 + kegg:C02553, ,ATP(aq) + L-serine(aq) + tRNA-Ser(aq) = AMP(aq) + pyrophosphate(aq) + L-seryl-tRNA-Ser(aq), ,06AIR2, , ,303.15,7.4,0.7, ,radioactivity, ,2.52 = -log[Mg+2],6.1.1.11, , , , , 
4128,,592.0,serine-tRNA ligase,kegg:C00002 + kegg:C00065 + kegg:C01650 = kegg:C00020 + kegg:C00013 + kegg:C02553, ,ATP(aq) + L-serine(aq) + tRNA-Ser(aq) = AMP(aq) + pyrophosphate(aq) + L-seryl-tRNA-Ser(aq), ,06AIR2, , ,303.15,7.4,0.52, ,radioactivity, ,3.0 = -log[Mg+2],6.1.1.11, , , , , 
4129,,593.0,histidine t-RNA ligase,kegg:C00002 + kegg:C00135 + kegg:C01643 = kegg:C00020 + kegg:C00013 + kegg:C02988, ,ATP(aq) + L-histidine(aq) + tRNA-His(aq) = AMP(aq) + pyrophosphate(aq) + L-histidyl-tRNA-His(aq), ,06AIR2, , ,303.15,7.4,1.35, ,radioactivity, ,2.46 = -log[Mg+2],6.1.1.21, , , , , 
4130,,594.0,histidine t-RNA ligase,kegg:C00002 + kegg:C00135 + kegg:C01643 = kegg:C00020 + kegg:C00013 + kegg:C02988, ,ATP(aq) + L-histidine(aq) + tRNA-His(aq) = AMP(aq) + pyrophosphate(aq) + L-histidyl-tRNA-His(aq), ,06AIR2, , ,303.15,7.4,2.0, ,radioactivity, ,2.02 = -log[Mg+2],6.1.1.21, , , , , 
4131,,595.0,histidine t-RNA ligase,kegg:C00002 + kegg:C00135 + kegg:C01643 = kegg:C00020 + kegg:C00013 + kegg:C02988, ,ATP(aq) + L-histidine(aq) + tRNA-His(aq) = AMP(aq) + pyrophosphate(aq) + L-histidyl-tRNA-His(aq), ,06AIR2, , ,303.15,7.4,1.65, ,radioactivity, ,2.26 = -log[Mg+2],6.1.1.21, , , , , 
4132,,596.0,histidine t-RNA ligase,kegg:C00002 + kegg:C00135 + kegg:C01643 = kegg:C00020 + kegg:C00013 + kegg:C02988, ,ATP(aq) + L-histidine(aq) + tRNA-His(aq) = AMP(aq) + pyrophosphate(aq) + L-histidyl-tRNA-His(aq), ,06AIR2, , ,303.15,7.4,1.24, ,radioactivity, ,2.82 = -log[Mg+2],6.1.1.21, , , , , 
4133,,597.0,histidine t-RNA ligase,kegg:C00002 + kegg:C00135 + kegg:C01643 = kegg:C00020 + kegg:C00013 + kegg:C02988, ,ATP(aq) + L-histidine(aq) + tRNA-His(aq) = AMP(aq) + pyrophosphate(aq) + L-histidyl-tRNA-His(aq), ,06AIR2, , ,303.15,7.4,2.36, ,radioactivity, ,1.76 = -log[Mg+2],6.1.1.21, , , , , 
4134,,598.0,histidine t-RNA ligase,kegg:C00002 + kegg:C00135 + kegg:C01643 = kegg:C00020 + kegg:C00013 + kegg:C02988, ,ATP(aq) + L-histidine(aq) + tRNA-His(aq) = AMP(aq) + pyrophosphate(aq) + L-histidyl-tRNA-His(aq), ,06AIR2, , ,303.15,7.4,1.43, ,radioactivity, ,2.46 = -log[Mg+2],6.1.1.21, , , , , 
4135,,599.0,histidine t-RNA ligase,kegg:C00002 + kegg:C00135 + kegg:C01643 = kegg:C00020 + kegg:C00013 + kegg:C02988, ,ATP(aq) + L-histidine(aq) + tRNA-His(aq) = AMP(aq) + pyrophosphate(aq) + L-histidyl-tRNA-His(aq), ,06AIR2, , ,303.15,7.4,1.23, ,radioactivity, ,3.3 = -log[Mg+2],6.1.1.21, , , , , 
4136,,600.0,histidine t-RNA ligase,kegg:C00002 + kegg:C00135 + kegg:C01643 = kegg:C00020 + kegg:C00013 + kegg:C02988, ,ATP(aq) + L-histidine(aq) + tRNA-His(aq) = AMP(aq) + pyrophosphate(aq) + L-histidyl-tRNA-His(aq), ,06AIR2, , ,303.15,7.4,1.82, ,radioactivity, ,2.12 = -log[Mg+2],6.1.1.21, , , , , 
4137,,601.0,histidine t-RNA ligase,kegg:C00002 + kegg:C00135 + kegg:C01643 = kegg:C00020 + kegg:C00013 + kegg:C02988, ,ATP(aq) + L-histidine(aq) + tRNA-His(aq) = AMP(aq) + pyrophosphate(aq) + L-histidyl-tRNA-His(aq), ,06AIR2, , ,303.15,7.4,1.65, ,radioactivity, ,2.26 = -log[Mg+2],6.1.1.21, , , , , 
4138,,602.0,histidine t-RNA ligase,kegg:C00002 + kegg:C00135 + kegg:C01643 = kegg:C00020 + kegg:C00013 + kegg:C02988, ,ATP(aq) + L-histidine(aq) + tRNA-His(aq) = AMP(aq) + pyrophosphate(aq) + L-histidyl-tRNA-His(aq), ,06AIR2, , ,303.15,7.4,1.03, ,radioactivity, ,2.82 = -log[Mg+2],6.1.1.21, , , , , 
4139,,603.0,histidine t-RNA ligase,kegg:C00002 + kegg:C00135 + kegg:C01643 = kegg:C00020 + kegg:C00013 + kegg:C02988, ,ATP(aq) + L-histidine(aq) + tRNA-His(aq) = AMP(aq) + pyrophosphate(aq) + L-histidyl-tRNA-His(aq), ,06AIR2, , ,303.15,7.4,0.93, ,radioactivity, ,3.3 = -log[Mg+2],6.1.1.21, , , , , 
4140,,604.0,histidine t-RNA ligase,kegg:C00002 + kegg:C00135 + kegg:C01643 = kegg:C00020 + kegg:C00013 + kegg:C02988, ,ATP(aq) + L-histidine(aq) + tRNA-His(aq) = AMP(aq) + pyrophosphate(aq) + L-histidyl-tRNA-His(aq), ,06AIR2, , ,303.15,7.4,1.96, ,radioactivity, ,2.02 = -log[Mg+2],6.1.1.21, , , , , 
4141,,605.0,histidine t-RNA ligase,kegg:C00002 + kegg:C00135 + kegg:C01643 = kegg:C00020 + kegg:C00013 + kegg:C02988, ,ATP(aq) + L-histidine(aq) + tRNA-His(aq) = AMP(aq) + pyrophosphate(aq) + L-histidyl-tRNA-His(aq), ,06AIR2, , ,303.15,7.4,1.84, ,radioactivity, ,2.12 = -log[Mg+2],6.1.1.21, , , , , 
4142,,606.0,histidine t-RNA ligase,kegg:C00002 + kegg:C00135 + kegg:C01643 = kegg:C00020 + kegg:C00013 + kegg:C02988, ,ATP(aq) + L-histidine(aq) + tRNA-His(aq) = AMP(aq) + pyrophosphate(aq) + L-histidyl-tRNA-His(aq), ,06AIR2, , ,303.15,7.4,2.75, ,radioactivity, ,1.76 = -log[Mg+2],6.1.1.21, , , , , 
4143,,607.0,histidine t-RNA ligase,kegg:C00002 + kegg:C00135 + kegg:C01643 = kegg:C00020 + kegg:C00013 + kegg:C02988, ,ATP(aq) + L-histidine(aq) + tRNA-His(aq) = AMP(aq) + pyrophosphate(aq) + L-histidyl-tRNA-His(aq), ,06AIR2, , ,303.15,7.4,1.13, ,radioactivity, ,2.6 = -log[Mg+2],6.1.1.21, , , , , 
4144,,608.0,histidine t-RNA ligase,kegg:C00002 + kegg:C00135 + kegg:C01643 = kegg:C00020 + kegg:C00013 + kegg:C02988, ,ATP(aq) + L-histidine(aq) + tRNA-His(aq) = AMP(aq) + pyrophosphate(aq) + L-histidyl-tRNA-His(aq), ,06AIR2, , ,303.15,7.4,2.39, ,radioactivity, ,1.87 = -log[Mg+2],6.1.1.21, , , , , 
4145,,609.0,histidine t-RNA ligase,kegg:C00002 + kegg:C00135 + kegg:C01643 = kegg:C00020 + kegg:C00013 + kegg:C02988, ,ATP(aq) + L-histidine(aq) + tRNA-His(aq) = AMP(aq) + pyrophosphate(aq) + L-histidyl-tRNA-His(aq), ,06AIR2, , ,303.15,7.4,1.33, ,radioactivity, ,2.6 = -log[Mg+2],6.1.1.21, , , , , 
4146,,610.0,histidine t-RNA ligase,kegg:C00002 + kegg:C00135 + kegg:C01643 = kegg:C00020 + kegg:C00013 + kegg:C02988, ,ATP(aq) + L-histidine(aq) + tRNA-His(aq) = AMP(aq) + pyrophosphate(aq) + L-histidyl-tRNA-His(aq), ,06AIR2, , ,303.15,7.4,2.16, ,radioactivity, ,1.87 = -log[Mg+2],6.1.1.21, , , , , 
4147,,611.0,lysine-tRNA ligase,kegg:C00002 + kegg:C00047 + kegg:C01646 = kegg:C00020 + kegg:C00013 + kegg:C01931, ,ATP(aq) + L-lysine(aq) + tRNA-Lys(aq) = AMP(aq) + pyrophosphate(aq) + L-lysyl-tRNA-Lys(aq), ,06AIR2, , ,303.15,7.4,1.22, ,radioactivity, ,2.82 = -log[Mg+2],6.1.1.6, , , , , 
4148,,612.0,lysine-tRNA ligase,kegg:C00002 + kegg:C00047 + kegg:C01646 = kegg:C00020 + kegg:C00013 + kegg:C01931, ,ATP(aq) + L-lysine(aq) + tRNA-Lys(aq) = AMP(aq) + pyrophosphate(aq) + L-lysyl-tRNA-Lys(aq), ,06AIR2, , ,303.15,7.4,1.17, ,radioactivity, ,2.82 = -log[Mg+2],6.1.1.6, , , , , 
4149,,613.0,lysine-tRNA ligase,kegg:C00002 + kegg:C00047 + kegg:C01646 = kegg:C00020 + kegg:C00013 + kegg:C01931, ,ATP(aq) + L-lysine(aq) + tRNA-Lys(aq) = AMP(aq) + pyrophosphate(aq) + L-lysyl-tRNA-Lys(aq), ,06AIR2, , ,303.15,7.4,2.72, ,radioactivity, ,1.76 = -log[Mg+2],6.1.1.6, , , , , 
4150,,614.0,lysine-tRNA ligase,kegg:C00002 + kegg:C00047 + kegg:C01646 = kegg:C00020 + kegg:C00013 + kegg:C01931, ,ATP(aq) + L-lysine(aq) + tRNA-Lys(aq) = AMP(aq) + pyrophosphate(aq) + L-lysyl-tRNA-Lys(aq), ,06AIR2, , ,303.15,7.4,2.4, ,radioactivity, ,1.87 = -log[Mg+2],6.1.1.6, , , , , 
4151,,615.0,lysine-tRNA ligase,kegg:C00002 + kegg:C00047 + kegg:C01646 = kegg:C00020 + kegg:C00013 + kegg:C01931, ,ATP(aq) + L-lysine(aq) + tRNA-Lys(aq) = AMP(aq) + pyrophosphate(aq) + L-lysyl-tRNA-Lys(aq), ,06AIR2, , ,303.15,7.4,1.98, ,radioactivity, ,2.02 = -log[Mg+2],6.1.1.6, , , , , 
4152,,616.0,lysine-tRNA ligase,kegg:C00002 + kegg:C00047 + kegg:C01646 = kegg:C00020 + kegg:C00013 + kegg:C01931, ,ATP(aq) + L-lysine(aq) + tRNA-Lys(aq) = AMP(aq) + pyrophosphate(aq) + L-lysyl-tRNA-Lys(aq), ,06AIR2, , ,303.15,7.4,1.92, ,radioactivity, ,2.12 = -log[Mg+2],6.1.1.6, , , , , 
4153,,617.0,lysine-tRNA ligase,kegg:C00002 + kegg:C00047 + kegg:C01646 = kegg:C00020 + kegg:C00013 + kegg:C01931, ,ATP(aq) + L-lysine(aq) + tRNA-Lys(aq) = AMP(aq) + pyrophosphate(aq) + L-lysyl-tRNA-Lys(aq), ,06AIR2, , ,303.15,7.4,1.43, ,radioactivity, ,2.46 = -log[Mg+2],6.1.1.6, , , , , 
4154,,618.0,lysine-tRNA ligase,kegg:C00002 + kegg:C00047 + kegg:C01646 = kegg:C00020 + kegg:C00013 + kegg:C01931, ,ATP(aq) + L-lysine(aq) + tRNA-Lys(aq) = AMP(aq) + pyrophosphate(aq) + L-lysyl-tRNA-Lys(aq), ,06AIR2, , ,303.15,7.4,1.9, ,radioactivity, ,2.12 = -log[Mg+2],6.1.1.6, , , , , 
4155,,619.0,lysine-tRNA ligase,kegg:C00002 + kegg:C00047 + kegg:C01646 = kegg:C00020 + kegg:C00013 + kegg:C01931, ,ATP(aq) + L-lysine(aq) + tRNA-Lys(aq) = AMP(aq) + pyrophosphate(aq) + L-lysyl-tRNA-Lys(aq), ,06AIR2, , ,303.15,7.4,2.34, ,radioactivity, ,1.87 = -log[Mg+2],6.1.1.6, , , , , 
4156,,620.0,lysine-tRNA ligase,kegg:C00002 + kegg:C00047 + kegg:C01646 = kegg:C00020 + kegg:C00013 + kegg:C01931, ,ATP(aq) + L-lysine(aq) + tRNA-Lys(aq) = AMP(aq) + pyrophosphate(aq) + L-lysyl-tRNA-Lys(aq), ,06AIR2, , ,303.15,7.4,1.31, ,radioactivity, ,2.6 = -log[Mg+2],6.1.1.6, , , , , 
4157,,621.0,lysine-tRNA ligase,kegg:C00002 + kegg:C00047 + kegg:C01646 = kegg:C00020 + kegg:C00013 + kegg:C01931, ,ATP(aq) + L-lysine(aq) + tRNA-Lys(aq) = AMP(aq) + pyrophosphate(aq) + L-lysyl-tRNA-Lys(aq), ,06AIR2, , ,303.15,7.4,1.67, ,radioactivity, ,2.26 = -log[Mg+2],6.1.1.6, , , , , 
4158,,622.0,lysine-tRNA ligase,kegg:C00002 + kegg:C00047 + kegg:C01646 = kegg:C00020 + kegg:C00013 + kegg:C01931, ,ATP(aq) + L-lysine(aq) + tRNA-Lys(aq) = AMP(aq) + pyrophosphate(aq) + L-lysyl-tRNA-Lys(aq), ,06AIR2, , ,303.15,7.4,1.46, ,radioactivity, ,2.46 = -log[Mg+2],6.1.1.6, , , , , 
4159,,623.0,lysine-tRNA ligase,kegg:C00002 + kegg:C00047 + kegg:C01646 = kegg:C00020 + kegg:C00013 + kegg:C01931, ,ATP(aq) + L-lysine(aq) + tRNA-Lys(aq) = AMP(aq) + pyrophosphate(aq) + L-lysyl-tRNA-Lys(aq), ,06AIR2, , ,303.15,7.4,1.68, ,radioactivity, ,2.26 = -log[Mg+2],6.1.1.6, , , , , 
4160,,624.0,lysine-tRNA ligase,kegg:C00002 + kegg:C00047 + kegg:C01646 = kegg:C00020 + kegg:C00013 + kegg:C01931, ,ATP(aq) + L-lysine(aq) + tRNA-Lys(aq) = AMP(aq) + pyrophosphate(aq) + L-lysyl-tRNA-Lys(aq), ,06AIR2, , ,303.15,7.4,0.85, ,radioactivity, ,3.22 = -log[Mg+2],6.1.1.6, , , , , 
4161,,625.0,lysine-tRNA ligase,kegg:C00002 + kegg:C00047 + kegg:C01646 = kegg:C00020 + kegg:C00013 + kegg:C01931, ,ATP(aq) + L-lysine(aq) + tRNA-Lys(aq) = AMP(aq) + pyrophosphate(aq) + L-lysyl-tRNA-Lys(aq), ,06AIR2, , ,303.15,7.4,1.33, ,radioactivity, ,2.6 = -log[Mg+2],6.1.1.6, , , , , 
4162,,626.0,lysine-tRNA ligase,kegg:C00002 + kegg:C00047 + kegg:C01646 = kegg:C00020 + kegg:C00013 + kegg:C01931, ,ATP(aq) + L-lysine(aq) + tRNA-Lys(aq) = AMP(aq) + pyrophosphate(aq) + L-lysyl-tRNA-Lys(aq), ,06AIR2, , ,303.15,7.4,2.05, ,radioactivity, ,2.02 = -log[Mg+2],6.1.1.6, , , , , 
4163,,627.0,lysine-tRNA ligase,kegg:C00002 + kegg:C00047 + kegg:C01646 = kegg:C00020 + kegg:C00013 + kegg:C01931, ,ATP(aq) + L-lysine(aq) + tRNA-Lys(aq) = AMP(aq) + pyrophosphate(aq) + L-lysyl-tRNA-Lys(aq), ,06AIR2, , ,303.15,7.4,1.16, ,radioactivity, ,3.22 = -log[Mg+2],6.1.1.6, , , , , 
4164,,628.0,lysine-tRNA ligase,kegg:C00002 + kegg:C00047 + kegg:C01646 = kegg:C00020 + kegg:C00013 + kegg:C01931, ,ATP(aq) + L-lysine(aq) + tRNA-Lys(aq) = AMP(aq) + pyrophosphate(aq) + L-lysyl-tRNA-Lys(aq), ,06AIR2, , ,303.15,7.4,2.63, ,radioactivity, ,1.76 = -log[Mg+2],6.1.1.6, , , , , 
4165,,629.0,phenylalanine-tRNA ligase,kegg:C00002 + kegg:C00079 + kegg:C01648 = kegg:C00020 + kegg:C00013 + kegg:C03511, ,ATP(aq) + L-phenylalanine(aq) + tRNA-Phe(aq) = AMP(aq) + pyrophosphate(aq) + L-phenylalanyl-tRNA-Phe(aq), ,06AIR2, , ,303.15,7.4,1.38, ,radioactivity, ,2.22 = -log[Mg+2],6.1.1.20, , , , , 
4166,,630.0,phenylalanine-tRNA ligase,kegg:C00002 + kegg:C00079 + kegg:C01648 = kegg:C00020 + kegg:C00013 + kegg:C03511, ,ATP(aq) + L-phenylalanine(aq) + tRNA-Phe(aq) = AMP(aq) + pyrophosphate(aq) + L-phenylalanyl-tRNA-Phe(aq), ,06AIR2, , ,303.15,7.4,1.01, ,radioactivity, ,2.7 = -log[Mg+2],6.1.1.20, , , , , 
4167,,631.0,phenylalanine-tRNA ligase,kegg:C00002 + kegg:C00079 + kegg:C01648 = kegg:C00020 + kegg:C00013 + kegg:C03511, ,ATP(aq) + L-phenylalanine(aq) + tRNA-Phe(aq) = AMP(aq) + pyrophosphate(aq) + L-phenylalanyl-tRNA-Phe(aq), ,06AIR2, , ,303.15,7.4,1.17, ,radioactivity, ,2.52 = -log[Mg+2],6.1.1.20, , , , , 
4168,,632.0,phenylalanine-tRNA ligase,kegg:C00002 + kegg:C00079 + kegg:C01648 = kegg:C00020 + kegg:C00013 + kegg:C03511, ,ATP(aq) + L-phenylalanine(aq) + tRNA-Phe(aq) = AMP(aq) + pyrophosphate(aq) + L-phenylalanyl-tRNA-Phe(aq), ,06AIR2, , ,303.15,7.4,0.96, ,radioactivity, ,3.0 = -log[Mg+2],6.1.1.20, , , , , 
4169,,633.0,phenylalanine-tRNA ligase,kegg:C00002 + kegg:C00079 + kegg:C01648 = kegg:C00020 + kegg:C00013 + kegg:C03511, ,ATP(aq) + L-phenylalanine(aq) + tRNA-Phe(aq) = AMP(aq) + pyrophosphate(aq) + L-phenylalanyl-tRNA-Phe(aq), ,06AIR2, , ,303.15,7.4,2.49, ,radioactivity, ,1.74 = -log[Mg+2],6.1.1.20, , , , , 
4170,,634.0,phenylalanine-tRNA ligase,kegg:C00002 + kegg:C00079 + kegg:C01648 = kegg:C00020 + kegg:C00013 + kegg:C03511, ,ATP(aq) + L-phenylalanine(aq) + tRNA-Phe(aq) = AMP(aq) + pyrophosphate(aq) + L-phenylalanyl-tRNA-Phe(aq), ,06AIR2, , ,303.15,7.4,1.04, ,radioactivity, ,2.7 = -log[Mg+2],6.1.1.20, , , , , 
4171,,635.0,phenylalanine-tRNA ligase,kegg:C00002 + kegg:C00079 + kegg:C01648 = kegg:C00020 + kegg:C00013 + kegg:C03511, ,ATP(aq) + L-phenylalanine(aq) + tRNA-Phe(aq) = AMP(aq) + pyrophosphate(aq) + L-phenylalanyl-tRNA-Phe(aq), ,06AIR2, , ,303.15,7.4,2.04, ,radioactivity, ,1.85 = -log[Mg+2],6.1.1.20, , , , , 
4172,,636.0,phenylalanine-tRNA ligase,kegg:C00002 + kegg:C00079 + kegg:C01648 = kegg:C00020 + kegg:C00013 + kegg:C03511, ,ATP(aq) + L-phenylalanine(aq) + tRNA-Phe(aq) = AMP(aq) + pyrophosphate(aq) + L-phenylalanyl-tRNA-Phe(aq), ,06AIR2, , ,303.15,7.4,1.74, ,radioactivity, ,2.0 = -log[Mg+2],6.1.1.20, , , , , 
4173,,637.0,phenylalanine-tRNA ligase,kegg:C00002 + kegg:C00079 + kegg:C01648 = kegg:C00020 + kegg:C00013 + kegg:C03511, ,ATP(aq) + L-phenylalanine(aq) + tRNA-Phe(aq) = AMP(aq) + pyrophosphate(aq) + L-phenylalanyl-tRNA-Phe(aq), ,06AIR2, , ,303.15,7.4,1.41, ,radioactivity, ,2.22 = -log[Mg+2],6.1.1.20, , , , , 
4174,,638.0,phenylalanine-tRNA ligase,kegg:C00002 + kegg:C00079 + kegg:C01648 = kegg:C00020 + kegg:C00013 + kegg:C03511, ,ATP(aq) + L-phenylalanine(aq) + tRNA-Phe(aq) = AMP(aq) + pyrophosphate(aq) + L-phenylalanyl-tRNA-Phe(aq), ,06AIR2, , ,303.15,7.4,2.41, ,radioactivity, ,1.74 = -log[Mg+2],6.1.1.20, , , , , 
4175,,639.0,phenylalanine-tRNA ligase,kegg:C00002 + kegg:C00079 + kegg:C01648 = kegg:C00020 + kegg:C00013 + kegg:C03511, ,ATP(aq) + L-phenylalanine(aq) + tRNA-Phe(aq) = AMP(aq) + pyrophosphate(aq) + L-phenylalanyl-tRNA-Phe(aq), ,06AIR2, , ,303.15,7.4,1.75, ,radioactivity, ,2.0 = -log[Mg+2],6.1.1.20, , , , , 
4176,,640.0,phenylalanine-tRNA ligase,kegg:C00002 + kegg:C00079 + kegg:C01648 = kegg:C00020 + kegg:C00013 + kegg:C03511, ,ATP(aq) + L-phenylalanine(aq) + tRNA-Phe(aq) = AMP(aq) + pyrophosphate(aq) + L-phenylalanyl-tRNA-Phe(aq), ,06AIR2, , ,303.15,7.4,2.25, ,radioactivity, ,1.85 = -log[Mg+2],6.1.1.20, , , , , 
4177,,641.0,phenylalanine-tRNA ligase,kegg:C00002 + kegg:C00079 + kegg:C01648 = kegg:C00020 + kegg:C00013 + kegg:C03511, ,ATP(aq) + L-phenylalanine(aq) + tRNA-Phe(aq) = AMP(aq) + pyrophosphate(aq) + L-phenylalanyl-tRNA-Phe(aq), ,06AIR2, , ,303.15,7.4,1.17, ,radioactivity, ,2.52 = -log[Mg+2],6.1.1.20, , , , , 
4178,,642.0,phenylalanine-tRNA ligase,kegg:C00002 + kegg:C00079 + kegg:C01648 = kegg:C00020 + kegg:C00013 + kegg:C03511, ,ATP(aq) + L-phenylalanine(aq) + tRNA-Phe(aq) = AMP(aq) + pyrophosphate(aq) + L-phenylalanyl-tRNA-Phe(aq), ,06AIR2, , ,303.15,7.4,0.87, ,radioactivity, ,3.0 = -log[Mg+2],6.1.1.20, , , , , 
4179,1401.0,696.0,mannitol-1-phosphate 5-dehydrogenase,kegg:C00644 + kegg:C00003 = kegg:C00085 + kegg:C00004,CHB_15846 + CHB_16298 = CHB_16908 + CHB_61553,D-mannitol-1-phosphate(aq) + NAD(ox)(aq) = D-fructose 6-phosphate(aq) + NAD(red)(aq), ,64ZAN/BAC, , ,298.15,8.0,1.0, ,spectrophotometry, ,mol/L;glycylglycine buffer=0.09  ,1.1.1.17, , , , , 
4180,1400.0,697.0,mannitol-1-phosphate 5-dehydrogenase,kegg:C00644 + kegg:C00003 = kegg:C00085 + kegg:C00004,CHB_15846 + CHB_16298 = CHB_16908 + CHB_61553,D-mannitol-1-phosphate(aq) + NAD(ox)(aq) = D-fructose 6-phosphate(aq) + NAD(red)(aq), ,64ZAN/BAC, , ,298.15,7.4,1.1, ,spectrophotometry, ,mol/L;glycylglycine buffer=0.09  ,1.1.1.17, , , , , 
4181,1968.0,699.0,phosphoglycerate mutase,kegg:C00631 = kegg:C00197,CHB_17835 = CHB_17794,2-phospho-D-glycerate(aq) = 3-phospho-D-glycerate(aq), ,71BRI/CLA, , ,298.15,7.4,11.9, ,radioactivity, ,mol/L;Tris-HCl=0.1  ,5.4.2.1, , , , , 
4182,2775.0,727.0,alcohol dehydrogenase,kegg:C00469 + kegg:C00003 = kegg:C00084 + kegg:C00004,CHB_15846 + CHB_16236 = CHB_15343 + CHB_16908,ethanol(aq) + NAD(aq) = acetaldehyde(aq) + NADH(aq), ,79COR/CRO, , ,311.15,7.0,0.000194, ,spectrophotometry, ,mol/L;IS=0.25  ,1.1.1.1, , ,0.25,0.25, 
4183,8.0,737.0,branched-chain-amino-acid transferase,kegg:C00183 + kegg:C00026 = kegg:C06255 + kegg:C00025,CHB_16414 + CHB_16810 = CHB_11851 + CHB_29985,L-valine(aq) + 2-oxoglutarate(aq) = 2-oxovalerate(aq) + L-glutamate(aq), ,00TEW/GOL, , ,298.15,7.21, , ,calorimetry and chromatography, ,mol/kg;IS=0.31;(K)2(HPO4)1=0.1006;(H)3(PO4)1=0.0199;pyridoxal 5-phosphate=0.00023;L-valine=0.003757;2-oxoglutarate=0.001636;2-oxoisovalerate=0.002912;L-glutamate=0.002912  ,2.6.1.42, , ,0.31,0.31, 
4184,,738.0,branched-chain-amino-acid transferase,kegg:C00123 + kegg:C00026 = kegg:C00233 + kegg:C00025, ,L-leucine(aq) + 2-oxoglutarate(aq) = 2-oxoisocaproate(aq) + L-glutamate(aq), ,00TEW/GOL, , ,298.15,7.19,2.42, ,calorimetry and chromatography, , ,2.6.1.42, , ,0.31,0.31, 
4185,,739.0,branched-chain-amino-acid transferase,kegg:C00183 + kegg:C00026 = kegg:C06255 + kegg:C00025, ,L-valine(aq) + 2-oxoglutarate(aq) = 2-oxovalerate(aq) + L-glutamate(aq), ,00TEW/GOL, , ,298.15,7.21,1.67, ,calorimetry and chromatography, , ,2.6.1.42, , ,0.31,0.31, 
4186,17.0,740.0,trehalose-6-phosphate phosphorylase,kegg:C00689 + kegg:C00009 = kegg:C00103 + kegg:C00092,CHB_18283 + CHB_26078 = CHB_16077 + CHB_4170,",-trehalose 6-phosphate(aq) + orthophosphate(aq) =-D-glucose 1-phosphate(aq) + D-glucose 6-phosphate(aq)", ,01AND/LEV, , ,308.15,7.0,0.032, ,chromatography, ,mol/L;triethanolamine buffer=0.05  ,2.4.1.216, , , , , 
4187,16.0,741.0,trehalose-6-phosphate phosphorylase,kegg:C00689 + kegg:C00009 = kegg:C00103 + kegg:C00092,CHB_18283 + CHB_26078 = CHB_16077 + CHB_4170,",-trehalose 6-phosphate(aq) + orthophosphate(aq) =-D-glucose 1-phosphate(aq) + D-glucose 6-phosphate(aq)", ,01AND/LEV, , ,308.15,6.3,0.026, ,chromatography, ,mol/L;citrate buffer=0.05  ,2.4.1.216, , , , , 
4188,9.0,745.0,branched-chain-amino-acid transferase,kegg:C00123 + kegg:C00026 = kegg:C00233 + kegg:C00025,CHB_16414 + CHB_16810 = CHB_11851 + CHB_29985,L-leucine(aq) + 2-oxoglutarate(aq) = 2-oxoisocaproate(aq) + L-glutamate(aq), ,00TEW/GOL, , ,298.15,7.2, , ,calorimetry and chromatography, ,mol/kg;IS=0.31;(K)2(HPO4)1=0.1006;(H)3(PO4)1=0.0199;pyridoxal 5-phosphate=0.00023;L-valine=0.002061;2-oxoglutarate=0.002061;2-oxoisovalerate=0.002584;L-glutamate=0.003023  ,2.6.1.42, , ,0.31,0.31, 
4189,354.0,760.0,purine-nucleoside phosphorylase,kegg:C00294 + kegg:C00009 = kegg:C00262 + kegg:C00620,CHB_17596 + CHB_26078 = CHB_17368 + CHB_35425,inosine(aq) + orthophosphate(aq) = hypoxanthine(aq) + D-ribose 1-phosphate(aq), ,47KAL, , ,303.15,7.5,0.019, ,spectrophotometry, ,   ,2.4.2.1, , , , , 
4190,2657.0,761.0,NAD(P)+ transhydrogenase (B-specific),kegg:C00004 + kegg:C00006 = kegg:C00003 + kegg:C00005,CHB_16908 + CHB_18009 = CHB_15846 + CHB_16474,NAD(red)(aq) + NADP(ox)(aq) = NAD(ox)(aq) + NADP(red)(aq), ,77VEE/KRU, , ,298.15,7.6,0.48, ,spectrophotometry, ,mol/L;IS=0.0516;(K)1(Cl)1=0.05 _ KCl (0.05 mol/L) _ ,1.6.1.1, , ,0.0516,0.0516, 
4191,2658.0,762.0,NAD(P)+ transhydrogenase (B-specific),kegg:C00004 + kegg:C00006 = kegg:C00003 + kegg:C00005,CHB_16908 + CHB_18009 = CHB_15846 + CHB_16474,NAD(red)(aq) + NADP(ox)(aq) = NAD(ox)(aq) + NADP(red)(aq), ,77VEE/KRU, , ,298.15,7.6,0.54, ,spectrophotometry, ,mol/L;IS=0.1014;(K)1(Cl)1=0.1 _ KCl (0.1 mol/L) _ ,1.6.1.1, , ,0.1014,0.1014, 
4192,2663.0,763.0,NAD(P)+ transhydrogenase (B-specific),kegg:C00004 + kegg:C00006 = kegg:C00003 + kegg:C00005,CHB_16908 + CHB_18009 = CHB_15846 + CHB_16474,NAD(red)(aq) + NADP(ox)(aq) = NAD(ox)(aq) + NADP(red)(aq), ,77VEE/KRU, , ,298.15,6.11,0.52, ,spectrophotometry, ,mol/L;IS=0.01  ,1.6.1.1, , ,0.01,0.01, 
4193,2662.0,764.0,NAD(P)+ transhydrogenase (B-specific),kegg:C00004 + kegg:C00006 = kegg:C00003 + kegg:C00005,CHB_16908 + CHB_18009 = CHB_15846 + CHB_16474,NAD(red)(aq) + NADP(ox)(aq) = NAD(ox)(aq) + NADP(red)(aq), ,77VEE/KRU, , ,298.15,6.53,0.44, ,spectrophotometry, ,mol/L;IS=0.01  ,1.6.1.1, , ,0.01,0.01, 
4194,2659.0,765.0,NAD(P)+ transhydrogenase (B-specific),kegg:C00004 + kegg:C00006 = kegg:C00003 + kegg:C00005,CHB_16908 + CHB_18009 = CHB_15846 + CHB_16474,NAD(red)(aq) + NADP(ox)(aq) = NAD(ox)(aq) + NADP(red)(aq), ,77VEE/KRU, , ,298.15,7.6,0.33, ,spectrophotometry, ,mol/L;IS=0.0015  ,1.6.1.1, , ,0.0015,0.0015, 
4195,2656.0,766.0,NAD(P)+ transhydrogenase (B-specific),kegg:C00004 + kegg:C00006 = kegg:C00003 + kegg:C00005,CHB_16908 + CHB_18009 = CHB_15846 + CHB_16474,NAD(red)(aq) + NADP(ox)(aq) = NAD(ox)(aq) + NADP(red)(aq), ,77VEE/KRU, , ,298.15,7.6,0.43, ,spectrophotometry, ,mol/L;IS=0.0216;(K)1(Cl)1=0.02 _ KCl (0.02 mol/L) _ ,1.6.1.1, , ,0.0216,0.0216, 
4196,2655.0,767.0,NAD(P)+ transhydrogenase (B-specific),kegg:C00004 + kegg:C00006 = kegg:C00003 + kegg:C00005,CHB_16908 + CHB_18009 = CHB_15846 + CHB_16474,NAD(red)(aq) + NADP(ox)(aq) = NAD(ox)(aq) + NADP(red)(aq), ,77VEE/KRU, , ,298.15,7.6,0.38, ,spectrophotometry, ,mol/L;IS=0.0115;(K)1(Cl)1=0.01 _ KCl (0.01 mol/L) _ ,1.6.1.1, , ,0.0115,0.0115, 
4197,2661.0,768.0,NAD(P)+ transhydrogenase (B-specific),kegg:C00004 + kegg:C00006 = kegg:C00003 + kegg:C00005,CHB_16908 + CHB_18009 = CHB_15846 + CHB_16474,NAD(red)(aq) + NADP(ox)(aq) = NAD(ox)(aq) + NADP(red)(aq), ,77VEE/KRU, , ,298.15,6.99,0.41, ,spectrophotometry, ,mol/L;IS=0.01  ,1.6.1.1, , ,0.01,0.01, 
4198,2660.0,769.0,NAD(P)+ transhydrogenase (B-specific),kegg:C00004 + kegg:C00006 = kegg:C00003 + kegg:C00005,CHB_16908 + CHB_18009 = CHB_15846 + CHB_16474,NAD(red)(aq) + NADP(ox)(aq) = NAD(ox)(aq) + NADP(red)(aq), ,77VEE/KRU, , ,298.15,7.45,0.38, ,spectrophotometry, ,mol/L;IS=0.01  ,1.6.1.1, , ,0.01,0.01, 
4199,2654.0,770.0,NAD(P)+ transhydrogenase (B-specific),kegg:C00004 + kegg:C00006 = kegg:C00003 + kegg:C00005,CHB_16908 + CHB_18009 = CHB_15846 + CHB_16474,NAD(red)(aq) + NADP(ox)(aq) = NAD(ox)(aq) + NADP(red)(aq), ,77VEE/KRU, , ,298.15,7.6,0.35, ,spectrophotometry, ,mol/L;IS=0.0061;(K)1(Cl)1=0.005 _ KCl (0.005 mol/L) _ ,1.6.1.1, , ,0.0061,0.0061, 
4200,,771.0,nitrilase,kegg:C09814 + 2 kegg:C00001 = kegg:C00180 + kegg:C00014, ,benzonitrile(aq) + 2 H2O(aq) = benzoic acid(aq) + ammonia(aq), ,05TEW/GOL, , ,298.15,7.51, , ,calorimetry, , ,3.5.5.1, , ,0.29,0.29, 
4201,,828.0,4-aminobutyrate transaminase,kegg:C00334 + kegg:C00026 = kegg:C00232 + kegg:C00025, ,4-aminobutanoate(aq) + 2-oxoglutarate(aq) = 4-oxobutanoate(aq) + L-glutamate(aq), ,72DUF/NEL, , ,298.15,8.5,0.29, ,enzymatic assay, , ,2.6.1.19, , , , , 
4202,,849.0,#NAME,kegg:C00208 + kegg:C00001 = 2 kegg:C00031, ,maltose(aq) + H2O(l) = 2 D-glucose(aq), ,89TEW/GOL, , ,298.15,5.65, , ,calorimetry, , ,3.2.1.20, , , , , 
4203,,850.0,#NAME,kegg:C00208 + kegg:C00001 = 2 kegg:C00031, ,maltose(aq) + H2O(l) = 2 D-glucose(aq), ,89TEW/GOL, , ,304.55,5.65, , ,calorimetry, , ,3.2.1.20, , , , , 
4204,4235.0,866.0,UDPglucuronate 4-epimerase,kegg:C00167 = kegg:C00617,CHB_17200 = CHB_16085,UDP-D-glucuronate(aq) = UDP-D-galacturonate(aq), ,99MUN/LOP, , ,310.15,7.5,1.3, ,chromatography, ,mol/L;Tris-HCl=0.05  ,5.1.3.6, , , , , 
4205,,890.0,hypoxanthine phosphoribosyltransferase,kegg:C00130 + kegg:C00013 = kegg:C00262 + kegg:C00119, ,IMP(aq) + pyrophosphate(aq) = hypoxanthine(aq) + 5-phospho--D-ribose 1-diphosphate(aq), ,97XU/EAD, , ,303.15,7.4,3.3e-06, ,radioactivity, , ,2.4.2.8, , , , , 
4206,,902.0,hexokinase,kegg:C00002 + kegg:C00031 = kegg:C00008 + kegg:C00092, ,ATP(aq) + D-glucose(aq) = ADP(aq) + D-glucose 6-phosphate(aq), ,76GOL, , ,298.16,8.85, , ,calorimetry, ,0.2 = -log[Mg+2],2.7.1.1, , , , , 
4207,,903.0,hexokinase,kegg:C00002 + kegg:C00031 = kegg:C00008 + kegg:C00092, ,ATP(aq) + D-glucose(aq) = ADP(aq) + D-glucose 6-phosphate(aq), ,76GOL, , ,298.16,8.9, , ,calorimetry, ,0.3 = -log[Mg+2],2.7.1.1, , , , , 
4208,,904.0,hexokinase,kegg:C00002 + kegg:C00031 = kegg:C00008 + kegg:C00092, ,ATP(aq) + D-glucose(aq) = ADP(aq) + D-glucose 6-phosphate(aq), ,76GOL, , ,298.16,8.86, , ,calorimetry, ,0.55 = -log[Mg+2],2.7.1.1, , , , , 
4209,,905.0,hexokinase,kegg:C00002 + kegg:C00031 = kegg:C00008 + kegg:C00092, ,ATP(aq) + D-glucose(aq) = ADP(aq) + D-glucose 6-phosphate(aq), ,76GOL, , ,298.16,8.9, , ,calorimetry, ,0.78 = -log[Mg+2],2.7.1.1, , , , , 
4210,,906.0,hexokinase,kegg:C00002 + kegg:C00031 = kegg:C00008 + kegg:C00092, ,ATP(aq) + D-glucose(aq) = ADP(aq) + D-glucose 6-phosphate(aq), ,76GOL, , ,298.16,8.9, , ,calorimetry, ,1.71 = -log[Mg+2],2.7.1.1, , , , , 
4211,,907.0,hexokinase,kegg:C00002 + kegg:C00031 = kegg:C00008 + kegg:C00092, ,ATP(aq) + D-glucose(aq) = ADP(aq) + D-glucose 6-phosphate(aq), ,76GOL, , ,298.16,8.89, , ,calorimetry, ,1.73 = -log[Mg+2],2.7.1.1, , , , , 
4212,,908.0,hexokinase,kegg:C00002 + kegg:C00031 = kegg:C00008 + kegg:C00092, ,ATP(aq) + D-glucose(aq) = ADP(aq) + D-glucose 6-phosphate(aq), ,76GOL, , ,298.16,8.92, , ,calorimetry, ,1.97 = -log[Mg+2],2.7.1.1, , , , , 
4213,,909.0,hexokinase,kegg:C00002 + kegg:C00031 = kegg:C00008 + kegg:C00092, ,ATP(aq) + D-glucose(aq) = ADP(aq) + D-glucose 6-phosphate(aq), ,76GOL, , ,298.16,8.93, , ,calorimetry, ,2.34 = -log[Mg+2],2.7.1.1, , , , , 
4214,,910.0,hexokinase,kegg:C00002 + kegg:C00031 = kegg:C00008 + kegg:C00092, ,ATP(aq) + D-glucose(aq) = ADP(aq) + D-glucose 6-phosphate(aq), ,76GOL, , ,298.16,8.98, , ,calorimetry, ,2.89 = -log[Mg+2],2.7.1.1, , , , , 
4215,,911.0,hexokinase,kegg:C00002 + kegg:C00031 = kegg:C00008 + kegg:C00092, ,ATP(aq) + D-glucose(aq) = ADP(aq) + D-glucose 6-phosphate(aq), ,76GOL, , ,298.16,8.98, , ,calorimetry, ,3.57 = -log[Mg+2],2.7.1.1, , , , , 
4216,,912.0,hexokinase,kegg:C00002 + kegg:C00031 = kegg:C00008 + kegg:C00092, ,ATP(aq) + D-glucose(aq) = ADP(aq) + D-glucose 6-phosphate(aq), ,76GOL, , ,298.16,8.88, , ,calorimetry, ,1.65 = -log[Mg+2],2.7.1.1, , , , , 
4217,,913.0,hexokinase,kegg:C00002 + kegg:C00031 = kegg:C00008 + kegg:C00092, ,ATP(aq) + D-glucose(aq) = ADP(aq) + D-glucose 6-phosphate(aq), ,76GOL, , ,298.16,8.87, , ,calorimetry, ,1.5 = -log[Mg+2],2.7.1.1, , , , , 
4218,,914.0,hexokinase,kegg:C00002 + kegg:C00031 = kegg:C00008 + kegg:C00092, ,ATP(aq) + D-glucose(aq) = ADP(aq) + D-glucose 6-phosphate(aq), ,76GOL, , ,298.16,8.92, , ,calorimetry, ,1.17 = -log[Mg+2],2.7.1.1, , , , , 
4219,,915.0,hexokinase,kegg:C00002 + kegg:C00031 = kegg:C00008 + kegg:C00092, ,ATP(aq) + D-glucose(aq) = ADP(aq) + D-glucose 6-phosphate(aq), ,76GOL, , ,298.16,8.92, , ,calorimetry, ,1.85 = -log[Mg+2],2.7.1.1, , , , , 
4220,,916.0,hexokinase,kegg:C00002 + kegg:C00031 = kegg:C00008 + kegg:C00092, ,ATP(aq) + D-glucose(aq) = ADP(aq) + D-glucose 6-phosphate(aq), ,76GOL, , ,298.16,8.86, , ,calorimetry, ,1.41 = -log[Mg+2],2.7.1.1, , , , , 
4221,,917.0,hexokinase,kegg:C00002 + kegg:C00031 = kegg:C00008 + kegg:C00092, ,ATP(aq) + D-glucose(aq) = ADP(aq) + D-glucose 6-phosphate(aq), ,76GOL, , ,298.16,8.64, , ,calorimetry, ,1.8 = -log[Mg+2],2.7.1.1, , , , , 
4222,15.0,920.0,2-dehydropantoate 2-reductase,kegg:C00522 + kegg:C00006 = kegg:C00966 + kegg:C00005,CHB_15980 + CHB_18009 = CHB_16474 + CHB_17094,(R)-pantoate(aq) + NADP(ox) = 2-dehydropantoate(aq) + NADP(red)(aq), ,00ZHE/BLA, , ,298.15,7.5,0.00148, ,spectrophotometry, ,mol/L;HEPES=0.1;(R)-pantoate=0.0100824  ,1.1.1.169, , , , , 
4223,,936.0,2-dehydro-3-deoxyheptonate aldolase,kegg:C00074 + kegg:C00279 + kegg:C00001 = kegg:C04691 + kegg:C00009, ,phosphoenolpyruvate(aq) + D-erythrose 4-phosphate(aq) + H2O(l) = 2-dehydro-3-deoxy-D-arabino-heptonate 7-phosphate(aq) + orthophosphate(aq), ,01TEW/KIS, , ,298.15,8.18, , ,calorimetry, , ,4.1.2.15, , ,0.09,0.09, 
4224,131.0,982.0,dihydropyrimidinase,kegg:C00429 + kegg:C00001 = kegg:C02642,CHB_15377 + CHB_15901 = CHB_18261,"5,6-dihydrouracil(aq) + H2O(l) = 3-ureidopropanoic acid(aq)", ,07TEW/KIS, , ,298.15,6.8,25.9, ,chromatography, ,mol/kg;IS=0.28;(K)2(HPO4)1=0.1;(H)3(PO4)1=0.029  ,3.5.2.2, , ,0.28,0.28, 
4225,133.0,983.0,dihydropyrimidinase,kegg:C00429 + kegg:C00001 = kegg:C02642,CHB_15377 + CHB_15901 = CHB_18261,"5,6-dihydrouracil(aq) + H2O(l) = 3-ureidopropanoic acid(aq)", ,07TEW/KIS, , ,298.15,7.84,160.0, ,chromatography, ,mol/kg;IS=0.32;(K)2(HPO4)1=0.1;(H)3(PO4)1=0.003  ,3.5.2.2, , ,0.32,0.32, 
4226,132.0,984.0,dihydropyrimidinase,kegg:C00429 + kegg:C00001 = kegg:C02642,CHB_15377 + CHB_15901 = CHB_18261,"5,6-dihydrouracil(aq) + H2O(l) = 3-ureidopropanoic acid(aq)", ,07TEW/KIS, , ,298.15,7.38,64.8, ,chromatography, ,mol/kg;IS=0.31;(K)2(HPO4)1=0.1;(H)3(PO4)1=0.01  ,3.5.2.2, , ,0.31,0.31, 
4227,135,985.0,dihydropyrimidinase,kegg:C00429 + kegg:C00001 = kegg:C02642,CHB_15377 + PBC_1002 = MAN_10131,"5,6-dihydrouracil(aq) + H2O(l) = 3-ureidopropanoic acid(aq)", ,07TEW/KIS, , ,298.15,7.44, , ,chromatography, ,mol/kg;IS=0.31;(K)2(HPO4)1=0.1;(H)3(PO4)1=0.01 _ nan _ ,3.5.2.2, , ,0.34 & 0.31,0.34, 
4228,,993.0,inorganic pyrophosphatase,kegg:C00013 + kegg:C00001 = 2 kegg:C00009, ,pyrophosphate(aq) + H2O(l) = 2 orthophosphate(aq), ,54GIN/STU, , ,298.15,7.45, , ,calorimetry, ,3.3 = -log[Mg+2],3.6.1.1, , ,0.1,0.1, 
4229,,994.0,inorganic pyrophosphatase,kegg:C00013 + kegg:C00001 = 2 kegg:C00009, ,pyrophosphate(aq) + H2O(l) = 2 orthophosphate(aq), ,54GIN/STU, , ,298.15,7.48, , ,calorimetry, ,3.3 = -log[Mg+2],3.6.1.1, , ,0.1,0.1, 
4230,,995.0,inorganic pyrophosphatase,kegg:C00013 + kegg:C00001 = 2 kegg:C00009, ,pyrophosphate(aq) + H2O(l) = 2 orthophosphate(aq), ,54GIN/STU, , ,298.15,6.98, , ,calorimetry, ,3.52 = -log[Mg+2],3.6.1.1, , ,0.6,0.6, 
4231,,996.0,inorganic pyrophosphatase,kegg:C00013 + kegg:C00001 = 2 kegg:C00009, ,pyrophosphate(aq) + H2O(l) = 2 orthophosphate(aq), ,54GIN/STU, , ,298.15,7.27, , ,calorimetry, ,3.65 = -log[Mg+2],3.6.1.1, , ,0.075,0.075, 
4232,,997.0,inorganic pyrophosphatase,kegg:C00013 + kegg:C00001 = 2 kegg:C00009, ,pyrophosphate(aq) + H2O(l) = 2 orthophosphate(aq), ,54GIN/STU, , ,298.15,7.6, , ,calorimetry, ,3.65 = -log[Mg+2],3.6.1.1, , ,0.075,0.075, 
4233,,998.0,inorganic pyrophosphatase,kegg:C00013 + kegg:C00001 = 2 kegg:C00009, ,pyrophosphate(aq) + H2O(l) = 2 orthophosphate(aq), ,54GIN/STU, , ,298.15,6.87, , ,calorimetry, ,3.6 = -log[Mg+2],3.6.1.1, , ,0.1,0.1, 
4234,,999.0,inorganic pyrophosphatase,kegg:C00013 + kegg:C00001 = 2 kegg:C00009, ,pyrophosphate(aq) + H2O(l) = 2 orthophosphate(aq), ,54GIN/STU, , ,298.15,7.27, , ,calorimetry, ,3.52 = -log[Mg+2],3.6.1.1, , ,0.6,0.6, 
4235,,1000.0,inorganic pyrophosphatase,kegg:C00013 + kegg:C00001 = 2 kegg:C00009, ,pyrophosphate(aq) + H2O(l) = 2 orthophosphate(aq), ,54GIN/STU, , ,298.15,7.27, , ,calorimetry, ,3.52 = -log[Mg+2],3.6.1.1, , ,0.6,0.6, 
4236,,1001.0,inorganic pyrophosphatase,kegg:C00013 + kegg:C00001 = 2 kegg:C00009, ,pyrophosphate(aq) + H2O(l) = 2 orthophosphate(aq), ,54GIN/STU, , ,298.15,7.37, , ,calorimetry, ,3.51 = -log[Mg+2],3.6.1.1, , ,0.6,0.6, 
4237,,1002.0,inorganic pyrophosphatase,kegg:C00013 + kegg:C00001 = 2 kegg:C00009, ,pyrophosphate(aq) + H2O(l) = 2 orthophosphate(aq), ,54GIN/STU, , ,298.15,7.35, , ,calorimetry, ,3.43 = -log[Mg+2],3.6.1.1, , ,0.1,0.1, 
4238,,1003.0,inorganic pyrophosphatase,kegg:C00013 + kegg:C00001 = 2 kegg:C00009, ,pyrophosphate(aq) + H2O(l) = 2 orthophosphate(aq), ,54GIN/STU, , ,298.15,7.51, , ,calorimetry, ,3.6 = -log[Mg+2],3.6.1.1, , ,0.1,0.1, 
4239,,1004.0,inorganic pyrophosphatase,kegg:C00013 + kegg:C00001 = 2 kegg:C00009, ,pyrophosphate(aq) + H2O(l) = 2 orthophosphate(aq), ,54GIN/STU, , ,298.15,7.61, , ,calorimetry, ,3.65 = -log[Mg+2],3.6.1.1, , ,0.075,0.075, 
4240,,1005.0,inorganic pyrophosphatase,kegg:C00013 + kegg:C00001 = 2 kegg:C00009, ,pyrophosphate(aq) + H2O(l) = 2 orthophosphate(aq), ,54GIN/STU, , ,298.15,7.22, , ,calorimetry, ,3.29 = -log[Mg+2],3.6.1.1, , ,1.0,1.0, 
4241,,1006.0,inorganic pyrophosphatase,kegg:C00013 + kegg:C00001 = 2 kegg:C00009, ,pyrophosphate(aq) + H2O(l) = 2 orthophosphate(aq), ,54GIN/STU, , ,298.15,7.19, , ,calorimetry, ,3.52 = -log[Mg+2],3.6.1.1, , ,0.6,0.6, 
4242,,1007.0,inorganic pyrophosphatase,kegg:C00013 + kegg:C00001 = 2 kegg:C00009, ,pyrophosphate(aq) + H2O(l) = 2 orthophosphate(aq), ,54GIN/STU, , ,298.15,7.3, , ,calorimetry, ,3.52 = -log[Mg+2],3.6.1.1, , ,0.6,0.6, 
4243,,1008.0,inorganic pyrophosphatase,kegg:C00013 + kegg:C00001 = 2 kegg:C00009, ,pyrophosphate(aq) + H2O(l) = 2 orthophosphate(aq), ,54GIN/STU, , ,298.15,7.18, , ,calorimetry, ,3.52 = -log[Mg+2],3.6.1.1, , ,0.6,0.6, 
4244,,1009.0,inorganic pyrophosphatase,kegg:C00013 + kegg:C00001 = 2 kegg:C00009, ,pyrophosphate(aq) + H2O(l) = 2 orthophosphate(aq), ,54GIN/STU, , ,298.15,7.27, , ,calorimetry, ,3.52 = -log[Mg+2],3.6.1.1, , ,0.6,0.6, 
4245,,1010.0,inorganic pyrophosphatase,kegg:C00013 + kegg:C00001 = 2 kegg:C00009, ,pyrophosphate(aq) + H2O(l) = 2 orthophosphate(aq), ,54GIN/STU, , ,298.15,7.64, , ,calorimetry, ,3.43 = -log[Mg+2],3.6.1.1, , ,0.1,0.1, 
4246,,1011.0,inorganic pyrophosphatase,kegg:C00013 + kegg:C00001 = 2 kegg:C00009, ,pyrophosphate(aq) + H2O(l) = 2 orthophosphate(aq), ,54GIN/STU, , ,298.15,7.22, , ,calorimetry, ,3.29 = -log[Mg+2],3.6.1.1, , ,1.0,1.0, 
4247,,1012.0,inorganic pyrophosphatase,kegg:C00013 + kegg:C00001 = 2 kegg:C00009, ,pyrophosphate(aq) + H2O(l) = 2 orthophosphate(aq), ,54GIN/STU, , ,298.15,7.15, , ,calorimetry, ,3.52 = -log[Mg+2],3.6.1.1, , ,0.6,0.6, 
4248,,1013.0,inorganic pyrophosphatase,kegg:C00013 + kegg:C00001 = 2 kegg:C00009, ,pyrophosphate(aq) + H2O(l) = 2 orthophosphate(aq), ,54GIN/STU, , ,298.15,6.87, , ,calorimetry, ,3.6 = -log[Mg+2],3.6.1.1, , ,0.1,0.1, 
4249,,1014.0,inorganic pyrophosphatase,kegg:C00013 + kegg:C00001 = 2 kegg:C00009, ,pyrophosphate(aq) + H2O(l) = 2 orthophosphate(aq), ,54GIN/STU, , ,298.15,6.87, , ,calorimetry, ,3.6 = -log[Mg+2],3.6.1.1, , ,0.1,0.1, 
4250,,1015.0,inorganic pyrophosphatase,kegg:C00013 + kegg:C00001 = 2 kegg:C00009, ,pyrophosphate(aq) + H2O(l) = 2 orthophosphate(aq), ,54GIN/STU, , ,298.15,7.49, , ,calorimetry, ,3.6 = -log[Mg+2],3.6.1.1, , ,0.1,0.1, 
4251,,1016.0,inorganic pyrophosphatase,kegg:C00013 + kegg:C00001 = 2 kegg:C00009, ,pyrophosphate(aq) + H2O(l) = 2 orthophosphate(aq), ,54GIN/STU, , ,298.15,7.88, , ,calorimetry, ,3.59 = -log[Mg+2],3.6.1.1, , ,0.1,0.1, 
4252,,1017.0,inorganic pyrophosphatase,kegg:C00013 + kegg:C00001 = 2 kegg:C00009, ,pyrophosphate(aq) + H2O(l) = 2 orthophosphate(aq), ,54GIN/STU, , ,298.15,7.36, , ,calorimetry, ,3.68 = -log[Mg+2],3.6.1.1, , ,0.1,0.1, 
4253,,1018.0,inorganic pyrophosphatase,kegg:C00013 + kegg:C00001 = 2 kegg:C00009, ,pyrophosphate(aq) + H2O(l) = 2 orthophosphate(aq), ,54GIN/STU, , ,298.15,7.47, , ,calorimetry, ,3.6 = -log[Mg+2],3.6.1.1, , ,0.1,0.1, 
4254,,1019.0,inorganic pyrophosphatase,kegg:C00013 + kegg:C00001 = 2 kegg:C00009, ,pyrophosphate(aq) + H2O(l) = 2 orthophosphate(aq), ,54GIN/STU, , ,298.15,7.16, , ,calorimetry, ,3.52 = -log[Mg+2],3.6.1.1, , ,0.6,0.6, 
4255,,1020.0,inorganic pyrophosphatase,kegg:C00013 + kegg:C00001 = 2 kegg:C00009, ,pyrophosphate(aq) + H2O(l) = 2 orthophosphate(aq), ,54GIN/STU, , ,298.15,7.28, , ,calorimetry, ,3.29 = -log[Mg+2],3.6.1.1, , ,1.0,1.0, 
4256,3368,1049.0,alanine racemase,kegg:C00041 = kegg:C00133,CHB_16977 = CHB_15570,L-alanine(aq) = D-alanine(aq), ,85BAD/WAL, , ,310.15,9.0,0.8, ,spectrophotometry, ,mol/L;CHES buffer=0.1 _ nan _ ,5.1.1.1, , ,, , 
4257,4228.0,1091.0,2-oxo-3-deoxy-D-gluconate aldolase,kegg:C00204 = kegg:C00022 + kegg:C00577,CHB_17032 = CHB_15361 + CHB_17378,2-oxo-3-deoxy-D-gluconate(aq) = pyruvate(aq) + D-glyceraldehyde(aq), ,99ELS, , ,313.15,8.0,0.00088, ,spectrophotometry and enzymatic assay, ,   ,4.1.2. & 4.1.2.a & 4.1.2.a, , , , , 
4258,1513.0,1197.0,pyruvate carboxylase,kegg:C00002 + kegg:C00022 + kegg:C00288 = kegg:C00008 + kegg:C00009 + kegg:C00036,CHB_15361 + CHB_15422 + CHB_17544 = CHB_16452 + CHB_16761 + CHB_26078,ATP(aq) + pyruvate(aq) + carbon dioxide(aq) = ADP(aq) + phosphate(aq) + oxaloacetate(aq), ,66WOO/DAV, , ,298.15,7.4,6.55, ,spectrophotometry and enzymatic assay, ,2.35 = -log[Mg+2] _ mol/L;potassium phosphate buffer=0.01;(K)1(HCO3)1=0.01;(Mg)1(Cl)2=0.0045;(K)1(Cl)1=0.045;carbon dioxide=0.00724;orthophosphate=0.0112;ADP=0.00121;ATP=0.0002;pyruvate=0.000645;oxaloacetate=0.000451 _ MgCl2 (0.0045 mol/L) _ ,6.4.1.1, , , , , 
4259,1514.0,1198.0,pyruvate carboxylase,kegg:C00002 + kegg:C00022 + kegg:C00288 = kegg:C00008 + kegg:C00009 + kegg:C00036,CHB_15361 + CHB_15422 + CHB_17544 = CHB_16452 + CHB_16761 + CHB_26078,ATP(aq) + pyruvate(aq) + carbon dioxide(aq) = ADP(aq) + phosphate(aq) + oxaloacetate(aq), ,66WOO/DAV, , ,298.15,8.0,10.2, ,spectrophotometry and enzymatic assay, ,2.35 = -log[Mg+2] _ mol/L;potassium phosphate buffer=0.01;(K)1(HCO3)1=0.01;(Mg)1(Cl)2=0.0045;(K)1(Cl)1=0.045;carbon dioxide=0.00652;orthophosphate=0.0113;ADP=0.00115;ATP=0.000159;pyruvate=0.000679;oxaloacetate=0.00055 _ MgCl2 (0.0045 mol/L) _ ,6.4.1.1, , , , , 
4260,1516.0,1199.0,pyruvate carboxylase,kegg:C00002 + kegg:C00022 + kegg:C00288 = kegg:C00008 + kegg:C00009 + kegg:C00036,CHB_15361 + CHB_15422 + CHB_17544 = CHB_16452 + CHB_16761 + CHB_26078,ATP(aq) + pyruvate(aq) + carbon dioxide(aq) = ADP(aq) + phosphate(aq) + oxaloacetate(aq), ,66WOO/DAV, , ,298.15,7.8,0.59, ,spectrophotometry and enzymatic assay, ,  _ MnCl2 (0.0025 mol/L) _ ,6.4.1.1, , , , , 
4261,1515.0,1200.0,pyruvate carboxylase,kegg:C00002 + kegg:C00022 + kegg:C00288 = kegg:C00008 + kegg:C00009 + kegg:C00036,CHB_15361 + CHB_15422 + CHB_17544 = CHB_16452 + CHB_16761 + CHB_26078,ATP(aq) + pyruvate(aq) + carbon dioxide(aq) = ADP(aq) + phosphate(aq) + oxaloacetate(aq), ,66WOO/DAV, , ,298.15,7.4,6.8, ,spectrophotometry and enzymatic assay, ,2.05 = -log[Mg+2] _ mol/L;potassium phosphate buffer=0.01;(K)1(HCO3)1=0.01;(Mg)1(Cl)2=0.009;(K)1(Cl)1=0.045;carbon dioxide=0.00682;orthophosphate=0.0112;ADP=0.00119;ATP=0.000188;pyruvate=0.000768;oxaloacetate=0.000503 _ MgCl2 (0.009 mol/L) _ ,6.4.1.1, , , , , 
4262,1517.0,1201.0,pyruvate carboxylase,kegg:C00002 + kegg:C00022 + kegg:C00288 = kegg:C00008 + kegg:C00009 + kegg:C00036,CHB_15361 + CHB_15422 + CHB_17544 = CHB_16452 + CHB_16761 + CHB_26078,ATP(aq) + pyruvate(aq) + carbon dioxide(aq) = ADP(aq) + phosphate(aq) + oxaloacetate(aq), ,66WOO/DAV, , ,298.15,7.06,2.0, ,spectrophotometry and enzymatic assay, ,  _ MnCl2 (0.0025 mol/L) _ ,6.4.1.1, , , , , 
4263,1518.0,1202.0,pyruvate carboxylase,kegg:C00002 + kegg:C00022 + kegg:C00288 = kegg:C00008 + kegg:C00009 + kegg:C00036,CHB_15361 + CHB_15422 + CHB_17544 = CHB_16452 + CHB_16761 + CHB_26078,ATP(aq) + pyruvate(aq) + carbon dioxide(aq) = ADP(aq) + phosphate(aq) + oxaloacetate(aq), ,66WOO/DAV, , ,298.15,7.03,1.4, ,spectrophotometry and enzymatic assay, ,  _ MnCl2 (0.0025 mol/L) _ ,6.4.1.1, , , , , 
4264,,1231.0,nicotinate phosphoribosyltransferase,kegg:C01185 + kegg:C00013 = kegg:C00253 + kegg:C00119, ,Nicotinate D-ribonucleotide(aq) + pyrophosphate(aq) = nicotinic acid(aq) + 5-Phospho-alpha-D-ribose 1-diphosphate(aq), ,93VIN/GRU, , ,303.15,8.0,1.5, ,radioactivity, , ,2.4.2.11, , , , , 
4265,3.0,1257.0,anthranilate synthase,kegg:C00251 + kegg:C00014 = kegg:C00108 + kegg:C00022 + kegg:C00001,CHB_16134 + CHB_29748 = CHB_15377 + CHB_49197,chorismate(aq) + ammonia(aq) = anthranilate(aq) + pyruvate(aq) + H2O(l), ,00BYR/GOL, , ,298.15,7.79, , ,"calorimetry, spectrophotometry, and chromatography", ,mol/kg;IS=0.14;Tricine=0.0471;(Na)1(OH)1=0.02953;(Mg)1(Cl)2=0.009963;chorismate=0.00002003;ammonia=0.092693;(Cl)1=0.092693;2-amino-2-deoxyisochorismate=0.0000139;(K)2(HPO4)1=0.003;(K)1(H2PO4)1=0.002;EDTA=0.000005;DTT=0.00001  ,4.1.3.27, , ,0.56 & 0.14,0.56, 
4266,2.0,1258.0,anthranilate synthase,kegg:C00251 + kegg:C00014 = kegg:C18054 + kegg:C00001,CHB_16134 + CHB_29748 = CHB_15377 + CHB_49197,chorismate(aq) + ammonia(aq) = 2-amino-2-deoxyisochorismate(aq) + H2O(l), ,00BYR/GOL, , ,298.15,7.86,8.44, ,"calorimetry, spectrophotometry, and chromatography", ,mol/kg;IS=0.14;Tricine=0.047;(Na)1(OH)1=0.0295;(Mg)1(Cl)2=0.00995;chorismate=0.0000325;ammonia=0.09255;(Cl)1=0.09255;2-amino-2-deoxyisochorismate=0.0000253;(K)2(HPO4)1=0.003;(K)1(H2PO4)1=0.002;EDTA=0.000005;DTT=0.00001  ,4.1.3.27, , ,0.14,0.14, 
4267,0.0,1259.0,anthranilate synthase,kegg:C00251 + kegg:C00014 = kegg:C18054 + kegg:C00001,CHB_16134 + CHB_29748 = CHB_15377 + CHB_49197,chorismate(aq) + ammonia(aq) = 2-amino-2-deoxyisochorismate(aq) + H2O(l), ,00BYR/GOL, , ,288.15,8.08,9.5, ,"calorimetry, spectrophotometry, and chromatography", ,mol/kg;IS=0.15;Tricine=0.0465;(Na)1(OH)1=0.030967;(Mg)1(Cl)2=0.011233;chorismate=0.00005667;ammonia=0.09178;(Cl)1=0.09178;2-amino-2-deoxyisochorismate=0.0000494;(K)2(HPO4)1=0.003;(K)1(H2PO4)1=0.002;EDTA=0.000005;DTT=0.00001  ,4.1.3.27, , ,0.15,0.15, 
4268,,1260.0,anthranilate synthase,kegg:C00251 + kegg:C00014 = kegg:C18054 + kegg:C00001, ,chorismate(aq) + ammonia(aq) = 2-amino-2-deoxyisochorismate(aq) + H2O(l), ,00BYR/GOL, , ,302.75,7.76,7.51, ,"calorimetry, spectrophotometry, and chromatography", , ,4.1.3.27, , ,0.14,0.14, 
4269,1.0,1261.0,anthranilate synthase,kegg:C00251 + kegg:C00014 = kegg:C18054 + kegg:C00001,CHB_16134 + CHB_29748 = CHB_15377 + CHB_49197,chorismate(aq) + ammonia(aq) = 2-amino-2-deoxyisochorismate(aq) + H2O(l), ,00BYR/GOL, , ,293.15,8.0,9.02, ,"calorimetry, spectrophotometry, and chromatography", ,mol/kg;IS=0.15;Tricine=0.0467;(Na)1(OH)1=0.031;(Mg)1(Cl)2=0.01123;chorismate=0.00002413;ammonia=0.092063;(Cl)1=0.092063;2-amino-2-deoxyisochorismate=0.0000201;(K)2(HPO4)1=0.003;(K)1(H2PO4)1=0.002;EDTA=0.000005;DTT=0.00001  ,4.1.3.27, , ,0.15,0.15, 
4270,,1270.0,"glucan 1,4--glucosidase",kegg:C02160 + 2 kegg:C00001 = 3 kegg:C00031, ,isomaltotriose(aq) + 2 H2O(l) = 3 D-glucose(aq), ,91GOL/BEL, , ,298.15,4.44, , ,calorimetry, , ,3.2.1.3, , , , , 
4271,4178,1286.0,"glucan 1,4--glucosidase",kegg:C00252 + kegg:C00001 = 2 kegg:C00031,CHB_15377 + CHB_28189 = 2 CHB_4167,-isomaltose(aq) + H2O(l) = 2 D-glucose(aq), ,97PES/PRI, , ,318.15,4.5,81.0, ,GC + MS, ,mol/L;acetate buffer=0.05 _ nan _ ,3.2.1.3, , ,, , 
4272,4179,1287.0,"glucan 1,4--glucosidase",kegg:C00252 + kegg:C00001 = 2 kegg:C00031,CHB_15377 + PBC_10357 = 2 CHB_4167,-isomaltose(aq) + H2O(l) = 2 D-glucose(aq), ,97PES/PRI, , ,318.15,4.5,65.0, ,GC + MS, ,mol/L;acetate buffer=0.05 _ nan _ ,3.2.1.3, , ,, , 
4273,,1290.0,xanthine oxidase,kegg:C00385 + kegg:C00001 + kegg:C00007 = kegg:C00366 + kegg:C00027, ,xanthine(aq) + H2O(l) + O2(aq) = urate(aq) + H2O2(aq), ,98LIA/WAN, , ,298.15,7.5, , ,calorimetry, , ,1.1.3.22, , , , , 
4274,1770,1399.0,glyoxylate reductase,kegg:C00258 + kegg:C00003 = kegg:C00168 + kegg:C00004,CHB_15846 + CHB_16659 = CHB_16908 + CHB_30841,(R)-glycerate(aq) + NAD(aq) = hydroxypyruvate(aq) + NADH(aq), ,68KOH/WAR, , ,298.15,8.83,0.0004, ,spectrophotometry, ,mol/L;Tris-HCl=0.2 _ nan _ ,1.1.1.26, , ,, , 
4275,1771.0,1400.0,glyoxylate reductase,kegg:C00258 + kegg:C00003 = kegg:C00168 + kegg:C00004,CHB_15846 + CHB_16659 = CHB_16908 + CHB_30841,(R)-glycerate(aq) + NAD(aq) = hydroxypyruvate(aq) + NADH(aq), ,68KOH/WAR, , ,298.15,8.5,0.00023, ,spectrophotometry, ,mol/L;Tris-HCl=0.2  ,1.1.1.26, , , , , 
4276,1772,1401.0,glyoxylate reductase,kegg:C00258 + kegg:C00003 = kegg:C00168 + kegg:C00004,CHB_15846 + CHB_16659 = CHB_16908 + CHB_30841,(R)-glycerate(aq) + NAD(aq) = hydroxypyruvate(aq) + NADH(aq), ,68KOH/WAR, , ,298.15,8.15,7.4e-05, ,spectrophotometry, ,mol/L;Tris-HCl=0.2 _ nan _ ,1.1.1.26, , ,, , 
4277,1773.0,1402.0,glyoxylate reductase,kegg:C00258 + kegg:C00003 = kegg:C00168 + kegg:C00004,CHB_15846 + CHB_16659 = CHB_16908 + CHB_30841,(R)-glycerate(aq) + NAD(aq) = hydroxypyruvate(aq) + NADH(aq), ,68KOH/WAR, , ,298.15,8.5,0.00023, ,spectrophotometry, ,mol/L;potassium phosphate buffer=0.064  ,1.1.1.26, , , , , 
4278,4226.0,1576.0,phosphoserine transferase,kegg:C01005 + kegg:C00026 = kegg:C03232 + kegg:C00025,CHB_15811 + CHB_16810 = CHB_18110 + CHB_29985,O-phospho-L-serine(aq) + 2-oxoglutarate(aq) = 3-phosphonooxypyruvate(aq) + L-glutamate(aq), ,99BAS/MAR, , ,305.0,7.8,0.025, ,spectrophotometry, ,   ,2.6.1.52, , , , , 
4279,2923.0,1581.0,4-aminobutyrate transaminase,kegg:C00334 + kegg:C00026 = kegg:C00232 + kegg:C00025,CHB_16810 + CHB_30566 = CHB_29985 + CHB_57706,4-aminobutanoate(aq) + 2-oxoglutarate(aq) = 4-oxobutanoate(aq) + L-glutamate(aq), ,79VAN/DEB, , ,295.15,8.5,0.04, ,spectrophotometry and radioactivity, ,mol/L;Tris-HCl=0.05;2-mercaptoethanol=0.02  ,2.6.1.19, , , , , 
4280,32.0,1582.0,D-lactate dehydrogenase,kegg:C00256 + kegg:C00003 = kegg:C00022 + kegg:C00004,CHB_15846 + CHB_16004 = CHB_15361 + CHB_16908,(R)-lactate(aq) + NAD(ox)(aq) = pyruvate(aq) + NAD(red)(aq), ,02ISO/KOI, , ,298.15,8.0,0.0037, ,spectrophotometry, ,mol/L;Tris-HCl=0.2  ,1.1.1.28, , , , , 
4281,33.0,1583.0,D-lactate dehydrogenase,kegg:C05984 + kegg:C00003 = kegg:C00109 + kegg:C00004,CHB_1148 + CHB_15846 = CHB_16763 + CHB_16908,D-2-hydroxy-n-butanoate(aq) + NAD(ox)(aq) = 2-oxobutanoate(aq) + NAD(red)(aq), ,02ISO/KOI, , ,298.15,8.0,0.0028, ,spectrophotometry, ,mol/L;Tris-HCl=0.2  ,1.1.1.28, , , , , 
4282,,1585.0,"glucan 1,4--glucosidase",kegg:C01936 + 5 kegg:C00001 = 6 kegg:C00031, ,maltohexaose(aq) + 5 H2O(l) = 6 D-glucose(aq), ,91GOL/BEL, , ,298.15,4.44, , ,calorimetry, , ,3.2.1.3, , , , , 
4283,,1586.0,"glucan 1,4--glucosidase",kegg:C01936 + 5 kegg:C00001 = 6 kegg:C00031, ,maltohexaose(aq) + 5 H2O(l) = 6 D-glucose(aq), ,91GOL/BEL, , ,304.65,4.44, , ,calorimetry, , ,3.2.1.3, , , , , 
4284,,1587.0,"glucan 1,4--glucosidase",kegg:C01936 + 5 kegg:C00001 = 6 kegg:C00031, ,maltohexaose(aq) + 5 H2O(l) = 6 D-glucose(aq), ,91GOL/BEL, , ,311.15,4.44, , ,calorimetry, , ,3.2.1.3, , , , , 
4285,,1588.0,"glucan 1,4--glucosidase",kegg:C02052 + 3 kegg:C00001 = 4 kegg:C00031, ,maltotetraose(aq) + 3 H2O(l) = 4 D-glucose(aq), ,91GOL/BEL, , ,298.15,4.44, , ,calorimetry, , ,3.2.1.3, , , , , 
4286,,1589.0,"glucan 1,4--glucosidase",kegg:C00208 + kegg:C00001 = 2 kegg:C00031, ,maltose(aq) + H2O(l) = 2 D-glucose(aq), ,91GOL/BEL, , ,298.15,4.44, , ,calorimetry, , ,3.2.1.3, , , , , 
4287,,1590.0,"glucan 1,4--glucosidase",kegg:C01835 + 2 kegg:C00001 = 3 kegg:C00031, ,maltotriose(aq) + 2 H2O(l) = 3 D-glucose(aq), ,91GOL/BEL, , ,298.15,4.44, , ,calorimetry, , ,3.2.1.3, , , , , 
4288,,1601.0,adenosinetriphosphatase,kegg:C00002 + kegg:C00001 = kegg:C00008 + kegg:C00009, ,ATP(aq) + H2O(l) = ADP(aq) + orthophosphate(aq), ,04LI/LI, , ,310.15,7.4, , ,calorimetry, , ,3.6.1.3, , , , , 
4289,94.0,1645.0,alcohol dehydrogenase,kegg:C01845 + kegg:C00006 = kegg:C00207 + kegg:C00005,CHB_17824 + CHB_18009 = CHB_15347 + CHB_16474,2-propanol(aq) + NADP(ox)(aq) = acetone(aq) + NADP(red)(aq), ,03KIN, , ,278.15,7.82,0.126, ,spectrophotometry coupled with enzymatic assay, ,mol/L;IS=0.25;(K)1(Cl)1=0.174;(K)1(H2PO4)1=0.00125;(K)2(HPO4)1=0.02375;NADP=0.000244;NADPH=0.0000972  ,1.1.1.2, , ,0.25,0.25, 
4290,105.0,1646.0,alcohol dehydrogenase,kegg:C01845 + kegg:C00006 = kegg:C00207 + kegg:C00005,CHB_17824 + CHB_18009 = CHB_15347 + CHB_16474,2-propanol(aq) + NADP(ox)(aq) = acetone(aq) + NADP(red)(aq), ,03KIN, , ,298.15,7.49,0.162, ,spectrophotometry coupled with enzymatic assay, ,mol/L;IS=0.25;(K)1(Cl)1=0.176;(K)1(H2PO4)1=0.0025;(K)2(HPO4)1=0.0225;NADP=0.000236;NADPH=0.00011  ,1.1.1.2, , ,0.25,0.25, 
4291,73.0,1647.0,alcohol dehydrogenase,kegg:C01845 + kegg:C00006 = kegg:C00207 + kegg:C00005,CHB_17824 + CHB_18009 = CHB_15347 + CHB_16474,2-propanol(aq) + NADP(ox)(aq) = acetone(aq) + NADP(red)(aq), ,03KIN, , ,298.15,6.75,0.0353, ,spectrophotometry coupled with enzymatic assay, ,mol/L;IS=0.25;(K)1(Cl)1=0.196;(K)1(H2PO4)1=0.0125;(K)2(HPO4)1=0.0125;NADP=0.000333;NADPH=0.0000579  ,1.1.1.2, , ,0.25,0.25, 
4292,103.0,1648.0,alcohol dehydrogenase,kegg:C01845 + kegg:C00006 = kegg:C00207 + kegg:C00005,CHB_17824 + CHB_18009 = CHB_15347 + CHB_16474,2-propanol(aq) + NADP(ox)(aq) = acetone(aq) + NADP(red)(aq), ,03KIN, , ,298.15,6.67,0.026, ,spectrophotometry coupled with enzymatic assay, ,mol/L;IS=0.25;(K)1(Cl)1=0.196;(K)1(H2PO4)1=0.0125;(K)2(HPO4)1=0.0125;NADP=0.000302;NADPH=0.0000489  ,1.1.1.2, , ,0.25,0.25, 
4293,101.0,1649.0,alcohol dehydrogenase,kegg:C01845 + kegg:C00006 = kegg:C00207 + kegg:C00005,CHB_17824 + CHB_18009 = CHB_15347 + CHB_16474,2-propanol(aq) + NADP(ox)(aq) = acetone(aq) + NADP(red)(aq), ,03KIN, , ,298.15,5.71,0.00344, ,spectrophotometry coupled with enzymatic assay, ,mol/L;IS=0.25;(K)1(Cl)1=0.216;(K)1(H2PO4)1=0.0225;(K)2(HPO4)1=0.0025;NADP=0.000335;NADPH=0.0000141  ,1.1.1.2, , ,0.25,0.25, 
4294,68.0,1650.0,alcohol dehydrogenase,kegg:C01845 + kegg:C00006 = kegg:C00207 + kegg:C00005,CHB_17824 + CHB_18009 = CHB_15347 + CHB_16474,2-propanol(aq) + NADP(ox)(aq) = acetone(aq) + NADP(red)(aq), ,03KIN, , ,288.15,7.31,0.0656, ,spectrophotometry coupled with enzymatic assay, ,mol/L;IS=0.25;(K)1(Cl)1=0.184;(K)1(H2PO4)1=0.00625;(K)2(HPO4)1=0.01875;NADP=0.000322;NADPH=0.0000806  ,1.1.1.2, , ,0.25,0.25, 
4295,60.0,1651.0,alcohol dehydrogenase,kegg:C01845 + kegg:C00006 = kegg:C00207 + kegg:C00005,CHB_17824 + CHB_18009 = CHB_15347 + CHB_16474,2-propanol(aq) + NADP(ox)(aq) = acetone(aq) + NADP(red)(aq), ,03KIN, , ,278.15,6.43,0.00673, ,spectrophotometry coupled with enzymatic assay, ,mol/L;IS=0.25;(K)1(Cl)1=0.209;(K)1(H2PO4)1=0.01875;(K)2(HPO4)1=0.00625;NADP=0.000357;NADPH=0.000023  ,1.1.1.2, , ,0.25,0.25, 
4296,85.0,1652.0,alcohol dehydrogenase,kegg:C01845 + kegg:C00006 = kegg:C00207 + kegg:C00005,CHB_17824 + CHB_18009 = CHB_15347 + CHB_16474,2-propanol(aq) + NADP(ox)(aq) = acetone(aq) + NADP(red)(aq), ,03KIN, , ,313.15,6.69,0.0646, ,spectrophotometry coupled with enzymatic assay, ,mol/L;IS=0.25;(K)1(Cl)1=0.196;(K)1(H2PO4)1=0.0125;(K)2(HPO4)1=0.0125;NADP=0.000293;NADPH=0.0000646  ,1.1.1.2, , ,0.25,0.25, 
4297,102.0,1653.0,alcohol dehydrogenase,kegg:C01845 + kegg:C00006 = kegg:C00207 + kegg:C00005,CHB_17824 + CHB_18009 = CHB_15347 + CHB_16474,2-propanol(aq) + NADP(ox)(aq) = acetone(aq) + NADP(red)(aq), ,03KIN, , ,298.15,6.19,0.00925, ,spectrophotometry coupled with enzymatic assay, ,mol/L;IS=0.25;(K)1(Cl)1=0.209;(K)1(H2PO4)1=0.01875;(K)2(HPO4)1=0.00625;NADP=0.000318;NADPH=0.0000262  ,1.1.1.2, , ,0.25,0.25, 
4298,117.0,1654.0,alcohol dehydrogenase,kegg:C01845 + kegg:C00006 = kegg:C00207 + kegg:C00005,CHB_17824 + CHB_18009 = CHB_15347 + CHB_16474,2-propanol(aq) + NADP(ox)(aq) = acetone(aq) + NADP(red)(aq), ,03KIN, , ,313.15,7.4,0.328, ,spectrophotometry coupled with enzymatic assay, ,mol/L;IS=0.25;(K)1(Cl)1=0.176;(K)1(H2PO4)1=0.0025;(K)2(HPO4)1=0.0225;NADP=0.000197;NADPH=0.000133  ,1.1.1.2, , ,0.25,0.25, 
4299,63.0,1655.0,alcohol dehydrogenase,kegg:C01845 + kegg:C00006 = kegg:C00207 + kegg:C00005,CHB_17824 + CHB_18009 = CHB_15347 + CHB_16474,2-propanol(aq) + NADP(ox)(aq) = acetone(aq) + NADP(red)(aq), ,03KIN, , ,278.15,7.87,0.155, ,spectrophotometry coupled with enzymatic assay, ,mol/L;IS=0.25;(K)1(Cl)1=0.176;(K)1(H2PO4)1=0.0025;(K)2(HPO4)1=0.0225;NADP=0.000277;NADPH=0.000118  ,1.1.1.2, , ,0.25,0.25, 
4300,95.0,1656.0,alcohol dehydrogenase,kegg:C01845 + kegg:C00006 = kegg:C00207 + kegg:C00005,CHB_17824 + CHB_18009 = CHB_15347 + CHB_16474,2-propanol(aq) + NADP(ox)(aq) = acetone(aq) + NADP(red)(aq), ,03KIN, , ,288.15,5.79,0.00239, ,spectrophotometry coupled with enzymatic assay, ,mol/L;IS=0.25;(K)1(Cl)1=0.216;(K)1(H2PO4)1=0.0225;(K)2(HPO4)1=0.0025;NADP=0.000337;NADPH=0.0000128  ,1.1.1.2, , ,0.25,0.25, 
4301,112.0,1657.0,alcohol dehydrogenase,kegg:C01845 + kegg:C00006 = kegg:C00207 + kegg:C00005,CHB_17824 + CHB_18009 = CHB_15347 + CHB_16474,2-propanol(aq) + NADP(ox)(aq) = acetone(aq) + NADP(red)(aq), ,03KIN, , ,308.15,7.62,0.393, ,spectrophotometry coupled with enzymatic assay, ,mol/L;IS=0.25;(K)1(Cl)1=0.174;(K)1(H2PO4)1=0.00125;(K)2(HPO4)1=0.02375;NADP=0.000194;NADPH=0.000149  ,1.1.1.2, , ,0.25,0.25, 
4302,75.0,1658.0,alcohol dehydrogenase,kegg:C01845 + kegg:C00006 = kegg:C00207 + kegg:C00005,CHB_17824 + CHB_18009 = CHB_15347 + CHB_16474,2-propanol(aq) + NADP(ox)(aq) = acetone(aq) + NADP(red)(aq), ,03KIN, , ,298.15,7.72,0.292, ,spectrophotometry coupled with enzymatic assay, ,mol/L;IS=0.25;(K)1(Cl)1=0.176;(K)1(H2PO4)1=0.0025;(K)2(HPO4)1=0.0225;NADP=0.000251;NADPH=0.000145  ,1.1.1.2, , ,0.25,0.25, 
4303,79.0,1659.0,alcohol dehydrogenase,kegg:C01845 + kegg:C00006 = kegg:C00207 + kegg:C00005,CHB_17824 + CHB_18009 = CHB_15347 + CHB_16474,2-propanol(aq) + NADP(ox)(aq) = acetone(aq) + NADP(red)(aq), ,03KIN, , ,308.15,6.7,0.0558, ,spectrophotometry coupled with enzymatic assay, ,mol/L;IS=0.25;(K)1(Cl)1=0.196;(K)1(H2PO4)1=0.0125;(K)2(HPO4)1=0.0125;NADP=0.000307;NADPH=0.000067  ,1.1.1.2, , ,0.25,0.25, 
4304,,1660.0,alcohol dehydrogenase,kegg:C01845 + kegg:C00006 = kegg:C00207 + kegg:C00005, ,2-propanol(aq) + NADP(ox)(aq) = acetone(aq) + NADP(red)(aq), ,03KIN, , ,308.15,6.13,0.00145, ,spectrophotometry coupled with enzymatic assay, , ,1.1.1.2, , ,0.25,0.25, 
4305,113.0,1661.0,alcohol dehydrogenase,kegg:C01845 + kegg:C00006 = kegg:C00207 + kegg:C00005,CHB_17824 + CHB_18009 = CHB_15347 + CHB_16474,2-propanol(aq) + NADP(ox)(aq) = acetone(aq) + NADP(red)(aq), ,03KIN, , ,313.15,5.63,0.00533, ,spectrophotometry coupled with enzymatic assay, ,mol/L;IS=0.25;(K)1(Cl)1=0.216;(K)1(H2PO4)1=0.0225;(K)2(HPO4)1=0.0025;NADP=0.000294;NADPH=0.00001  ,1.1.1.2, , ,0.25,0.25, 
4306,64.0,1662.0,alcohol dehydrogenase,kegg:C01845 + kegg:C00006 = kegg:C00207 + kegg:C00005,CHB_17824 + CHB_18009 = CHB_15347 + CHB_16474,2-propanol(aq) + NADP(ox)(aq) = acetone(aq) + NADP(red)(aq), ,03KIN, , ,278.15,8.19,0.357, ,spectrophotometry coupled with enzymatic assay, ,mol/L;IS=0.25;(K)1(Cl)1=0.174;(K)1(H2PO4)1=0.00125;(K)2(HPO4)1=0.02375;NADP=0.000231;NADPH=0.000154  ,1.1.1.2, , ,0.25,0.25, 
4307,72.0,1663.0,alcohol dehydrogenase,kegg:C01845 + kegg:C00006 = kegg:C00207 + kegg:C00005,CHB_17824 + CHB_18009 = CHB_15347 + CHB_16474,2-propanol(aq) + NADP(ox)(aq) = acetone(aq) + NADP(red)(aq), ,03KIN, , ,298.15,6.3,0.0132, ,spectrophotometry coupled with enzymatic assay, ,mol/L;IS=0.25;(K)1(Cl)1=0.209;(K)1(H2PO4)1=0.01875;(K)2(HPO4)1=0.00625;NADP=0.000342;NADPH=0.0000309  ,1.1.1.2, , ,0.25,0.25, 
4308,104.0,1664.0,alcohol dehydrogenase,kegg:C01845 + kegg:C00006 = kegg:C00207 + kegg:C00005,CHB_17824 + CHB_18009 = CHB_15347 + CHB_16474,2-propanol(aq) + NADP(ox)(aq) = acetone(aq) + NADP(red)(aq), ,03KIN, , ,298.15,7.11,0.0701, ,spectrophotometry coupled with enzymatic assay, ,mol/L;IS=0.25;(K)1(Cl)1=0.184;(K)1(H2PO4)1=0.00625;(K)2(HPO4)1=0.01875;NADP=0.00027;NADPH=0.0000773  ,1.1.1.2, , ,0.25,0.25, 
4309,,1665.0,alcohol dehydrogenase,kegg:C01845 + kegg:C00006 = kegg:C00207 + kegg:C00005, ,2-propanol(aq) + NADP(ox)(aq) = acetone(aq) + NADP(red)(aq), ,03KIN, , ,298.15,7.11,0.0701, ,spectrophotometry coupled with enzymatic assay, , ,1.1.1.2, , ,0.25,0.25, 
4310,86.0,1666.0,alcohol dehydrogenase,kegg:C01845 + kegg:C00006 = kegg:C00207 + kegg:C00005,CHB_17824 + CHB_18009 = CHB_15347 + CHB_16474,2-propanol(aq) + NADP(ox)(aq) = acetone(aq) + NADP(red)(aq), ,03KIN, , ,313.15,7.18,0.191, ,spectrophotometry coupled with enzymatic assay, ,mol/L;IS=0.25;(K)1(Cl)1=0.184;(K)1(H2PO4)1=0.00625;(K)2(HPO4)1=0.01875;NADP=0.000258;NADPH=0.000119  ,1.1.1.2, , ,0.25,0.25, 
4311,97.0,1667.0,alcohol dehydrogenase,kegg:C01845 + kegg:C00006 = kegg:C00207 + kegg:C00005,CHB_17824 + CHB_18009 = CHB_15347 + CHB_16474,2-propanol(aq) + NADP(ox)(aq) = acetone(aq) + NADP(red)(aq), ,03KIN, , ,288.15,6.73,0.0169, ,spectrophotometry coupled with enzymatic assay, ,mol/L;IS=0.25;(K)1(Cl)1=0.196;(K)1(H2PO4)1=0.0125;(K)2(HPO4)1=0.0125;NADP=0.000316;NADPH=0.00004  ,1.1.1.2, , ,0.25,0.25, 
4312,99.0,1668.0,alcohol dehydrogenase,kegg:C01845 + kegg:C00006 = kegg:C00207 + kegg:C00005,CHB_17824 + CHB_18009 = CHB_15347 + CHB_16474,2-propanol(aq) + NADP(ox)(aq) = acetone(aq) + NADP(red)(aq), ,03KIN, , ,288.15,7.55,0.104, ,spectrophotometry coupled with enzymatic assay, ,mol/L;IS=0.25;(K)1(Cl)1=0.176;(K)1(H2PO4)1=0.0025;(K)2(HPO4)1=0.0225;NADP=0.000262;NADPH=0.0000916  ,1.1.1.2, , ,0.25,0.25, 
4313,110.0,1669.0,alcohol dehydrogenase,kegg:C01845 + kegg:C00006 = kegg:C00207 + kegg:C00005,CHB_17824 + CHB_18009 = CHB_15347 + CHB_16474,2-propanol(aq) + NADP(ox)(aq) = acetone(aq) + NADP(red)(aq), ,03KIN, , ,308.15,7.06,0.113, ,spectrophotometry coupled with enzymatic assay, ,mol/L;IS=0.25;(K)1(Cl)1=0.184;(K)1(H2PO4)1=0.00625;(K)2(HPO4)1=0.01875;NADP=0.000248;NADPH=0.0000906  ,1.1.1.2, , ,0.25,0.25, 
4314,118.0,1670.0,alcohol dehydrogenase,kegg:C01845 + kegg:C00006 = kegg:C00207 + kegg:C00005,CHB_17824 + CHB_18009 = CHB_15347 + CHB_16474,2-propanol(aq) + NADP(ox)(aq) = acetone(aq) + NADP(red)(aq), ,03KIN, , ,313.15,7.59,0.435, ,spectrophotometry coupled with enzymatic assay, ,mol/L;IS=0.25;(K)1(Cl)1=0.174;(K)1(H2PO4)1=0.00125;(K)2(HPO4)1=0.02375;NADP=0.000182;NADPH=0.000153  ,1.1.1.2, , ,0.25,0.25, 
4315,74.0,1671.0,alcohol dehydrogenase,kegg:C01845 + kegg:C00006 = kegg:C00207 + kegg:C00005,CHB_17824 + CHB_18009 = CHB_15347 + CHB_16474,2-propanol(aq) + NADP(ox)(aq) = acetone(aq) + NADP(red)(aq), ,03KIN, , ,298.15,7.25,0.0967, ,spectrophotometry coupled with enzymatic assay, ,mol/L;IS=0.25;(K)1(Cl)1=0.184;(K)1(H2PO4)1=0.00625;(K)2(HPO4)1=0.01875;NADP=0.000302;NADPH=0.0000978  ,1.1.1.2, , ,0.25,0.25, 
4316,76.0,1672.0,alcohol dehydrogenase,kegg:C01845 + kegg:C00006 = kegg:C00207 + kegg:C00005,CHB_17824 + CHB_18009 = CHB_15347 + CHB_16474,2-propanol(aq) + NADP(ox)(aq) = acetone(aq) + NADP(red)(aq), ,03KIN, , ,298.15,8.02,0.551, ,spectrophotometry coupled with enzymatic assay, ,mol/L;IS=0.25;(K)1(Cl)1=0.174;(K)1(H2PO4)1=0.00125;(K)2(HPO4)1=0.02375;NADP=0.000223;NADPH=0.000175  ,1.1.1.2, , ,0.25,0.25, 
4317,77.0,1673.0,alcohol dehydrogenase,kegg:C01845 + kegg:C00006 = kegg:C00207 + kegg:C00005,CHB_17824 + CHB_18009 = CHB_15347 + CHB_16474,2-propanol(aq) + NADP(ox)(aq) = acetone(aq) + NADP(red)(aq), ,03KIN, , ,308.15,5.87,0.00938, ,spectrophotometry coupled with enzymatic assay, ,mol/L;IS=0.25;(K)1(Cl)1=0.216;(K)1(H2PO4)1=0.0225;(K)2(HPO4)1=0.0025;NADP=0.000334;NADPH=0.0000166  ,1.1.1.2, , ,0.25,0.25, 
4318,,1674.0,alcohol dehydrogenase,kegg:C01845 + kegg:C00006 = kegg:C00207 + kegg:C00005, ,2-propanol(aq) + NADP(ox)(aq) = acetone(aq) + NADP(red)(aq), ,03KIN, , ,313.15,6.1,0.00145, ,spectrophotometry coupled with enzymatic assay, , ,1.1.1.2, , ,0.25,0.25, 
4319,87.0,1675.0,alcohol dehydrogenase,kegg:C01845 + kegg:C00006 = kegg:C00207 + kegg:C00005,CHB_17824 + CHB_18009 = CHB_15347 + CHB_16474,2-propanol(aq) + NADP(ox)(aq) = acetone(aq) + NADP(red)(aq), ,03KIN, , ,313.15,7.65,0.579, ,spectrophotometry coupled with enzymatic assay, ,mol/L;IS=0.25;(K)1(Cl)1=0.176;(K)1(H2PO4)1=0.0025;(K)2(HPO4)1=0.0225;NADP=0.000205;NADPH=0.000179  ,1.1.1.2, , ,0.25,0.25, 
4320,92.0,1676.0,alcohol dehydrogenase,kegg:C01845 + kegg:C00006 = kegg:C00207 + kegg:C00005,CHB_17824 + CHB_18009 = CHB_15347 + CHB_16474,2-propanol(aq) + NADP(ox)(aq) = acetone(aq) + NADP(red)(aq), ,03KIN, , ,278.15,7.25,0.0277, ,spectrophotometry coupled with enzymatic assay, ,mol/L;IS=0.25;(K)1(Cl)1=0.184;(K)1(H2PO4)1=0.00625;(K)2(HPO4)1=0.01875;NADP=0.000304;NADPH=0.0000523  ,1.1.1.2, , ,0.25,0.25, 
4321,70.0,1677.0,alcohol dehydrogenase,kegg:C01845 + kegg:C00006 = kegg:C00207 + kegg:C00005,CHB_17824 + CHB_18009 = CHB_15347 + CHB_16474,2-propanol(aq) + NADP(ox)(aq) = acetone(aq) + NADP(red)(aq), ,03KIN, , ,288.15,8.11,0.381, ,spectrophotometry coupled with enzymatic assay, ,mol/L;IS=0.25;(K)1(Cl)1=0.174;(K)1(H2PO4)1=0.00125;(K)2(HPO4)1=0.02375;NADP=0.000243;NADPH=0.000153  ,1.1.1.2, , ,0.25,0.25, 
4322,81.0,1678.0,alcohol dehydrogenase,kegg:C01845 + kegg:C00006 = kegg:C00207 + kegg:C00005,CHB_17824 + CHB_18009 = CHB_15347 + CHB_16474,2-propanol(aq) + NADP(ox)(aq) = acetone(aq) + NADP(red)(aq), ,03KIN, , ,308.15,7.66,0.477, ,spectrophotometry coupled with enzymatic assay, ,mol/L;IS=0.25;(K)1(Cl)1=0.176;(K)1(H2PO4)1=0.0025;(K)2(HPO4)1=0.0225;NADP=0.000216;NADPH=0.00017  ,1.1.1.2, , ,0.25,0.25, 
4323,111.0,1679.0,alcohol dehydrogenase,kegg:C01845 + kegg:C00006 = kegg:C00207 + kegg:C00005,CHB_17824 + CHB_18009 = CHB_15347 + CHB_16474,2-propanol(aq) + NADP(ox)(aq) = acetone(aq) + NADP(red)(aq), ,03KIN, , ,308.15,7.43,0.251, ,spectrophotometry coupled with enzymatic assay, ,mol/L;IS=0.25;(K)1(Cl)1=0.176;(K)1(H2PO4)1=0.0025;(K)2(HPO4)1=0.0225;NADP=0.000217;NADPH=0.00013  ,1.1.1.2, , ,0.25,0.25, 
4324,115.0,1680.0,alcohol dehydrogenase,kegg:C01845 + kegg:C00006 = kegg:C00207 + kegg:C00005,CHB_17824 + CHB_18009 = CHB_15347 + CHB_16474,2-propanol(aq) + NADP(ox)(aq) = acetone(aq) + NADP(red)(aq), ,03KIN, , ,313.15,6.58,0.0519, ,spectrophotometry coupled with enzymatic assay, ,mol/L;IS=0.25;(K)1(Cl)1=0.196;(K)1(H2PO4)1=0.0125;(K)2(HPO4)1=0.0125;NADP=0.000261;NADPH=0.0000512  ,1.1.1.2, , ,0.25,0.25, 
4325,93.0,1681.0,alcohol dehydrogenase,kegg:C01845 + kegg:C00006 = kegg:C00207 + kegg:C00005,CHB_17824 + CHB_18009 = CHB_15347 + CHB_16474,2-propanol(aq) + NADP(ox)(aq) = acetone(aq) + NADP(red)(aq), ,03KIN, , ,278.15,7.62,0.0706, ,spectrophotometry coupled with enzymatic assay, ,mol/L;IS=0.25;(K)1(Cl)1=0.176;(K)1(H2PO4)1=0.0025;(K)2(HPO4)1=0.0225;NADP=0.000274;NADPH=0.0000789  ,1.1.1.2, , ,0.25,0.25, 
4326,82.0,1682.0,alcohol dehydrogenase,kegg:C01845 + kegg:C00006 = kegg:C00207 + kegg:C00005,CHB_17824 + CHB_18009 = CHB_15347 + CHB_16474,2-propanol(aq) + NADP(ox)(aq) = acetone(aq) + NADP(red)(aq), ,03KIN, , ,308.15,7.96,0.882, ,spectrophotometry coupled with enzymatic assay, ,mol/L;IS=0.25;(K)1(Cl)1=0.174;(K)1(H2PO4)1=0.00125;(K)2(HPO4)1=0.02375;NADP=0.000186;NADPH=0.000206  ,1.1.1.2, , ,0.25,0.25, 
4327,62.0,1683.0,alcohol dehydrogenase,kegg:C01845 + kegg:C00006 = kegg:C00207 + kegg:C00005,CHB_17824 + CHB_18009 = CHB_15347 + CHB_16474,2-propanol(aq) + NADP(ox)(aq) = acetone(aq) + NADP(red)(aq), ,03KIN, , ,278.15,7.38,0.0459, ,spectrophotometry coupled with enzymatic assay, ,mol/L;IS=0.25;(K)1(Cl)1=0.184;(K)1(H2PO4)1=0.00625;(K)2(HPO4)1=0.01875;NADP=0.000326;NADPH=0.0000738  ,1.1.1.2, , ,0.25,0.25, 
4328,80.0,1684.0,alcohol dehydrogenase,kegg:C01845 + kegg:C00006 = kegg:C00207 + kegg:C00005,CHB_17824 + CHB_18009 = CHB_15347 + CHB_16474,2-propanol(aq) + NADP(ox)(aq) = acetone(aq) + NADP(red)(aq), ,03KIN, , ,308.15,7.19,0.144, ,spectrophotometry coupled with enzymatic assay, ,mol/L;IS=0.25;(K)1(Cl)1=0.184;(K)1(H2PO4)1=0.00625;(K)2(HPO4)1=0.01875;NADP=0.00027;NADPH=0.000113  ,1.1.1.2, , ,0.25,0.25, 
4329,66.0,1685.0,alcohol dehydrogenase,kegg:C01845 + kegg:C00006 = kegg:C00207 + kegg:C00005,CHB_17824 + CHB_18009 = CHB_15347 + CHB_16474,2-propanol(aq) + NADP(ox)(aq) = acetone(aq) + NADP(red)(aq), ,03KIN, , ,288.15,6.37,0.00973, ,spectrophotometry coupled with enzymatic assay, ,mol/L;IS=0.25;(K)1(Cl)1=0.209;(K)1(H2PO4)1=0.01875;(K)2(HPO4)1=0.00625;NADP=0.000345;NADPH=0.0000261  ,1.1.1.2, , ,0.25,0.25, 
4330,,1686.0,alcohol dehydrogenase,kegg:C01845 + kegg:C00006 = kegg:C00207 + kegg:C00005, ,2-propanol(aq) + NADP(ox)(aq) = acetone(aq) + NADP(red)(aq), ,03KIN, , ,288.15,6.37,0.00973, ,spectrophotometry coupled with enzymatic assay, , ,1.1.1.2, , ,0.25,0.25, 
4331,65.0,1687.0,alcohol dehydrogenase,kegg:C01845 + kegg:C00006 = kegg:C00207 + kegg:C00005,CHB_17824 + CHB_18009 = CHB_15347 + CHB_16474,2-propanol(aq) + NADP(ox)(aq) = acetone(aq) + NADP(red)(aq), ,03KIN, , ,288.15,5.99,0.00449, ,spectrophotometry coupled with enzymatic assay, ,mol/L;IS=0.25;(K)1(Cl)1=0.216;(K)1(H2PO4)1=0.0225;(K)2(HPO4)1=0.0025;NADP=0.000352;NADPH=0.0000116  ,1.1.1.2, , ,0.25,0.25, 
4332,84.0,1688.0,alcohol dehydrogenase,kegg:C01845 + kegg:C00006 = kegg:C00207 + kegg:C00005,CHB_17824 + CHB_18009 = CHB_15347 + CHB_16474,2-propanol(aq) + NADP(ox)(aq) = acetone(aq) + NADP(red)(aq), ,03KIN, , ,313.15,6.23,0.0233, ,spectrophotometry coupled with enzymatic assay, ,mol/L;IS=0.25;(K)1(Cl)1=0.209;(K)1(H2PO4)1=0.01875;(K)2(HPO4)1=0.00625;NADP=0.000328;NADPH=0.0000299  ,1.1.1.2, , ,0.25,0.25, 
4333,106.0,1689.0,alcohol dehydrogenase,kegg:C01845 + kegg:C00006 = kegg:C00207 + kegg:C00005,CHB_17824 + CHB_18009 = CHB_15347 + CHB_16474,2-propanol(aq) + NADP(ox)(aq) = acetone(aq) + NADP(red)(aq), ,03KIN, , ,298.15,7.68,0.236, ,spectrophotometry coupled with enzymatic assay, ,mol/L;IS=0.25;(K)1(Cl)1=0.174;(K)1(H2PO4)1=0.00125;(K)2(HPO4)1=0.02375;NADP=0.000218;NADPH=0.000127  ,1.1.1.2, , ,0.25,0.25, 
4334,69.0,1690.0,alcohol dehydrogenase,kegg:C01845 + kegg:C00006 = kegg:C00207 + kegg:C00005,CHB_17824 + CHB_18009 = CHB_15347 + CHB_16474,2-propanol(aq) + NADP(ox)(aq) = acetone(aq) + NADP(red)(aq), ,03KIN, , ,288.15,7.8,0.188, ,spectrophotometry coupled with enzymatic assay, ,mol/L;IS=0.25;(K)1(Cl)1=0.176;(K)1(H2PO4)1=0.0025;(K)2(HPO4)1=0.0225;NADP=0.000277;NADPH=0.000122  ,1.1.1.2, , ,0.25,0.25, 
4335,107.0,1691.0,alcohol dehydrogenase,kegg:C01845 + kegg:C00006 = kegg:C00207 + kegg:C00005,CHB_17824 + CHB_18009 = CHB_15347 + CHB_16474,2-propanol(aq) + NADP(ox)(aq) = acetone(aq) + NADP(red)(aq), ,03KIN, , ,308.15,5.67,0.00531, ,spectrophotometry coupled with enzymatic assay, ,mol/L;IS=0.25;(K)1(Cl)1=0.216;(K)1(H2PO4)1=0.0225;(K)2(HPO4)1=0.0025;NADP=0.000316;NADPH=0.0000145  ,1.1.1.2, , ,0.25,0.25, 
4336,83.0,1692.0,alcohol dehydrogenase,kegg:C01845 + kegg:C00006 = kegg:C00207 + kegg:C00005,CHB_17824 + CHB_18009 = CHB_15347 + CHB_16474,2-propanol(aq) + NADP(ox)(aq) = acetone(aq) + NADP(red)(aq), ,03KIN, , ,313.15,5.85,0.0103, ,spectrophotometry coupled with enzymatic assay, ,mol/L;IS=0.25;(K)1(Cl)1=0.216;(K)1(H2PO4)1=0.0225;(K)2(HPO4)1=0.0025;NADP=0.000326;NADPH=0.0000144  ,1.1.1.2, , ,0.25,0.25, 
4337,116.0,1693.0,alcohol dehydrogenase,kegg:C01845 + kegg:C00006 = kegg:C00207 + kegg:C00005,CHB_17824 + CHB_18009 = CHB_15347 + CHB_16474,2-propanol(aq) + NADP(ox)(aq) = acetone(aq) + NADP(red)(aq), ,03KIN, , ,313.15,7.03,0.131, ,spectrophotometry coupled with enzymatic assay, ,mol/L;IS=0.25;(K)1(Cl)1=0.184;(K)1(H2PO4)1=0.00625;(K)2(HPO4)1=0.01875;NADP=0.000234;NADPH=0.0000874  ,1.1.1.2, , ,0.25,0.25, 
4338,59.0,1694.0,alcohol dehydrogenase,kegg:C01845 + kegg:C00006 = kegg:C00207 + kegg:C00005,CHB_17824 + CHB_18009 = CHB_15347 + CHB_16474,2-propanol(aq) + NADP(ox)(aq) = acetone(aq) + NADP(red)(aq), ,03KIN, , ,278.15,6.06,0.00413, ,spectrophotometry coupled with enzymatic assay, ,mol/L;IS=0.25;(K)1(Cl)1=0.216;(K)1(H2PO4)1=0.0225;(K)2(HPO4)1=0.0025;NADP=0.000359;NADPH=0.0000126  ,1.1.1.2, , ,0.25,0.25, 
4339,88.0,1695.0,alcohol dehydrogenase,kegg:C01845 + kegg:C00006 = kegg:C00207 + kegg:C00005,CHB_17824 + CHB_18009 = CHB_15347 + CHB_16474,2-propanol(aq) + NADP(ox)(aq) = acetone(aq) + NADP(red)(aq), ,03KIN, , ,313.15,7.93,1.08, ,spectrophotometry coupled with enzymatic assay, ,mol/L;IS=0.25;(K)1(Cl)1=0.174;(K)1(H2PO4)1=0.00125;(K)2(HPO4)1=0.02375;NADP=0.000172;NADPH=0.00021  ,1.1.1.2, , ,0.25,0.25, 
4340,61.0,1696.0,alcohol dehydrogenase,kegg:C01845 + kegg:C00006 = kegg:C00207 + kegg:C00005,CHB_17824 + CHB_18009 = CHB_15347 + CHB_16474,2-propanol(aq) + NADP(ox)(aq) = acetone(aq) + NADP(red)(aq), ,03KIN, , ,278.15,6.88,0.0183, ,spectrophotometry coupled with enzymatic assay, ,mol/L;IS=0.25;(K)1(Cl)1=0.196;(K)1(H2PO4)1=0.0125;(K)2(HPO4)1=0.0125;NADP=0.000341;NADPH=0.0000463  ,1.1.1.2, , ,0.25,0.25, 
4341,67.0,1697.0,alcohol dehydrogenase,kegg:C01845 + kegg:C00006 = kegg:C00207 + kegg:C00005,CHB_17824 + CHB_18009 = CHB_15347 + CHB_16474,2-propanol(aq) + NADP(ox)(aq) = acetone(aq) + NADP(red)(aq), ,03KIN, , ,288.15,6.82,0.0236, ,spectrophotometry coupled with enzymatic assay, ,mol/L;IS=0.25;(K)1(Cl)1=0.196;(K)1(H2PO4)1=0.0125;(K)2(HPO4)1=0.0125;NADP=0.000347;NADPH=0.0000474  ,1.1.1.2, , ,0.25,0.25, 
4342,78.0,1698.0,alcohol dehydrogenase,kegg:C01845 + kegg:C00006 = kegg:C00207 + kegg:C00005,CHB_17824 + CHB_18009 = CHB_15347 + CHB_16474,2-propanol(aq) + NADP(ox)(aq) = acetone(aq) + NADP(red)(aq), ,03KIN, , ,308.15,6.25,0.0208, ,spectrophotometry coupled with enzymatic assay, ,mol/L;IS=0.25;(K)1(Cl)1=0.209;(K)1(H2PO4)1=0.01875;(K)2(HPO4)1=0.00625;NADP=0.000329;NADPH=0.0000336  ,1.1.1.2, , ,0.25,0.25, 
4343,89.0,1699.0,alcohol dehydrogenase,kegg:C01845 + kegg:C00006 = kegg:C00207 + kegg:C00005,CHB_17824 + CHB_18009 = CHB_15347 + CHB_16474,2-propanol(aq) + NADP(ox)(aq) = acetone(aq) + NADP(red)(aq), ,03KIN, , ,278.15,5.88,0.00145, ,spectrophotometry coupled with enzymatic assay, ,mol/L;IS=0.25;(K)1(Cl)1=0.216;(K)1(H2PO4)1=0.0225;(K)2(HPO4)1=0.0025;NADP=0.000347;NADPH=0.0000117  ,1.1.1.2, , ,0.25,0.25, 
4344,91.0,1700.0,alcohol dehydrogenase,kegg:C01845 + kegg:C00006 = kegg:C00207 + kegg:C00005,CHB_17824 + CHB_18009 = CHB_15347 + CHB_16474,2-propanol(aq) + NADP(ox)(aq) = acetone(aq) + NADP(red)(aq), ,03KIN, , ,278.15,6.8,0.0111, ,spectrophotometry coupled with enzymatic assay, ,mol/L;IS=0.25;(K)1(Cl)1=0.196;(K)1(H2PO4)1=0.0125;(K)2(HPO4)1=0.0125;NADP=0.000322;NADPH=0.0000339  ,1.1.1.2, , ,0.25,0.25, 
4345,90.0,1701.0,alcohol dehydrogenase,kegg:C01845 + kegg:C00006 = kegg:C00207 + kegg:C00005,CHB_17824 + CHB_18009 = CHB_15347 + CHB_16474,2-propanol(aq) + NADP(ox)(aq) = acetone(aq) + NADP(red)(aq), ,03KIN, , ,278.15,6.32,0.0037, ,spectrophotometry coupled with enzymatic assay, ,mol/L;IS=0.25;(K)1(Cl)1=0.209;(K)1(H2PO4)1=0.01875;(K)2(HPO4)1=0.00625;NADP=0.000346;NADPH=0.0000183  ,1.1.1.2, , ,0.25,0.25, 
4346,71.0,1702.0,alcohol dehydrogenase,kegg:C01845 + kegg:C00006 = kegg:C00207 + kegg:C00005,CHB_17824 + CHB_18009 = CHB_15347 + CHB_16474,2-propanol(aq) + NADP(ox)(aq) = acetone(aq) + NADP(red)(aq), ,03KIN, , ,298.15,5.92,0.00636, ,spectrophotometry coupled with enzymatic assay, ,mol/L;IS=0.25;(K)1(Cl)1=0.216;(K)1(H2PO4)1=0.0225;(K)2(HPO4)1=0.0025;NADP=0.000345;NADPH=0.0000153  ,1.1.1.2, , ,0.25,0.25, 
4347,96.0,1703.0,alcohol dehydrogenase,kegg:C01845 + kegg:C00006 = kegg:C00207 + kegg:C00005,CHB_17824 + CHB_18009 = CHB_15347 + CHB_16474,2-propanol(aq) + NADP(ox)(aq) = acetone(aq) + NADP(red)(aq), ,03KIN, , ,288.15,6.25,0.00651, ,spectrophotometry coupled with enzymatic assay, ,mol/L;IS=0.25;(K)1(Cl)1=0.209;(K)1(H2PO4)1=0.01875;(K)2(HPO4)1=0.00625;NADP=0.00033;NADPH=0.0000242  ,1.1.1.2, , ,0.25,0.25, 
4348,100.0,1704.0,alcohol dehydrogenase,kegg:C01845 + kegg:C00006 = kegg:C00207 + kegg:C00005,CHB_17824 + CHB_18009 = CHB_15347 + CHB_16474,2-propanol(aq) + NADP(ox)(aq) = acetone(aq) + NADP(red)(aq), ,03KIN, , ,288.15,7.74,0.15, ,spectrophotometry coupled with enzymatic assay, ,mol/L;IS=0.25;(K)1(Cl)1=0.174;(K)1(H2PO4)1=0.00125;(K)2(HPO4)1=0.02375;NADP=0.00025;NADPH=0.000105  ,1.1.1.2, , ,0.25,0.25, 
4349,109.0,1705.0,alcohol dehydrogenase,kegg:C01845 + kegg:C00006 = kegg:C00207 + kegg:C00005,CHB_17824 + CHB_18009 = CHB_15347 + CHB_16474,2-propanol(aq) + NADP(ox)(aq) = acetone(aq) + NADP(red)(aq), ,03KIN, , ,308.15,6.61,0.0425, ,spectrophotometry coupled with enzymatic assay, ,mol/L;IS=0.25;(K)1(Cl)1=0.196;(K)1(H2PO4)1=0.0125;(K)2(HPO4)1=0.0125;NADP=0.000281;NADPH=0.0000573  ,1.1.1.2, , ,0.25,0.25, 
4350,98.0,1706.0,alcohol dehydrogenase,kegg:C01845 + kegg:C00006 = kegg:C00207 + kegg:C00005,CHB_17824 + CHB_18009 = CHB_15347 + CHB_16474,2-propanol(aq) + NADP(ox)(aq) = acetone(aq) + NADP(red)(aq), ,03KIN, , ,288.15,7.18,0.0428, ,spectrophotometry coupled with enzymatic assay, ,mol/L;IS=0.25;(K)1(Cl)1=0.184;(K)1(H2PO4)1=0.00625;(K)2(HPO4)1=0.01875;NADP=0.000294;NADPH=0.0000611  ,1.1.1.2, , ,0.25,0.25, 
4351,,1707.0,alcohol dehydrogenase,kegg:C01845 + kegg:C00006 = kegg:C00207 + kegg:C00005, ,2-propanol(aq) + NADP(ox)(aq) = acetone(aq) + NADP(red)(aq), ,03KIN, , ,288.15,7.18,0.0428, ,spectrophotometry coupled with enzymatic assay, , ,1.1.1.2, , ,0.25,0.25, 
4352,4053.0,1773.0,homoserine dehydrogenase,kegg:C00263 + kegg:C00006 = kegg:C00441 + kegg:C00005,CHB_15699 + CHB_18009 = CHB_16474 + CHB_18051,L-homoserine(aq) + NADP(ox)(aq) = L-aspartate 4-semialdehyde(aq) + NADP(red)(aq), ,92WED/LEY, , ,310.15,9.0,0.01, ,spectrophotometry and radioactivity, ,mol/L;CHES buffer=0.1;(K)1(Cl)1=0.4;L-homoserine=0.5;NADP=0.0125;L-aspartate 4-semialdehyde=0.0125;NADPH=0.005  ,1.1.1.3, , , , , 
4353,2761.0,1824.0,"glucan 1,4--glucosidase",kegg:C00208 + kegg:C00001 = 2 kegg:C00031,CHB_15377 + CHB_17306 = 2 CHB_4167,maltose(aq) + H2O(l) = 2 D-glucose(aq), ,78OKA/GEN, , ,303.15, ,322.0, ,paper chromatography, ,   ,3.2.1.3, , , , , 
4354,127.0,1830.0,"saccharopine dehydrogenase (NAD+, L-lysine-forming)",kegg:C00449 + kegg:C00003 + kegg:C00001 = kegg:C00047 + kegg:C00026 + kegg:C00004,CHB_15377 + CHB_15846 + CHB_16927 = CHB_16810 + CHB_16908 + CHB_18019,"N6-(L-1,3-dicarboxypropyl)-L-lysine + NAD(ox) + H2O(l) = L-lysine(aq) + 2-oxoglutarate(aq) + NAD(red)", ,06XU/WES, , ,298.15,7.0,3.9e-07, ,spectrophotometry, ,mol/L;HEPES=0.1  ,1.5.1.7, , , , , 
4355,2297.0,1880.0,phosphoglycerate mutase,kegg:C00631 = kegg:C00197,CHB_17835 = CHB_17794,2-phospho-D-glycerate(aq) = 3-phospho-D-glycerate(aq), ,74CLA/BIR, , ,303.15,5.42,8.65, ,spectrophotometry, ,mol/L;maleate buffer=0.0333;IS=0.065  ,5.4.2.1, , ,0.065,0.065, 
4356,2300.0,1881.0,phosphoglycerate mutase,kegg:C00631 = kegg:C00197,CHB_17835 = CHB_17794,2-phospho-D-glycerate(aq) = 3-phospho-D-glycerate(aq), ,74CLA/BIR, , ,303.15,6.45,10.5, ,spectrophotometry, ,mol/L;imidazole buffer=0.0333;IS=0.065  ,5.4.2.1, , ,0.065,0.065, 
4357,2289.0,1882.0,phosphoglycerate mutase,kegg:C00631 = kegg:C00197,CHB_17835 = CHB_17794,2-phospho-D-glycerate(aq) = 3-phospho-D-glycerate(aq), ,74CLA/BIR, , ,303.15,7.5,11.59, ,spectrophotometry, ,mol/L;Tris=0.033;IS=0.065  ,5.4.2.1, , ,0.065,0.065, 
4358,2290.0,1883.0,phosphoglycerate mutase,kegg:C00631 = kegg:C00197,CHB_17835 = CHB_17794,2-phospho-D-glycerate(aq) = 3-phospho-D-glycerate(aq), ,74CLA/BIR, , ,303.15,7.89,11.65, ,spectrophotometry, ,mol/L;Tris=0.033;IS=0.065  ,5.4.2.1, , ,0.065,0.065, 
4359,2298.0,1884.0,phosphoglycerate mutase,kegg:C00631 = kegg:C00197,CHB_17835 = CHB_17794,2-phospho-D-glycerate(aq) = 3-phospho-D-glycerate(aq), ,74CLA/BIR, , ,293.15,6.22,9.81, ,spectrophotometry, ,mol/L;imidazole buffer=0.0333;IS=0.065  ,5.4.2.1, , ,0.065,0.065, 
4360,2286.0,1885.0,phosphoglycerate mutase,kegg:C00631 = kegg:C00197,CHB_17835 = CHB_17794,2-phospho-D-glycerate(aq) = 3-phospho-D-glycerate(aq), ,74CLA/BIR, , ,293.15,7.24,11.28, ,spectrophotometry, ,mol/L;Tris=0.033;IS=0.065  ,5.4.2.1, , ,0.065,0.065, 
4361,2291.0,1886.0,phosphoglycerate mutase,kegg:C00631 = kegg:C00197,CHB_17835 = CHB_17794,2-phospho-D-glycerate(aq) = 3-phospho-D-glycerate(aq), ,74CLA/BIR, , ,293.15,8.06,11.74, ,spectrophotometry, ,mol/L;Tris=0.033;IS=0.065  ,5.4.2.1, , ,0.065,0.065, 
4362,2292.0,1887.0,phosphoglycerate mutase,kegg:C00631 = kegg:C00197,CHB_17835 = CHB_17794,2-phospho-D-glycerate(aq) = 3-phospho-D-glycerate(aq), ,74CLA/BIR, , ,303.15,7.4,11.3, ,spectrophotometry, ,1.34 = -log[Mg+2] _ mol/L;Tris=0.0167;(Mg)1(Cl)2=0.0453;IS=0.085 _ MgCl2 (0.0453 mol/L) _ ,5.4.2.1, , ,0.046 & 0.085,0.046, 
4363,2293.0,1888.0,phosphoglycerate mutase,kegg:C00631 = kegg:C00197,CHB_17835 = CHB_17794,2-phospho-D-glycerate(aq) = 3-phospho-D-glycerate(aq), ,74CLA/BIR, , ,303.15,7.4,11.31, ,spectrophotometry, ,1.48 = -log[Mg+2] _ mol/L;Tris=0.0167;(Mg)1(Cl)2=0.0453;IS=0.046 _ MgCl2 (0.0453 mol/L) _ ,5.4.2.1, , ,0.032 & 0.046,0.032, 
4364,2294.0,1889.0,phosphoglycerate mutase,kegg:C00631 = kegg:C00197,CHB_17835 = CHB_17794,2-phospho-D-glycerate(aq) = 3-phospho-D-glycerate(aq), ,74CLA/BIR, , ,303.15,7.4,11.64, ,spectrophotometry, ,1.34 = -log[Mg+2] _ mol/L;Tris=0.0167;(Mg)1(Cl)2=0.0453;IS=0.059 _ MgCl2 (0.0453 mol/L) _ ,5.4.2.1, , ,0.059,0.059, 
4365,2280.0,1890.0,phosphoglycerate mutase,kegg:C00631 = kegg:C00197,CHB_17835 = CHB_17794,2-phospho-D-glycerate(aq) = 3-phospho-D-glycerate(aq), ,74CLA/BIR, , ,303.15,7.45,10.45, ,spectrophotometry, ,mol/L;Tris=0.033;IS=0.3  ,5.4.2.1, , ,0.3,0.3, 
4366,2295.0,1891.0,phosphoglycerate mutase,kegg:C00631 = kegg:C00197,CHB_17835 = CHB_17794,2-phospho-D-glycerate(aq) = 3-phospho-D-glycerate(aq), ,74CLA/BIR, , ,303.15,7.4,11.36, ,spectrophotometry, ,1.48 = -log[Mg+2] _ mol/L;Tris=0.0167;(Mg)1(Cl)2=0.0333;IS=0.032 _ MgCl2 (0.0333 mol/L) _ ,5.4.2.1, , ,0.038 & 0.032,0.038, 
4367,2299.0,1892.0,phosphoglycerate mutase,kegg:C00631 = kegg:C00197,CHB_17835 = CHB_17794,2-phospho-D-glycerate(aq) = 3-phospho-D-glycerate(aq), ,74CLA/BIR, , ,303.15,6.2,10.02, ,spectrophotometry, ,mol/L;imidazole buffer=0.0333;IS=0.065  ,5.4.2.1, , ,0.065,0.065, 
4368,2287.0,1893.0,phosphoglycerate mutase,kegg:C00631 = kegg:C00197,CHB_17835 = CHB_17794,2-phospho-D-glycerate(aq) = 3-phospho-D-glycerate(aq), ,74CLA/BIR, , ,303.15,7.1,11.4, ,spectrophotometry, ,mol/L;Tris=0.033;IS=0.065  ,5.4.2.1, , ,0.065,0.065, 
4369,2281.0,1894.0,phosphoglycerate mutase,kegg:C00631 = kegg:C00197,CHB_17835 = CHB_17794,2-phospho-D-glycerate(aq) = 3-phospho-D-glycerate(aq), ,74CLA/BIR, , ,303.15,6.66,10.72, ,spectrophotometry, ,mol/L;Tris=0.033;IS=0.065  ,5.4.2.1, , ,0.065,0.065, 
4370,2285.0,1895.0,phosphoglycerate mutase,kegg:C00631 = kegg:C00197,CHB_17835 = CHB_17794,2-phospho-D-glycerate(aq) = 3-phospho-D-glycerate(aq), ,74CLA/BIR, , ,303.15,7.8,11.14, ,spectrophotometry, ,mol/L;Tris=0.033;IS=0.3  ,5.4.2.1, , ,0.3,0.3, 
4371,2296.0,1896.0,phosphoglycerate mutase,kegg:C00631 = kegg:C00197,CHB_17835 = CHB_17794,2-phospho-D-glycerate(aq) = 3-phospho-D-glycerate(aq), ,74CLA/BIR, , ,303.15,7.4,11.11, ,spectrophotometry, ,1.34 = -log[Mg+2] _ mol/L;Tris=0.0167;(Mg)1(Cl)2=0.0333;IS=0.038 _ MgCl2 (0.0333 mol/L) _ ,5.4.2.1, , ,0.085 & 0.038,0.085, 
4372,2278.0,1897.0,phosphoglycerate mutase,kegg:C00631 = kegg:C00197,CHB_17835 = CHB_17794,2-phospho-D-glycerate(aq) = 3-phospho-D-glycerate(aq), ,74CLA/BIR, , ,303.15,7.01,10.43, ,spectrophotometry, ,mol/L;Tris=0.033;IS=0.3  ,5.4.2.1, , ,0.3,0.3, 
4373,2288.0,1898.0,phosphoglycerate mutase,kegg:C00631 = kegg:C00197,CHB_17835 = CHB_17794,2-phospho-D-glycerate(aq) = 3-phospho-D-glycerate(aq), ,74CLA/BIR, , ,303.15,8.12,11.47, ,spectrophotometry, ,mol/L;Tris=0.033;IS=0.3  ,5.4.2.1, , ,0.3,0.3, 
4374,2282.0,1899.0,phosphoglycerate mutase,kegg:C00631 = kegg:C00197,CHB_17835 = CHB_17794,2-phospho-D-glycerate(aq) = 3-phospho-D-glycerate(aq), ,74CLA/BIR, , ,303.15,7.55,10.84, ,spectrophotometry, ,mol/L;Tris=0.033;IS=0.3  ,5.4.2.1, , ,0.3,0.3, 
4375,2283.0,1900.0,phosphoglycerate mutase,kegg:C00631 = kegg:C00197,CHB_17835 = CHB_17794,2-phospho-D-glycerate(aq) = 3-phospho-D-glycerate(aq), ,74CLA/BIR, , ,303.15,7.89,11.1, ,spectrophotometry, ,mol/L;Tris=0.033;IS=0.3  ,5.4.2.1, , ,0.3,0.3, 
4376,2284.0,1901.0,phosphoglycerate mutase,kegg:C00631 = kegg:C00197,CHB_17835 = CHB_17794,2-phospho-D-glycerate(aq) = 3-phospho-D-glycerate(aq), ,74CLA/BIR, , ,303.15,7.89,11.1, ,spectrophotometry, ,mol/L;Tris=0.033;IS=0.3  ,5.4.2.1, , ,0.3,0.3, 
4377,2279.0,1902.0,phosphoglycerate mutase,kegg:C00631 = kegg:C00197,CHB_17835 = CHB_17794,2-phospho-D-glycerate(aq) = 3-phospho-D-glycerate(aq), ,74CLA/BIR, , ,303.15,6.97,10.06, ,spectrophotometry, ,mol/L;Tris=0.033;IS=0.3  ,5.4.2.1, , ,0.3,0.3, 
4378,,1904.0,glutaminase,kegg:C00064 + kegg:C00001 = kegg:C00025 + kegg:C00014, ,L-glutamine(aq) + H2O(l) = L-glutamate(aq) + ammonia(aq), ,00KIS/TEW, , ,298.15,5.14, , ,calorimetry and chromatography, , ,3.5.1.2, , ,0.11,0.11, 
4379,,1905.0,asparaginase,kegg:C00152 + kegg:C00001 = kegg:C00049 + kegg:C00014, ,L-asparagine(aq) + H2O(l) = L-aspartate(aq) + ammonia(aq), ,00KIS/TEW, , ,298.15,7.03, , ,calorimetry and chromatography, , ,3.5.1.1, , ,0.11,0.11, 
4380,,1949.0,AMP deaminase,kegg:C00020 + kegg:C00001 = kegg:C00130 + kegg:C00014, ,AMP(aq) + H2O(l) = IMP(aq) + ammonia(aq), ,93LAR/TEW, , ,298.15,7.34, , ,calorimetry, , ,3.5.4.6, , , , , 
4381,,1950.0,AMP deaminase,kegg:C00020 + kegg:C00001 = kegg:C00130 + kegg:C00014, ,AMP(aq) + H2O(l) = IMP(aq) + ammonia(aq), ,93LAR/TEW, , ,298.15,7.63, , ,calorimetry, , ,3.5.4.6, , , , , 
4382,,1951.0,AMP deaminase,kegg:C00020 + kegg:C00001 = kegg:C00130 + kegg:C00014, ,AMP(aq) + H2O(l) = IMP(aq) + ammonia(aq), ,93LAR/TEW, , ,298.15,7.93, , ,calorimetry, , ,3.5.4.6, , , , , 
4383,,1952.0,AMP deaminase,kegg:C00020 + kegg:C00001 = kegg:C00130 + kegg:C00014, ,AMP(aq) + H2O(l) = IMP(aq) + ammonia(aq), ,93LAR/TEW, , ,298.15,8.02, , ,calorimetry, , ,3.5.4.6, , , , , 
4384,,1953.0,AMP deaminase,kegg:C00020 + kegg:C00001 = kegg:C00130 + kegg:C00014, ,AMP(aq) + H2O(l) = IMP(aq) + ammonia(aq), ,93LAR/TEW, , ,298.15,8.2, , ,calorimetry, , ,3.5.4.6, , , , , 
4385,,1954.0,AMP deaminase,kegg:C00020 + kegg:C00001 = kegg:C00130 + kegg:C00014, ,AMP(aq) + H2O(l) = IMP(aq) + ammonia(aq), ,93LAR/TEW, , ,298.15,8.23, , ,calorimetry, , ,3.5.4.6, , , , , 
4386,,1955.0,AMP deaminase,kegg:C00020 + kegg:C00001 = kegg:C00130 + kegg:C00014, ,AMP(aq) + H2O(l) = IMP(aq) + ammonia(aq), ,93LAR/TEW, , ,298.15,8.38, , ,calorimetry, , ,3.5.4.6, , , , , 
4387,,1956.0,AMP deaminase,kegg:C00020 + kegg:C00001 = kegg:C00130 + kegg:C00014, ,AMP(aq) + H2O(l) = IMP(aq) + ammonia(aq), ,93LAR/TEW, , ,304.65,7.91, , ,calorimetry, , ,3.5.4.6, , , , , 
4388,,1957.0,AMP deaminase,kegg:C00020 + kegg:C00001 = kegg:C00130 + kegg:C00014, ,AMP(aq) + H2O(l) = IMP(aq) + ammonia(aq), ,93LAR/TEW, , ,298.15,7.08, , ,calorimetry, , ,3.5.4.6, , , , , 
4389,,1958.0,AMP deaminase,kegg:C00020 + kegg:C00001 = kegg:C00130 + kegg:C00014, ,AMP(aq) + H2O(l) = IMP(aq) + ammonia(aq), ,93LAR/TEW, , ,298.15,8.96, , ,calorimetry, , ,3.5.4.6, , , , , 
4390,,1959.0,AMP deaminase,kegg:C00020 + kegg:C00001 = kegg:C00130 + kegg:C00014, ,AMP(aq) + H2O(l) = IMP(aq) + ammonia(aq), ,93LAR/TEW, , ,310.15,7.79, , ,calorimetry, , ,3.5.4.6, , , , , 
4391,3925.0,1965.0,adenylate kinase,2 kegg:C00008 = kegg:C00020 + kegg:C00002,2 CHB_16761 = CHB_15422 + CHB_16027,2 ADP(aq) = AMP(aq) + ATP(aq), ,91TEW/GOL2, , ,298.15,8.31,0.343, ,high-pressure liquid-chromatography, ,3.29 = -log[Mg+2] _ mol/kg;(Mg)1(Cl)2=0.0005101;Tris=0.04982;ADP=0.008247;AMP=0;ATP=0;IS=0.072;pMg=6.72  ,2.7.4.3, , ,0.072, , 
4392,3929.0,1966.0,adenylate kinase,2 kegg:C00008 = kegg:C00020 + kegg:C00002,2 CHB_16761 = CHB_15422 + CHB_16027,2 ADP(aq) = AMP(aq) + ATP(aq), ,91TEW/GOL2, , ,292.15,8.46,0.352, ,high-pressure liquid-chromatography, ,3.29 = -log[Mg+2] _ mol/kg;(Mg)1(Cl)2=0.0005101;Tris=0.04982;ADP=0.008247;AMP=0;ATP=0;IS=0.071;pMg=6.66  ,2.7.4.3, , ,0.071, , 
4393,3931.0,1967.0,adenylate kinase,2 kegg:C00008 = kegg:C00020 + kegg:C00002,2 CHB_16761 = CHB_15422 + CHB_16027,2 ADP(aq) = AMP(aq) + ATP(aq), ,91TEW/GOL2, , ,304.15,8.16,0.357, ,high-pressure liquid-chromatography, ,3.29 = -log[Mg+2] _ mol/kg;(Mg)1(Cl)2=0.0005101;Tris=0.04982;ADP=0.008247;AMP=0;ATP=0;IS=0.072;pMg=6.78  ,2.7.4.3, , ,0.072, , 
4394,3932.0,1968.0,adenylate kinase,2 kegg:C00008 = kegg:C00020 + kegg:C00002,2 CHB_16761 = CHB_15422 + CHB_16027,2 ADP(aq) = AMP(aq) + ATP(aq), ,91TEW/GOL2, , ,304.15,8.34,0.351, ,high-pressure liquid-chromatography, ,3.29 = -log[Mg+2] _ mol/kg;(Mg)1(Cl)2=0.0005099;Tris=0.04979;ADP=0.008749;AMP=0;ATP=0;IS=0.08;pMg=6.78  ,2.7.4.3, , ,0.08, , 
4395,3935.0,1969.0,adenylate kinase,2 kegg:C00008 = kegg:C00020 + kegg:C00002,2 CHB_16761 = CHB_15422 + CHB_16027,2 ADP(aq) = AMP(aq) + ATP(aq), ,91TEW/GOL2, , ,298.15,8.34,0.381, ,high-pressure liquid-chromatography, ,2.62 = -log[Mg+2] _ mol/kg;(Mg)1(Cl)2=0.002412;Tris=0.04978;ADP=0.008006;AMP=0;ATP=0;IS=0.07;pMg=6.02  ,2.7.4.3, , ,0.07, , 
4396,3936.0,1970.0,adenylate kinase,2 kegg:C00008 = kegg:C00020 + kegg:C00002,2 CHB_16761 = CHB_15422 + CHB_16027,2 ADP(aq) = AMP(aq) + ATP(aq), ,91TEW/GOL2, , ,298.15,8.54,0.378, ,high-pressure liquid-chromatography, ,2.62 = -log[Mg+2] _ mol/kg;(Mg)1(Cl)2=0.002410;Tris=0.04975;ADP=0.008817;AMP=0;ATP=0;IS=0.08;pMg=6.02  ,2.7.4.3, , ,0.08, , 
4397,3941.0,1971.0,adenylate kinase,2 kegg:C00008 = kegg:C00020 + kegg:C00002,2 CHB_16761 = CHB_15422 + CHB_16027,2 ADP(aq) = AMP(aq) + ATP(aq), ,91TEW/GOL2, , ,298.15,8.33,0.634, ,high-pressure liquid-chromatography, ,1.11 = -log[Mg+2] _ mol/kg;(Mg)1(Cl)2=0.07690;Tris=0.04824;ADP=0.008131;AMP=0;ATP=0;IS=0.056;pMg=3.12  ,2.7.4.3, , ,0.056, , 
4398,3942.0,1972.0,adenylate kinase,2 kegg:C00008 = kegg:C00020 + kegg:C00002,2 CHB_16761 = CHB_15422 + CHB_16027,2 ADP(aq) = AMP(aq) + ATP(aq), ,91TEW/GOL2, , ,298.15,8.53,0.603, ,high-pressure liquid-chromatography, ,1.11 = -log[Mg+2] _ mol/kg;(Mg)1(Cl)2=0.07688;Tris=0.04823;ADP=0.008485;AMP=0;ATP=0;IS=0.062;pMg=3.16  ,2.7.4.3, , ,0.062, , 
4399,3944.0,1973.0,adenylate kinase,2 kegg:C00008 = kegg:C00020 + kegg:C00002,2 CHB_16761 = CHB_15422 + CHB_16027,2 ADP(aq) = AMP(aq) + ATP(aq), ,91TEW/GOL2, , ,298.15,8.5,0.484, ,high-pressure liquid-chromatography, ,2.13 = -log[Mg+2] _ mol/kg;(Mg)1(Cl)2=0.007453;Tris=0.04965;ADP=0.008725;AMP=0;ATP=0;IS=0.076;pMg=5.48  ,2.7.4.3, , ,0.076, , 
4400,3945.0,1974.0,adenylate kinase,2 kegg:C00008 = kegg:C00020 + kegg:C00002,2 CHB_16761 = CHB_15422 + CHB_16027,2 ADP(aq) = AMP(aq) + ATP(aq), ,91TEW/GOL2, , ,298.15,8.32,1.302, ,high-pressure liquid-chromatography, ,1.4 = -log[Mg+2] _ mol/kg;(Mg)1(Cl)2=0.03994;Tris=0.04900;ADP=0.008166;AMP=0;ATP=0;IS=0.057;pMg=4.07  ,2.7.4.3, , ,0.057, , 
4401,3946.0,1975.0,adenylate kinase,2 kegg:C00008 = kegg:C00020 + kegg:C00002,2 CHB_16761 = CHB_15422 + CHB_16027,2 ADP(aq) = AMP(aq) + ATP(aq), ,91TEW/GOL2, , ,298.15,8.5,1.268, ,high-pressure liquid-chromatography, ,1.4 = -log[Mg+2] _ mol/kg;(Mg)1(Cl)2=0.03993;Tris=0.04898;ADP=0.008631;AMP=0;ATP=0;IS=0.063;pMg=4.133  ,2.7.4.3, , ,0.063, , 
4402,3948.0,1976.0,adenylate kinase,2 kegg:C00008 = kegg:C00020 + kegg:C00002,2 CHB_16761 = CHB_15422 + CHB_16027,2 ADP(aq) = AMP(aq) + ATP(aq), ,91TEW/GOL2, , ,298.15,8.54,0.361, ,high-pressure liquid-chromatography, ,3.71 = -log[Mg+2] _ mol/kg;(Mg)1(Cl)2=0.0001957;Tris=0.04980;ADP=0.008526;AMP=0;ATP=0;IS=0.079;pMg=7.12  ,2.7.4.3, , ,0.079, , 
4403,3953.0,1977.0,adenylate kinase,2 kegg:C00008 = kegg:C00020 + kegg:C00002,2 CHB_16761 = CHB_15422 + CHB_16027,2 ADP(aq) = AMP(aq) + ATP(aq), ,91TEW/GOL2, , ,298.15,8.68,0.462, ,high-pressure liquid-chromatography, ,3.71 = -log[Mg+2] _ mol/kg;(Mg)1(Cl)2=0.0001958;(K)1(Cl)1=0.2540;Tris=0.04984;ADP=0.007159;AMP=0;ATP=0;IS=0.329;pMg=6.46  ,2.7.4.3, , ,0.329, , 
4404,3954.0,1978.0,adenylate kinase,2 kegg:C00008 = kegg:C00020 + kegg:C00002,2 CHB_16761 = CHB_15422 + CHB_16027,2 ADP(aq) = AMP(aq) + ATP(aq), ,91TEW/GOL2, , ,298.15,8.87,0.458, ,high-pressure liquid-chromatography, ,3.72 = -log[Mg+2] _ mol/kg;(Mg)1(Cl)2=0.0001922;(K)1(Cl)1=0.2493;Tris=0.04991;ADP=0.006955;AMP=0;ATP=0;IS=0.326;pMg=6.46  ,2.7.4.3, , ,0.326, , 
4405,3955.0,1979.0,adenylate kinase,2 kegg:C00008 = kegg:C00020 + kegg:C00002,2 CHB_16761 = CHB_15422 + CHB_16027,2 ADP(aq) = AMP(aq) + ATP(aq), ,91TEW/GOL2, , ,298.15,7.79,0.366, ,high-pressure liquid-chromatography, ,3.67 = -log[Mg+2] _ mol/kg;(Mg)1(Cl)2=0.0002121;Tris=0.05018;ADP=0.007301;AMP=0;ATP=0;IS=0.052;pMg=7.13  ,2.7.4.3, , ,0.052, , 
4406,3957.0,1980.0,adenylate kinase,2 kegg:C00008 = kegg:C00020 + kegg:C00002,2 CHB_16761 = CHB_15422 + CHB_16027,2 ADP(aq) = AMP(aq) + ATP(aq), ,91TEW/GOL2, , ,298.15,6.04,0.366, ,high-pressure liquid-chromatography, ,3.67 = -log[Mg+2] _ mol/kg;(Mg)1(Cl)2=0.0002121;Tris=0.05018;ADP=0.007418;AMP=0;ATP=0;IS=0.026;pMg=6.34  ,2.7.4.3, , ,0.026, , 
4407,3958.0,1981.0,adenylate kinase,2 kegg:C00008 = kegg:C00020 + kegg:C00002,2 CHB_16761 = CHB_15422 + CHB_16027,2 ADP(aq) = AMP(aq) + ATP(aq), ,91TEW/GOL2, , ,298.15,6.67,0.377, ,high-pressure liquid-chromatography, ,3.67 = -log[Mg+2] _ mol/kg;(Mg)1(Cl)2=0.0002119;Tris=0.05014;ADP=0.008351;AMP=0;ATP=0;IS=0.037;pMg=6.84  ,2.7.4.3, , ,0.037, , 
4408,3959.0,1982.0,adenylate kinase,2 kegg:C00008 = kegg:C00020 + kegg:C00002,2 CHB_16761 = CHB_15422 + CHB_16027,2 ADP(aq) = AMP(aq) + ATP(aq), ,91TEW/GOL2, , ,298.15,6.77,0.364, ,high-pressure liquid-chromatography, ,3.77 = -log[Mg+2] _ mol/kg;(Mg)1(Cl)2=0.0001700;Tris=0.05017;ADP=0.007418;AMP=0;ATP=0;IS=0.034;pMg=6.97  ,2.7.4.3, , ,0.034, , 
4409,3961.0,1983.0,adenylate kinase,2 kegg:C00008 = kegg:C00020 + kegg:C00002,2 CHB_16761 = CHB_15422 + CHB_16027,2 ADP(aq) = AMP(aq) + ATP(aq), ,91TEW/GOL2, , ,298.15,7.41,0.365, ,high-pressure liquid-chromatography, ,3.77 = -log[Mg+2] _ mol/kg;(Mg)1(Cl)2=0.0001700;Tris=0.05017;ADP=0.7619;AMP=0;ATP=0;IS=0.044;pMg=7.22  ,2.7.4.3, , ,0.044, , 
4410,3962.0,1984.0,adenylate kinase,2 kegg:C00008 = kegg:C00020 + kegg:C00002,2 CHB_16761 = CHB_15422 + CHB_16027,2 ADP(aq) = AMP(aq) + ATP(aq), ,91TEW/GOL2, , ,298.15,7.45,0.366, ,high-pressure liquid-chromatography, ,3.77 = -log[Mg+2] _ mol/kg;(Mg)1(Cl)2=0.0001699;Tris=0.05014;ADP=0.008248;AMP=0;ATP=0;IS=0.048;pMg=7.24  ,2.7.4.3, , ,0.048, , 
4411,3926.0,1985.0,adenylate kinase,2 kegg:C00008 = kegg:C00020 + kegg:C00002,2 CHB_16761 = CHB_15422 + CHB_16027,2 ADP(aq) = AMP(aq) + ATP(aq), ,91TEW/GOL2, , ,298.15,8.54,0.346, ,high-pressure liquid-chromatography, ,3.29 = -log[Mg+2] _ mol/kg;(Mg)1(Cl)2=0.0005099;Tris=0.04982;ADP=0.008794;AMP=0;ATP=0;IS=0.081;pMg=6.71  ,2.7.4.3, , ,0.081, , 
4412,,1986.0,adenylate kinase,2 kegg:C00008 = kegg:C00020 + kegg:C00002, ,2 ADP(aq) = AMP(aq) + ATP(aq), ,91TEW/GOL2, , ,298.15,8.54,0.346, ,high-pressure liquid-chromatography, ,3.29 = -log[Mg+2],2.7.4.3, , , , , 
4413,3937.0,1987.0,adenylate kinase,2 kegg:C00008 = kegg:C00020 + kegg:C00002,2 CHB_16761 = CHB_15422 + CHB_16027,2 ADP(aq) = AMP(aq) + ATP(aq), ,91TEW/GOL2, , ,298.15,8.28,0.861, ,high-pressure liquid-chromatography, ,1.61 = -log[Mg+2] _ mol/kg;(Mg)1(Cl)2=0.02433;Tris=0.04932;ADP=0.008370;AMP=0;ATP=0;IS=0.061;pMg=4.7  ,2.7.4.3, , ,0.061, , 
4414,3950.0,1988.0,adenylate kinase,2 kegg:C00008 = kegg:C00020 + kegg:C00002,2 CHB_16761 = CHB_15422 + CHB_16027,2 ADP(aq) = AMP(aq) + ATP(aq), ,91TEW/GOL2, , ,298.15,8.67,0.412, ,high-pressure liquid-chromatography, ,3.71 = -log[Mg+2] _ mol/kg;(Mg)1(Cl)2=0.0001950;(K)1(Cl)1=0.0489;Tris=0.04961;ADP=0.008715;AMP=0;ATP=0;IS=0.132;pMg=6.93  ,2.7.4.3, , ,0.132, , 
4415,3963.0,1989.0,adenylate kinase,2 kegg:C00008 = kegg:C00020 + kegg:C00002,2 CHB_16761 = CHB_15422 + CHB_16027,2 ADP(aq) = AMP(aq) + ATP(aq), ,91TEW/GOL2, , ,311.15,6.83,0.934, ,high-pressure liquid-chromatography, ,1.61 = -log[Mg+2] _ mol/kg;(Mg)1(Cl)2=0.02426;(K)1(Cl)1=0.2303;phosphate buffer=0.00967;ADP=0.002193;AMP=0;ATP=0;IS=0.249;pMg=3.51  ,2.7.4.3, , ,0.249, , 
4416,3933.0,1990.0,adenylate kinase,2 kegg:C00008 = kegg:C00020 + kegg:C00002,2 CHB_16761 = CHB_15422 + CHB_16027,2 ADP(aq) = AMP(aq) + ATP(aq), ,91TEW/GOL2, , ,310.25,7.98,0.351, ,high-pressure liquid-chromatography, ,3.29 = -log[Mg+2] _ mol/kg;(Mg)1(Cl)2=0.0005101;Tris=0.04982;ADP=0.008247;AMP=0;ATP=0;IS=0.071;pMg=6.84  ,2.7.4.3, , ,0.071, , 
4417,3952.0,1991.0,adenylate kinase,2 kegg:C00008 = kegg:C00020 + kegg:C00002,2 CHB_16761 = CHB_15422 + CHB_16027,2 ADP(aq) = AMP(aq) + ATP(aq), ,91TEW/GOL2, , ,298.15,8.73,0.444, ,high-pressure liquid-chromatography, ,3.71 = -log[Mg+2] _ mol/kg;(Mg)1(Cl)2=0.0001934;(K)1(Cl)1=0.1488;Tris=0.04924;ADP=0.008903;AMP=0;ATP=0;IS=0.233;pMg=6.7  ,2.7.4.3, , ,0.233, , 
4418,3934.0,1992.0,adenylate kinase,2 kegg:C00008 = kegg:C00020 + kegg:C00002,2 CHB_16761 = CHB_15422 + CHB_16027,2 ADP(aq) = AMP(aq) + ATP(aq), ,91TEW/GOL2, , ,310.25,8.13,0.348, ,high-pressure liquid-chromatography, ,3.29 = -log[Mg+2] _ mol/kg;(Mg)1(Cl)2=0.0005099;Tris=0.04979;ADP=0.008749;AMP=0;ATP=0;IS=0.078;pMg=6.84  ,2.7.4.3, , ,0.078, , 
4419,3947.0,1993.0,adenylate kinase,2 kegg:C00008 = kegg:C00020 + kegg:C00002,2 CHB_16761 = CHB_15422 + CHB_16027,2 ADP(aq) = AMP(aq) + ATP(aq), ,91TEW/GOL2, , ,298.15,8.4,0.349, ,high-pressure liquid-chromatography, ,3.71 = -log[Mg+2] _ mol/kg;(Mg)1(Cl)2=0.0001959;Tris=0.04983;ADP=0.007664;AMP=0;ATP=0;IS=0.071;pMg=7.12  ,2.7.4.3, , ,0.071, , 
4420,3927.0,1994.0,adenylate kinase,2 kegg:C00008 = kegg:C00020 + kegg:C00002,2 CHB_16761 = CHB_15422 + CHB_16027,2 ADP(aq) = AMP(aq) + ATP(aq), ,91TEW/GOL2, , ,286.05,8.68,0.355, ,high-pressure liquid-chromatography, ,3.29 = -log[Mg+2] _ mol/kg;(Mg)1(Cl)2=0.0005101;Tris=0.04979;ADP=0.008247;AMP=0;ATP=0;IS=0.072;pMg=6.59  ,2.7.4.3, , ,0.072, , 
4421,3940.0,1995.0,adenylate kinase,2 kegg:C00008 = kegg:C00020 + kegg:C00002,2 CHB_16761 = CHB_15422 + CHB_16027,2 ADP(aq) = AMP(aq) + ATP(aq), ,91TEW/GOL2, , ,298.15,8.56,0.258, ,high-pressure liquid-chromatography, ,0.62 = -log[Mg+2] _ mol/kg;(Mg)1(Cl)2=0.2371;Tris=0.04494;ADP=0.009037;AMP=0;ATP=0;IS=0.096;pMg=2.27  ,2.7.4.3, , ,0.096, , 
4422,3951.0,1996.0,adenylate kinase,2 kegg:C00008 = kegg:C00020 + kegg:C00002,2 CHB_16761 = CHB_15422 + CHB_16027,2 ADP(aq) = AMP(aq) + ATP(aq), ,91TEW/GOL2, , ,298.15,8.57,0.45, ,high-pressure liquid-chromatography, ,3.71 = -log[Mg+2] _ mol/kg;(Mg)1(Cl)2=0.0001957;(K)1(Cl)1=0.1506;Tris=0.04982;ADP=0.008122;AMP=0;ATP=0;IS=0.228;pMg=6.67  ,2.7.4.3, , ,0.228, , 
4423,3943.0,1997.0,adenylate kinase,2 kegg:C00008 = kegg:C00020 + kegg:C00002,2 CHB_16761 = CHB_15422 + CHB_16027,2 ADP(aq) = AMP(aq) + ATP(aq), ,91TEW/GOL2, , ,298.15,8.3,0.475, ,high-pressure liquid-chromatography, ,2.13 = -log[Mg+2] _ mol/kg;(Mg)1(Cl)2=0.007455;Tris=0.04966;ADP=0.008406;AMP=0;ATP=0;IS=0.069;pMg=5.49  ,2.7.4.3, , ,0.069, , 
4424,3956.0,1998.0,adenylate kinase,2 kegg:C00008 = kegg:C00020 + kegg:C00002,2 CHB_16761 = CHB_15422 + CHB_16027,2 ADP(aq) = AMP(aq) + ATP(aq), ,91TEW/GOL2, , ,298.15,7.93,0.364, ,high-pressure liquid-chromatography, ,3.67 = -log[Mg+2] _ mol/kg;(Mg)1(Cl)2=0.0002119;Tris=0.05014;ADP=0.008351;AMP=0;ATP=0;IS=0.061;pMg=7.15  ,2.7.4.3, , ,0.061, , 
4425,3939.0,1999.0,adenylate kinase,2 kegg:C00008 = kegg:C00020 + kegg:C00002,2 CHB_16761 = CHB_15422 + CHB_16027,2 ADP(aq) = AMP(aq) + ATP(aq), ,91TEW/GOL2, , ,298.15,8.4,0.26, ,high-pressure liquid-chromatography, ,0.61 = -log[Mg+2] _ mol/kg;(Mg)1(Cl)2=0.2372;Tris=0.04495;ADP=0.008117;AMP=0;ATP=0;IS=0.093;pMg=2.24  ,2.7.4.3, , ,0.093, , 
4426,3960.0,2000.0,adenylate kinase,2 kegg:C00008 = kegg:C00020 + kegg:C00002,2 CHB_16761 = CHB_15422 + CHB_16027,2 ADP(aq) = AMP(aq) + ATP(aq), ,91TEW/GOL2, , ,298.15,6.88,0.365, ,high-pressure liquid-chromatography, ,3.77 = -log[Mg+2] _ mol/kg;(Mg)1(Cl)2=0.0001699;Tris=0.05015;ADP=0.007988;AMP=0;ATP=0;IS=0.038;pMg=7.05  ,2.7.4.3, , ,0.038, , 
4427,3930.0,2001.0,adenylate kinase,2 kegg:C00008 = kegg:C00020 + kegg:C00002,2 CHB_16761 = CHB_15422 + CHB_16027,2 ADP(aq) = AMP(aq) + ATP(aq), ,91TEW/GOL2, , ,292.15,8.67,0.349, ,high-pressure liquid-chromatography, ,3.29 = -log[Mg+2] _ mol/kg;(Mg)1(Cl)2=0.0005099;Tris=0.04979;ADP=0.008749;AMP=0;ATP=0;IS=0.08;pMg=6.65  ,2.7.4.3, , ,0.08, , 
4428,3938.0,2002.0,adenylate kinase,2 kegg:C00008 = kegg:C00020 + kegg:C00002,2 CHB_16761 = CHB_15422 + CHB_16027,2 ADP(aq) = AMP(aq) + ATP(aq), ,91TEW/GOL2, , ,298.15,8.51,0.854, ,high-pressure liquid-chromatography, ,1.61 = -log[Mg+2] _ mol/kg;(Mg)1(Cl)2=0.02432;Tris=0.04931;ADP=0.008506;AMP=0;ATP=0;IS=0.068;pMg=4.69  ,2.7.4.3, , ,0.068, , 
4429,3949.0,2003.0,adenylate kinase,2 kegg:C00008 = kegg:C00020 + kegg:C00002,2 CHB_16761 = CHB_15422 + CHB_16027,2 ADP(aq) = AMP(aq) + ATP(aq), ,91TEW/GOL2, , ,298.15,8.49,0.408, ,high-pressure liquid-chromatography, ,3.71 = -log[Mg+2] _ mol/kg;(Mg)1(Cl)2=0.0001958;(K)1(Cl)1=0.0491;Tris=0.04982;ADP=0.008226;AMP=0;ATP=0;IS=0.125;pMg=6.92  ,2.7.4.3, , ,0.125, , 
4430,3964.0,2004.0,adenylate kinase,2 kegg:C00008 = kegg:C00020 + kegg:C00002,2 CHB_16761 = CHB_15422 + CHB_16027,2 ADP(aq) = AMP(aq) + ATP(aq), ,91TEW/GOL2, , ,311.15,7.04,0.928, ,high-pressure liquid-chromatography, ,1.61 = -log[Mg+2] _ mol/kg;(Mg)1(Cl)2=0.02429;(K)1(Cl)1=0.2264;phosphate buffer=0.00951;ADP=0.002177;AMP=0;ATP=0;IS=0.245;pMg=3.54  ,2.7.4.3, , ,0.245, , 
4431,3928.0,2005.0,adenylate kinase,2 kegg:C00008 = kegg:C00020 + kegg:C00002,2 CHB_16761 = CHB_15422 + CHB_16027,2 ADP(aq) = AMP(aq) + ATP(aq), ,91TEW/GOL2, , ,286.05,8.85,0.356, ,high-pressure liquid-chromatography, ,3.29 = -log[Mg+2] _ mol/kg;(Mg)1(Cl)2=0.0005099;Tris=0.04979;ADP=0.008794;AMP=0;ATP=0;IS=0.08;pMg=6.59  ,2.7.4.3, , ,0.08, , 
4432,,2006.0,adenylate kinase,2 kegg:C00008 = kegg:C00020 + kegg:C00002, ,2 ADP(aq) = AMP(aq) + ATP(aq), ,91TEW/GOL2, , ,304.55,8.2, , ,calorimetry, ,3.53 = -log[Mg+2],2.7.4.3, , , , , 
4433,,2007.0,adenylate kinase,2 kegg:C00008 = kegg:C00020 + kegg:C00002, ,2 ADP(aq) = AMP(aq) + ATP(aq), ,91TEW/GOL2, , ,310.25,8.1, , ,calorimetry, ,3.55 = -log[Mg+2],2.7.4.3, , , , , 
4434,,2008.0,adenylate kinase,2 kegg:C00008 = kegg:C00020 + kegg:C00002, ,2 ADP(aq) = AMP(aq) + ATP(aq), ,91TEW/GOL2, , ,298.15,8.37, , ,calorimetry, ,3.58 = -log[Mg+2],2.7.4.3, , , , , 
4435,4.0,2030.0,creatine kinase,kegg:C00002 + kegg:C00300 = kegg:C00008 + kegg:C02305,CHB_15422 + CHB_16919 = CHB_16761 + CHB_17287,ATP(aq) + creatine(aq) = ADP(aq) + phosphocreatine(aq), ,00LIA/HUA, , ,298.15,9.0, , ,calorimetry, ,mol/L;creatine=0.00718;ATP=0.00141;magnesium acetate=0.00172;glycine-NaOH=0.1;phosphocreatine=0;ADP=0  ,2.7.3.2, , , , , 
4436,,2042.0,phosphoenolpyruvate mutase,kegg:C00074 = kegg:C02798, ,phosphoenolpyruvate(aq) = 3-phosphonopyruvate(aq), ,96KIM/DUN, , ,298.15,7.5,0.0008, ,spectrophotometry, , ,5.4.2.9, , , , , 
4437,1029.0,2043.0,phosphopyruvate hydratase,kegg:C00631 = kegg:C00074 + kegg:C00001,CHB_17835 = CHB_15377 + CHB_18021,2-phospho-D-glycerate(aq) = phosphoenolpyruvate(aq) + H2O(l), ,57WOL/BAL, , ,298.15,8.08,3.8, ,spectrophotometry, ,mol/L;imidazole=0.05;(Mn)1(SO4)1=0.002 _ MnSO4 (0.002 mol/L) _ ,4.2.1.11, , , , , 
4438,1031,2044.0,phosphopyruvate hydratase,kegg:C00631 = kegg:C00074 + kegg:C00001,CHB_17835 = CHB_15377 + CHB_18021,2-phospho-D-glycerate(aq) = phosphoenolpyruvate(aq) + H2O(l), ,57WOL/BAL, , ,298.15,6.5,2.84, ,spectrophotometry, ,mol/L;imidazole=0.05;(Mn)1(SO4)1=0.005 _ MnSO4 (0.005 mol/L) _ ,4.2.1.11, , ,, , 
4439,1033.0,2045.0,phosphopyruvate hydratase,kegg:C00631 = kegg:C00074 + kegg:C00001,CHB_17835 = CHB_15377 + CHB_18021,2-phospho-D-glycerate(aq) = phosphoenolpyruvate(aq) + H2O(l), ,57WOL/BAL, , ,298.15,7.28,3.19, ,spectrophotometry, ,mol/L;imidazole=0.05;(Mn)1(SO4)1=0.005 _ MnSO4 (0.005 mol/L) _ ,4.2.1.11, , , , , 
4440,956.0,2046.0,phosphopyruvate hydratase,kegg:C00631 = kegg:C00074 + kegg:C00001,CHB_17835 = CHB_15377 + CHB_18021,2-phospho-D-glycerate(aq) = phosphoenolpyruvate(aq) + H2O(l), ,57WOL/BAL, , ,298.15,6.03,2.63, ,spectrophotometry, ,"2.1 = -log[Mg+2] _ mol/L;imidazole=0.05;(K)1(Cl)1=0.4;(Mg)1(SO4)1=0.008 _ KCl (0.4 mol/L), MgSO4 (0.008 mol/L) _ ",4.2.1.11, , , , , 
4441,959.0,2047.0,phosphopyruvate hydratase,kegg:C00631 = kegg:C00074 + kegg:C00001,CHB_17835 = CHB_15377 + CHB_18021,2-phospho-D-glycerate(aq) = phosphoenolpyruvate(aq) + H2O(l), ,57WOL/BAL, , ,298.15,6.04,2.83, ,spectrophotometry, ,"2.1 = -log[Mg+2] _ mol/L;imidazole=0.05;(K)1(Cl)1=0.4;(Mg)1(SO4)1=0.008 _ KCl (0.4 mol/L), MgSO4 (0.008 mol/L) _ ",4.2.1.11, , , , , 
4442,954.0,2048.0,phosphopyruvate hydratase,kegg:C00631 = kegg:C00074 + kegg:C00001,CHB_17835 = CHB_15377 + CHB_18021,2-phospho-D-glycerate(aq) = phosphoenolpyruvate(aq) + H2O(l), ,57WOL/BAL, , ,298.15,6.08,2.45, ,spectrophotometry, ,"2.1 = -log[Mg+2] _ mol/L;imidazole=0.05;(K)1(Cl)1=0.4;(Mg)1(SO4)1=0.008 _ KCl (0.4 mol/L), MgSO4 (0.008 mol/L) _ ",4.2.1.11, , , , , 
4443,957.0,2049.0,phosphopyruvate hydratase,kegg:C00631 = kegg:C00074 + kegg:C00001,CHB_17835 = CHB_15377 + CHB_18021,2-phospho-D-glycerate(aq) = phosphoenolpyruvate(aq) + H2O(l), ,57WOL/BAL, , ,298.15,6.08,2.76, ,spectrophotometry, ,"2.1 = -log[Mg+2] _ mol/L;imidazole=0.05;(K)1(Cl)1=0.4;(Mg)1(SO4)1=0.008 _ KCl (0.4 mol/L), MgSO4 (0.008 mol/L) _ ",4.2.1.11, , , , , 
4444,962.0,2050.0,phosphopyruvate hydratase,kegg:C00631 = kegg:C00074 + kegg:C00001,CHB_17835 = CHB_15377 + CHB_18021,2-phospho-D-glycerate(aq) = phosphoenolpyruvate(aq) + H2O(l), ,57WOL/BAL, , ,298.15,6.23,3.21, ,spectrophotometry, ,"2.1 = -log[Mg+2] _ mol/L;imidazole=0.05;(K)1(Cl)1=0.4;(Mg)1(SO4)1=0.008 _ KCl (0.4 mol/L), MgSO4 (0.008 mol/L) _ ",4.2.1.11, , , , , 
4445,965.0,2051.0,phosphopyruvate hydratase,kegg:C00631 = kegg:C00074 + kegg:C00001,CHB_17835 = CHB_15377 + CHB_18021,2-phospho-D-glycerate(aq) = phosphoenolpyruvate(aq) + H2O(l), ,57WOL/BAL, , ,298.15,6.23,3.27, ,spectrophotometry, ,"2.1 = -log[Mg+2] _ mol/L;imidazole=0.05;(K)1(Cl)1=0.4;(Mg)1(SO4)1=0.008 _ KCl (0.4 mol/L), MgSO4 (0.008 mol/L) _ ",4.2.1.11, , , , , 
4446,961.0,2052.0,phosphopyruvate hydratase,kegg:C00631 = kegg:C00074 + kegg:C00001,CHB_17835 = CHB_15377 + CHB_18021,2-phospho-D-glycerate(aq) = phosphoenolpyruvate(aq) + H2O(l), ,57WOL/BAL, , ,298.15,6.29,3.17, ,spectrophotometry, ,"2.1 = -log[Mg+2] _ mol/L;imidazole=0.05;(K)1(Cl)1=0.4;(Mg)1(SO4)1=0.008 _ KCl (0.4 mol/L), MgSO4 (0.008 mol/L) _ ",4.2.1.11, , , , , 
4447,951.0,2053.0,phosphopyruvate hydratase,kegg:C00631 = kegg:C00074 + kegg:C00001,CHB_17835 = CHB_15377 + CHB_18021,2-phospho-D-glycerate(aq) = phosphoenolpyruvate(aq) + H2O(l), ,57WOL/BAL, , ,288.0,7.5,3.54, ,spectrophotometry, ,"2.1 = -log[Mg+2] _ mol/L;imidazole=0.05;(K)1(Cl)1=0.4;(Mg)1(SO4)1=0.008 _ KCl (0.4 mol/L), MgSO4 (0.008 mol/L) _ ",4.2.1.11, , , , , 
4448,952.0,2054.0,phosphopyruvate hydratase,kegg:C00631 = kegg:C00074 + kegg:C00001,CHB_17835 = CHB_15377 + CHB_18021,2-phospho-D-glycerate(aq) = phosphoenolpyruvate(aq) + H2O(l), ,57WOL/BAL, , ,299.5,7.5,4.55, ,spectrophotometry, ,"2.1 = -log[Mg+2] _ mol/L;imidazole=0.05;(K)1(Cl)1=0.4;(Mg)1(SO4)1=0.008 _ KCl (0.4 mol/L), MgSO4 (0.008 mol/L) _ ",4.2.1.11, , , , , 
4449,1009.0,2055.0,phosphopyruvate hydratase,kegg:C00631 = kegg:C00074 + kegg:C00001,CHB_17835 = CHB_15377 + CHB_18021,2-phospho-D-glycerate(aq) = phosphoenolpyruvate(aq) + H2O(l), ,57WOL/BAL, , ,298.15,6.5,3.5, ,spectrophotometry, ,3.0 = -log[Mg+2] _ mol/L;imidazole=0.05;(Mg)1(SO4)1=0.001 _ MgSO4 (0.001 mol/L) _ ,4.2.1.11, , , , , 
4450,1010.0,2056.0,phosphopyruvate hydratase,kegg:C00631 = kegg:C00074 + kegg:C00001,CHB_17835 = CHB_15377 + CHB_18021,2-phospho-D-glycerate(aq) = phosphoenolpyruvate(aq) + H2O(l), ,57WOL/BAL, , ,298.15,7.0,4.29, ,spectrophotometry, ,3.0 = -log[Mg+2] _ mol/L;imidazole=0.05;(Mg)1(SO4)1=0.001 _ MgSO4 (0.001 mol/L) _ ,4.2.1.11, , , , , 
4451,987.0,2057.0,phosphopyruvate hydratase,kegg:C00631 = kegg:C00074 + kegg:C00001,CHB_17835 = CHB_15377 + CHB_18021,2-phospho-D-glycerate(aq) = phosphoenolpyruvate(aq) + H2O(l), ,57WOL/BAL, , ,298.15,7.5,4.68, ,spectrophotometry, ,"3.0 = -log[Mg+2] _ mol/L;imidazole=0.05;(K)1(Cl)1=0.4;(Mg)1(SO4)1=0.008 _ KCl (0.4 mol/L), MgSO4 (0.008 mol/L) _ ",4.2.1.11, , , , , 
4452,1013.0,2058.0,phosphopyruvate hydratase,kegg:C00631 = kegg:C00074 + kegg:C00001,CHB_17835 = CHB_15377 + CHB_18021,2-phospho-D-glycerate(aq) = phosphoenolpyruvate(aq) + H2O(l), ,57WOL/BAL, , ,298.15,8.5,5.15, ,spectrophotometry, ,3.0 = -log[Mg+2] _ mol/L;imidazole=0.05;(Mg)1(SO4)1=0.001 _ MgSO4 (0.001 mol/L) _ ,4.2.1.11, , , , , 
4453,1015.0,2059.0,phosphopyruvate hydratase,kegg:C00631 = kegg:C00074 + kegg:C00001,CHB_17835 = CHB_15377 + CHB_18021,2-phospho-D-glycerate(aq) = phosphoenolpyruvate(aq) + H2O(l), ,57WOL/BAL, , ,298.15,6.5,3.4, ,spectrophotometry, ,2.0 = -log[Mg+2] _ mol/L;imidazole=0.05;(Mg)1(SO4)1=0.01 _ MgSO4 (0.01 mol/L) _ ,4.2.1.11, , , , , 
4454,1016.0,2060.0,phosphopyruvate hydratase,kegg:C00631 = kegg:C00074 + kegg:C00001,CHB_17835 = CHB_15377 + CHB_18021,2-phospho-D-glycerate(aq) = phosphoenolpyruvate(aq) + H2O(l), ,57WOL/BAL, , ,298.15,7.0,3.92, ,spectrophotometry, ,2.0 = -log[Mg+2] _ mol/L;imidazole=0.05;(Mg)1(SO4)1=0.01 _ MgSO4 (0.01 mol/L) _ ,4.2.1.11, , , , , 
4455,1018,2061.0,phosphopyruvate hydratase,kegg:C00631 = kegg:C00074 + kegg:C00001,CHB_17835 = CHB_15377 + CHB_18021,2-phospho-D-glycerate(aq) = phosphoenolpyruvate(aq) + H2O(l), ,57WOL/BAL, , ,298.15,8.0,4.41, ,spectrophotometry, ,2.0 = -log[Mg+2] _ mol/L;imidazole=0.05;(Mg)1(SO4)1=0.01 _ MgSO4 (0.01 mol/L) _ ,4.2.1.11, , ,, , 
4456,1019,2062.0,phosphopyruvate hydratase,kegg:C00631 = kegg:C00074 + kegg:C00001,CHB_17835 = CHB_15377 + CHB_18021,2-phospho-D-glycerate(aq) = phosphoenolpyruvate(aq) + H2O(l), ,57WOL/BAL, , ,298.15,8.5,4.52, ,spectrophotometry, ,2.0 = -log[Mg+2] _ mol/L;imidazole=0.05;(Mg)1(SO4)1=0.01 _ MgSO4 (0.01 mol/L) _ ,4.2.1.11, , ,, , 
4457,1020,2063.0,phosphopyruvate hydratase,kegg:C00631 = kegg:C00074 + kegg:C00001,CHB_17835 = CHB_15377 + CHB_18021,2-phospho-D-glycerate(aq) = phosphoenolpyruvate(aq) + H2O(l), ,57WOL/BAL, , ,298.15,6.0,2.35, ,spectrophotometry, ,mol/L;imidazole=0.05;(Mn)1(SO4)1=0.001 _ MnSO4 (0.001 mol/L) _ ,4.2.1.11, , ,, , 
4458,,2064.0,phosphopyruvate hydratase,kegg:C00631 = kegg:C00074 + kegg:C00001, ,2-phospho-D-glycerate(aq) = phosphoenolpyruvate(aq) + H2O(l), ,57WOL/BAL, , ,298.15,6.0,2.35, ,spectrophotometry, , ,4.2.1.11, , , , , 
4459,1022.0,2065.0,phosphopyruvate hydratase,kegg:C00631 = kegg:C00074 + kegg:C00001,CHB_17835 = CHB_15377 + CHB_18021,2-phospho-D-glycerate(aq) = phosphoenolpyruvate(aq) + H2O(l), ,57WOL/BAL, , ,298.15,6.88,3.48, ,spectrophotometry, ,mol/L;imidazole=0.05;(Mn)1(SO4)1=0.001 _ MnSO4 (0.001 mol/L) _ ,4.2.1.11, , , , , 
4460,1024.0,2066.0,phosphopyruvate hydratase,kegg:C00631 = kegg:C00074 + kegg:C00001,CHB_17835 = CHB_15377 + CHB_18021,2-phospho-D-glycerate(aq) = phosphoenolpyruvate(aq) + H2O(l), ,57WOL/BAL, , ,298.15,8.08,4.2, ,spectrophotometry, ,mol/L;imidazole=0.05;(Mn)1(SO4)1=0.001 _ MnSO4 (0.001 mol/L) _ ,4.2.1.11, , , , , 
4461,1026.0,2067.0,phosphopyruvate hydratase,kegg:C00631 = kegg:C00074 + kegg:C00001,CHB_17835 = CHB_15377 + CHB_18021,2-phospho-D-glycerate(aq) = phosphoenolpyruvate(aq) + H2O(l), ,57WOL/BAL, , ,298.15,6.5,2.91, ,spectrophotometry, ,mol/L;imidazole=0.05;(Mn)1(SO4)1=0.002 _ MnSO4 (0.002 mol/L) _ ,4.2.1.11, , , , , 
4462,1027.0,2068.0,phosphopyruvate hydratase,kegg:C00631 = kegg:C00074 + kegg:C00001,CHB_17835 = CHB_15377 + CHB_18021,2-phospho-D-glycerate(aq) = phosphoenolpyruvate(aq) + H2O(l), ,57WOL/BAL, , ,298.15,6.9,3.51, ,spectrophotometry, ,mol/L;imidazole=0.05;(Mn)1(SO4)1=0.002 _ MnSO4 (0.002 mol/L) _ ,4.2.1.11, , , , , 
4463,1028.0,2069.0,phosphopyruvate hydratase,kegg:C00631 = kegg:C00074 + kegg:C00001,CHB_17835 = CHB_15377 + CHB_18021,2-phospho-D-glycerate(aq) = phosphoenolpyruvate(aq) + H2O(l), ,57WOL/BAL, , ,298.15,7.28,3.48, ,spectrophotometry, ,mol/L;imidazole=0.05;(Mn)1(SO4)1=0.002 _ MnSO4 (0.002 mol/L) _ ,4.2.1.11, , , , , 
4464,963.0,2070.0,phosphopyruvate hydratase,kegg:C00631 = kegg:C00074 + kegg:C00001,CHB_17835 = CHB_15377 + CHB_18021,2-phospho-D-glycerate(aq) = phosphoenolpyruvate(aq) + H2O(l), ,57WOL/BAL, , ,298.15,6.29,3.21, ,spectrophotometry, ,"2.1 = -log[Mg+2] _ mol/L;imidazole=0.05;(K)1(Cl)1=0.4;(Mg)1(SO4)1=0.008 _ KCl (0.4 mol/L), MgSO4 (0.008 mol/L) _ ",4.2.1.11, , , , , 
4465,960.0,2071.0,phosphopyruvate hydratase,kegg:C00631 = kegg:C00074 + kegg:C00001,CHB_17835 = CHB_15377 + CHB_18021,2-phospho-D-glycerate(aq) = phosphoenolpyruvate(aq) + H2O(l), ,57WOL/BAL, , ,298.15,6.34,3.1, ,spectrophotometry, ,"2.1 = -log[Mg+2] _ mol/L;imidazole=0.05;(K)1(Cl)1=0.4;(Mg)1(SO4)1=0.008 _ KCl (0.4 mol/L), MgSO4 (0.008 mol/L) _ ",4.2.1.11, , , , , 
4466,964.0,2072.0,phosphopyruvate hydratase,kegg:C00631 = kegg:C00074 + kegg:C00001,CHB_17835 = CHB_15377 + CHB_18021,2-phospho-D-glycerate(aq) = phosphoenolpyruvate(aq) + H2O(l), ,57WOL/BAL, , ,298.15,6.34,3.21, ,spectrophotometry, ,"2.1 = -log[Mg+2] _ mol/L;imidazole=0.05;(K)1(Cl)1=0.4;(Mg)1(SO4)1=0.008 _ KCl (0.4 mol/L), MgSO4 (0.008 mol/L) _ ",4.2.1.11, , , , , 
4467,970.0,2073.0,phosphopyruvate hydratase,kegg:C00631 = kegg:C00074 + kegg:C00001,CHB_17835 = CHB_15377 + CHB_18021,2-phospho-D-glycerate(aq) = phosphoenolpyruvate(aq) + H2O(l), ,57WOL/BAL, , ,298.15,6.49,3.63, ,spectrophotometry, ,"2.1 = -log[Mg+2] _ mol/L;imidazole=0.05;(K)1(Cl)1=0.4;(Mg)1(SO4)1=0.008 _ KCl (0.4 mol/L), MgSO4 (0.008 mol/L) _ ",4.2.1.11, , , , , 
4468,971.0,2074.0,phosphopyruvate hydratase,kegg:C00631 = kegg:C00074 + kegg:C00001,CHB_17835 = CHB_15377 + CHB_18021,2-phospho-D-glycerate(aq) = phosphoenolpyruvate(aq) + H2O(l), ,57WOL/BAL, , ,298.15,6.49,3.68, ,spectrophotometry, ,"2.1 = -log[Mg+2] _ mol/L;imidazole=0.05;(K)1(Cl)1=0.4;(Mg)1(SO4)1=0.008 _ KCl (0.4 mol/L), MgSO4 (0.008 mol/L) _ ",4.2.1.11, , , , , 
4469,973.0,2075.0,phosphopyruvate hydratase,kegg:C00631 = kegg:C00074 + kegg:C00001,CHB_17835 = CHB_15377 + CHB_18021,2-phospho-D-glycerate(aq) = phosphoenolpyruvate(aq) + H2O(l), ,57WOL/BAL, , ,298.15,6.55,3.84, ,spectrophotometry, ,"2.1 = -log[Mg+2] _ mol/L;imidazole=0.05;(K)1(Cl)1=0.4;(Mg)1(SO4)1=0.008 _ KCl (0.4 mol/L), MgSO4 (0.008 mol/L) _ ",4.2.1.11, , , , , 
4470,975.0,2076.0,phosphopyruvate hydratase,kegg:C00631 = kegg:C00074 + kegg:C00001,CHB_17835 = CHB_15377 + CHB_18021,2-phospho-D-glycerate(aq) = phosphoenolpyruvate(aq) + H2O(l), ,57WOL/BAL, , ,298.15,6.74,4.09, ,spectrophotometry, ,"2.1 = -log[Mg+2] _ mol/L;imidazole=0.05;(K)1(Cl)1=0.4;(Mg)1(SO4)1=0.008 _ KCl (0.4 mol/L), MgSO4 (0.008 mol/L) _ ",4.2.1.11, , , , , 
4471,979.0,2077.0,phosphopyruvate hydratase,kegg:C00631 = kegg:C00074 + kegg:C00001,CHB_17835 = CHB_15377 + CHB_18021,2-phospho-D-glycerate(aq) = phosphoenolpyruvate(aq) + H2O(l), ,57WOL/BAL, , ,298.15,6.74,4.37, ,spectrophotometry, ,"2.1 = -log[Mg+2] _ mol/L;imidazole=0.05;(K)1(Cl)1=0.4;(Mg)1(SO4)1=0.008 _ KCl (0.4 mol/L), MgSO4 (0.008 mol/L) _ ",4.2.1.11, , , , , 
4472,977.0,2078.0,phosphopyruvate hydratase,kegg:C00631 = kegg:C00074 + kegg:C00001,CHB_17835 = CHB_15377 + CHB_18021,2-phospho-D-glycerate(aq) = phosphoenolpyruvate(aq) + H2O(l), ,57WOL/BAL, , ,298.15,6.78,4.26, ,spectrophotometry, ,"2.1 = -log[Mg+2] _ mol/L;imidazole=0.05;(K)1(Cl)1=0.4;(Mg)1(SO4)1=0.008 _ KCl (0.4 mol/L), MgSO4 (0.008 mol/L) _ ",4.2.1.11, , , , , 
4473,978.0,2079.0,phosphopyruvate hydratase,kegg:C00631 = kegg:C00074 + kegg:C00001,CHB_17835 = CHB_15377 + CHB_18021,2-phospho-D-glycerate(aq) = phosphoenolpyruvate(aq) + H2O(l), ,57WOL/BAL, , ,298.15,6.84,4.26, ,spectrophotometry, ,"2.1 = -log[Mg+2] _ mol/L;imidazole=0.05;(K)1(Cl)1=0.4;(Mg)1(SO4)1=0.008 _ KCl (0.4 mol/L), MgSO4 (0.008 mol/L) _ ",4.2.1.11, , , , , 
4474,980.0,2080.0,phosphopyruvate hydratase,kegg:C00631 = kegg:C00074 + kegg:C00001,CHB_17835 = CHB_15377 + CHB_18021,2-phospho-D-glycerate(aq) = phosphoenolpyruvate(aq) + H2O(l), ,57WOL/BAL, , ,298.15,7.0,4.38, ,spectrophotometry, ,"2.1 = -log[Mg+2] _ mol/L;imidazole=0.05;(K)1(Cl)1=0.4;(Mg)1(SO4)1=0.008 _ KCl (0.4 mol/L), MgSO4 (0.008 mol/L) _ ",4.2.1.11, , , , , 
4475,983.0,2081.0,phosphopyruvate hydratase,kegg:C00631 = kegg:C00074 + kegg:C00001,CHB_17835 = CHB_15377 + CHB_18021,2-phospho-D-glycerate(aq) = phosphoenolpyruvate(aq) + H2O(l), ,57WOL/BAL, , ,298.15,7.0,4.52, ,spectrophotometry, ,"2.1 = -log[Mg+2] _ mol/L;imidazole=0.05;(K)1(Cl)1=0.4;(Mg)1(SO4)1=0.008 _ KCl (0.4 mol/L), MgSO4 (0.008 mol/L) _ ",4.2.1.11, , , , , 
4476,986.0,2082.0,phosphopyruvate hydratase,kegg:C00631 = kegg:C00074 + kegg:C00001,CHB_17835 = CHB_15377 + CHB_18021,2-phospho-D-glycerate(aq) = phosphoenolpyruvate(aq) + H2O(l), ,57WOL/BAL, , ,298.15,7.0,4.68, ,spectrophotometry, ,"2.1 = -log[Mg+2] _ mol/L;imidazole=0.05;(K)1(Cl)1=0.4;(Mg)1(SO4)1=0.008 _ KCl (0.4 mol/L), MgSO4 (0.008 mol/L) _ ",4.2.1.11, , , , , 
4477,981.0,2083.0,phosphopyruvate hydratase,kegg:C00631 = kegg:C00074 + kegg:C00001,CHB_17835 = CHB_15377 + CHB_18021,2-phospho-D-glycerate(aq) = phosphoenolpyruvate(aq) + H2O(l), ,57WOL/BAL, , ,298.15,7.12,4.4, ,spectrophotometry, ,"2.1 = -log[Mg+2] _ mol/L;imidazole=0.05;(K)1(Cl)1=0.4;(Mg)1(SO4)1=0.008 _ KCl (0.4 mol/L), MgSO4 (0.008 mol/L) _ ",4.2.1.11, , , , , 
4478,990.0,2084.0,phosphopyruvate hydratase,kegg:C00631 = kegg:C00074 + kegg:C00001,CHB_17835 = CHB_15377 + CHB_18021,2-phospho-D-glycerate(aq) = phosphoenolpyruvate(aq) + H2O(l), ,57WOL/BAL, , ,298.15,7.12,4.8, ,spectrophotometry, ,"2.1 = -log[Mg+2] _ mol/L;imidazole=0.05;(K)1(Cl)1=0.4;(Mg)1(SO4)1=0.008 _ KCl (0.4 mol/L), MgSO4 (0.008 mol/L) _ ",4.2.1.11, , , , , 
4479,991.0,2085.0,phosphopyruvate hydratase,kegg:C00631 = kegg:C00074 + kegg:C00001,CHB_17835 = CHB_15377 + CHB_18021,2-phospho-D-glycerate(aq) = phosphoenolpyruvate(aq) + H2O(l), ,57WOL/BAL, , ,298.15,7.12,4.8, ,spectrophotometry, ,"2.1 = -log[Mg+2] _ mol/L;imidazole=0.05;(K)1(Cl)1=0.4;(Mg)1(SO4)1=0.008 _ KCl (0.4 mol/L), MgSO4 (0.008 mol/L) _ ",4.2.1.11, , , , , 
4480,984.0,2086.0,phosphopyruvate hydratase,kegg:C00631 = kegg:C00074 + kegg:C00001,CHB_17835 = CHB_15377 + CHB_18021,2-phospho-D-glycerate(aq) = phosphoenolpyruvate(aq) + H2O(l), ,57WOL/BAL, , ,298.15,7.38,4.56, ,spectrophotometry, ,"2.1 = -log[Mg+2] _ mol/L;imidazole=0.05;(K)1(Cl)1=0.4;(Mg)1(SO4)1=0.008 _ KCl (0.4 mol/L), MgSO4 (0.008 mol/L) _ ",4.2.1.11, , , , , 
4481,985.0,2087.0,phosphopyruvate hydratase,kegg:C00631 = kegg:C00074 + kegg:C00001,CHB_17835 = CHB_15377 + CHB_18021,2-phospho-D-glycerate(aq) = phosphoenolpyruvate(aq) + H2O(l), ,57WOL/BAL, , ,298.15,7.38,4.64, ,spectrophotometry, ,"2.1 = -log[Mg+2] _ mol/L;imidazole=0.05;(K)1(Cl)1=0.4;(Mg)1(SO4)1=0.008 _ KCl (0.4 mol/L), MgSO4 (0.008 mol/L) _ ",4.2.1.11, , , , , 
4482,997.0,2088.0,phosphopyruvate hydratase,kegg:C00631 = kegg:C00074 + kegg:C00001,CHB_17835 = CHB_15377 + CHB_18021,2-phospho-D-glycerate(aq) = phosphoenolpyruvate(aq) + H2O(l), ,57WOL/BAL, , ,298.15,7.38,5.0, ,spectrophotometry, ,"2.1 = -log[Mg+2] _ mol/L;imidazole=0.05;(K)1(Cl)1=0.4;(Mg)1(SO4)1=0.008 _ KCl (0.4 mol/L), MgSO4 (0.008 mol/L) _ ",4.2.1.11, , , , , 
4483,1011.0,2089.0,phosphopyruvate hydratase,kegg:C00631 = kegg:C00074 + kegg:C00001,CHB_17835 = CHB_15377 + CHB_18021,2-phospho-D-glycerate(aq) = phosphoenolpyruvate(aq) + H2O(l), ,57WOL/BAL, , ,298.15,7.46,4.68, ,spectrophotometry, ,2.1 = -log[Mg+2] _ mol/L;imidazole=0.05;(Mg)1(SO4)1=0.001 _ MgSO4 (0.001 mol/L) _ ,4.2.1.11, , , , , 
4484,993.0,2090.0,phosphopyruvate hydratase,kegg:C00631 = kegg:C00074 + kegg:C00001,CHB_17835 = CHB_15377 + CHB_18021,2-phospho-D-glycerate(aq) = phosphoenolpyruvate(aq) + H2O(l), ,57WOL/BAL, , ,298.15,7.46,4.82, ,spectrophotometry, ,"2.1 = -log[Mg+2] _ mol/L;imidazole=0.05;(K)1(Cl)1=0.4;(Mg)1(SO4)1=0.008 _ KCl (0.4 mol/L), MgSO4 (0.008 mol/L) _ ",4.2.1.11, , , , , 
4485,994.0,2091.0,phosphopyruvate hydratase,kegg:C00631 = kegg:C00074 + kegg:C00001,CHB_17835 = CHB_15377 + CHB_18021,2-phospho-D-glycerate(aq) = phosphoenolpyruvate(aq) + H2O(l), ,57WOL/BAL, , ,298.15,7.46,4.86, ,spectrophotometry, ,"2.1 = -log[Mg+2] _ mol/L;imidazole=0.05;(K)1(Cl)1=0.4;(Mg)1(SO4)1=0.008 _ KCl (0.4 mol/L), MgSO4 (0.008 mol/L) _ ",4.2.1.11, , , , , 
4486,999.0,2092.0,phosphopyruvate hydratase,kegg:C00631 = kegg:C00074 + kegg:C00001,CHB_17835 = CHB_15377 + CHB_18021,2-phospho-D-glycerate(aq) = phosphoenolpyruvate(aq) + H2O(l), ,57WOL/BAL, , ,298.15,7.88,5.06, ,spectrophotometry, ,"2.1 = -log[Mg+2] _ mol/L;imidazole=0.05;(K)1(Cl)1=0.4;(Mg)1(SO4)1=0.008 _ KCl (0.4 mol/L), MgSO4 (0.008 mol/L) _ ",4.2.1.11, , , , , 
4487,1001.0,2093.0,phosphopyruvate hydratase,kegg:C00631 = kegg:C00074 + kegg:C00001,CHB_17835 = CHB_15377 + CHB_18021,2-phospho-D-glycerate(aq) = phosphoenolpyruvate(aq) + H2O(l), ,57WOL/BAL, , ,298.15,7.88,5.1, ,spectrophotometry, ,"2.1 = -log[Mg+2] _ mol/L;imidazole=0.05;(K)1(Cl)1=0.4;(Mg)1(SO4)1=0.008 _ KCl (0.4 mol/L), MgSO4 (0.008 mol/L) _ ",4.2.1.11, , , , , 
4488,1007.0,2094.0,phosphopyruvate hydratase,kegg:C00631 = kegg:C00074 + kegg:C00001,CHB_17835 = CHB_15377 + CHB_18021,2-phospho-D-glycerate(aq) = phosphoenolpyruvate(aq) + H2O(l), ,57WOL/BAL, , ,298.15,7.88,5.92, ,spectrophotometry, ,"2.1 = -log[Mg+2] _ mol/L;imidazole=0.05;(K)1(Cl)1=0.4;(Mg)1(SO4)1=0.008 _ KCl (0.4 mol/L), MgSO4 (0.008 mol/L) _ ",4.2.1.11, , , , , 
4489,1002.0,2095.0,phosphopyruvate hydratase,kegg:C00631 = kegg:C00074 + kegg:C00001,CHB_17835 = CHB_15377 + CHB_18021,2-phospho-D-glycerate(aq) = phosphoenolpyruvate(aq) + H2O(l), ,57WOL/BAL, , ,298.15,7.94,5.15, ,spectrophotometry, ,"2.1 = -log[Mg+2] _ mol/L;imidazole=0.05;(K)1(Cl)1=0.4;(Mg)1(SO4)1=0.008 _ KCl (0.4 mol/L), MgSO4 (0.008 mol/L) _ ",4.2.1.11, , , , , 
4490,1000.0,2096.0,phosphopyruvate hydratase,kegg:C00631 = kegg:C00074 + kegg:C00001,CHB_17835 = CHB_15377 + CHB_18021,2-phospho-D-glycerate(aq) = phosphoenolpyruvate(aq) + H2O(l), ,57WOL/BAL, , ,298.15,8.25,5.08, ,spectrophotometry, ,"2.1 = -log[Mg+2] _ mol/L;imidazole=0.05;(K)1(Cl)1=0.4;(Mg)1(SO4)1=0.008 _ KCl (0.4 mol/L), MgSO4 (0.008 mol/L) _ ",4.2.1.11, , , , , 
4491,1021.0,2097.0,phosphopyruvate hydratase,kegg:C00631 = kegg:C00074 + kegg:C00001,CHB_17835 = CHB_15377 + CHB_18021,2-phospho-D-glycerate(aq) = phosphoenolpyruvate(aq) + H2O(l), ,57WOL/BAL, , ,298.15,6.5,3.19, ,spectrophotometry, ,mol/L;imidazole=0.05;(Mn)1(SO4)1=0.001 _ MnSO4 (0.001 mol/L) _ ,4.2.1.11, , , , , 
4492,968.0,2098.0,phosphopyruvate hydratase,kegg:C00631 = kegg:C00074 + kegg:C00001,CHB_17835 = CHB_15377 + CHB_18021,2-phospho-D-glycerate(aq) = phosphoenolpyruvate(aq) + H2O(l), ,57WOL/BAL, , ,298.15,6.34,3.36, ,spectrophotometry, ,"2.1 = -log[Mg+2] _ mol/L;imidazole=0.05;(K)1(Cl)1=0.4;(Mg)1(SO4)1=0.008 _ KCl (0.4 mol/L), MgSO4 (0.008 mol/L) _ ",4.2.1.11, , , , , 
4493,974.0,2099.0,phosphopyruvate hydratase,kegg:C00631 = kegg:C00074 + kegg:C00001,CHB_17835 = CHB_15377 + CHB_18021,2-phospho-D-glycerate(aq) = phosphoenolpyruvate(aq) + H2O(l), ,57WOL/BAL, , ,298.15,6.84,4.0, ,spectrophotometry, ,"2.1 = -log[Mg+2] _ mol/L;imidazole=0.05;(K)1(Cl)1=0.4;(Mg)1(SO4)1=0.008 _ KCl (0.4 mol/L), MgSO4 (0.008 mol/L) _ ",4.2.1.11, , , , , 
4494,989.0,2100.0,phosphopyruvate hydratase,kegg:C00631 = kegg:C00074 + kegg:C00001,CHB_17835 = CHB_15377 + CHB_18021,2-phospho-D-glycerate(aq) = phosphoenolpyruvate(aq) + H2O(l), ,57WOL/BAL, , ,298.15,7.85,4.71, ,spectrophotometry, ,"2.1 = -log[Mg+2] _ mol/L;imidazole=0.05;(K)1(Cl)1=0.4;(Mg)1(SO4)1=0.008 _ KCl (0.4 mol/L), MgSO4 (0.008 mol/L) _ ",4.2.1.11, , , , , 
4495,995.0,2101.0,phosphopyruvate hydratase,kegg:C00631 = kegg:C00074 + kegg:C00001,CHB_17835 = CHB_15377 + CHB_18021,2-phospho-D-glycerate(aq) = phosphoenolpyruvate(aq) + H2O(l), ,57WOL/BAL, , ,298.15,8.25,4.97, ,spectrophotometry, ,"2.1 = -log[Mg+2] _ mol/L;imidazole=0.05;(K)1(Cl)1=0.4;(Mg)1(SO4)1=0.008 _ KCl (0.4 mol/L), MgSO4 (0.008 mol/L) _ ",4.2.1.11, , , , , 
4496,1012.0,2102.0,phosphopyruvate hydratase,kegg:C00631 = kegg:C00074 + kegg:C00001,CHB_17835 = CHB_15377 + CHB_18021,2-phospho-D-glycerate(aq) = phosphoenolpyruvate(aq) + H2O(l), ,57WOL/BAL, , ,298.15,8.0,5.0, ,spectrophotometry, ,3.0 = -log[Mg+2] _ mol/L;imidazole=0.05;(Mg)1(SO4)1=0.001 _ MgSO4 (0.001 mol/L) _ ,4.2.1.11, , , , , 
4497,1017.0,2103.0,phosphopyruvate hydratase,kegg:C00631 = kegg:C00074 + kegg:C00001,CHB_17835 = CHB_15377 + CHB_18021,2-phospho-D-glycerate(aq) = phosphoenolpyruvate(aq) + H2O(l), ,57WOL/BAL, , ,298.15,7.5,4.29, ,spectrophotometry, ,2.0 = -log[Mg+2] _ mol/L;imidazole=0.05;(Mg)1(SO4)1=0.01 _ MgSO4 (0.01 mol/L) _ ,4.2.1.11, , , , , 
4498,1025.0,2104.0,phosphopyruvate hydratase,kegg:C00631 = kegg:C00074 + kegg:C00001,CHB_17835 = CHB_15377 + CHB_18021,2-phospho-D-glycerate(aq) = phosphoenolpyruvate(aq) + H2O(l), ,57WOL/BAL, , ,298.15,5.92,2.12, ,spectrophotometry, ,mol/L;imidazole=0.05;(Mn)1(SO4)1=0.002 _ MnSO4 (0.002 mol/L) _ ,4.2.1.11, , , , , 
4499,966.0,2105.0,phosphopyruvate hydratase,kegg:C00631 = kegg:C00074 + kegg:C00001,CHB_17835 = CHB_15377 + CHB_18021,2-phospho-D-glycerate(aq) = phosphoenolpyruvate(aq) + H2O(l), ,57WOL/BAL, , ,298.15,6.23,3.32, ,spectrophotometry, ,"2.1 = -log[Mg+2] _ mol/L;imidazole=0.05;(K)1(Cl)1=0.4;(Mg)1(SO4)1=0.008 _ KCl (0.4 mol/L), MgSO4 (0.008 mol/L) _ ",4.2.1.11, , , , , 
4500,967.0,2106.0,phosphopyruvate hydratase,kegg:C00631 = kegg:C00074 + kegg:C00001,CHB_17835 = CHB_15377 + CHB_18021,2-phospho-D-glycerate(aq) = phosphoenolpyruvate(aq) + H2O(l), ,57WOL/BAL, , ,298.15,6.23,3.32, ,spectrophotometry, ,"2.1 = -log[Mg+2] _ mol/L;imidazole=0.05;(K)1(Cl)1=0.4;(Mg)1(SO4)1=0.008 _ KCl (0.4 mol/L), MgSO4 (0.008 mol/L) _ ",4.2.1.11, , , , , 
4501,969.0,2107.0,phosphopyruvate hydratase,kegg:C00631 = kegg:C00074 + kegg:C00001,CHB_17835 = CHB_15377 + CHB_18021,2-phospho-D-glycerate(aq) = phosphoenolpyruvate(aq) + H2O(l), ,57WOL/BAL, , ,298.15,6.55,3.61, ,spectrophotometry, ,"2.1 = -log[Mg+2] _ mol/L;imidazole=0.05;(K)1(Cl)1=0.4;(Mg)1(SO4)1=0.008 _ KCl (0.4 mol/L), MgSO4 (0.008 mol/L) _ ",4.2.1.11, , , , , 
4502,982.0,2108.0,phosphopyruvate hydratase,kegg:C00631 = kegg:C00074 + kegg:C00001,CHB_17835 = CHB_15377 + CHB_18021,2-phospho-D-glycerate(aq) = phosphoenolpyruvate(aq) + H2O(l), ,57WOL/BAL, , ,298.15,7.0,4.43, ,spectrophotometry, ,"2.1 = -log[Mg+2] _ mol/L;imidazole=0.05;(K)1(Cl)1=0.4;(Mg)1(SO4)1=0.008 _ KCl (0.4 mol/L), MgSO4 (0.008 mol/L) _ ",4.2.1.11, , , , , 
4503,988.0,2109.0,phosphopyruvate hydratase,kegg:C00631 = kegg:C00074 + kegg:C00001,CHB_17835 = CHB_15377 + CHB_18021,2-phospho-D-glycerate(aq) = phosphoenolpyruvate(aq) + H2O(l), ,57WOL/BAL, , ,298.15,7.38,4.7, ,spectrophotometry, ,"2.1 = -log[Mg+2] _ mol/L;imidazole=0.05;(K)1(Cl)1=0.4;(Mg)1(SO4)1=0.008 _ KCl (0.4 mol/L), MgSO4 (0.008 mol/L) _ ",4.2.1.11, , , , , 
4504,1003.0,2110.0,phosphopyruvate hydratase,kegg:C00631 = kegg:C00074 + kegg:C00001,CHB_17835 = CHB_15377 + CHB_18021,2-phospho-D-glycerate(aq) = phosphoenolpyruvate(aq) + H2O(l), ,57WOL/BAL, , ,298.15,7.88,5.25, ,spectrophotometry, ,"2.1 = -log[Mg+2] _ mol/L;imidazole=0.05;(K)1(Cl)1=0.4;(Mg)1(SO4)1=0.008 _ KCl (0.4 mol/L), MgSO4 (0.008 mol/L) _ ",4.2.1.11, , , , , 
4505,992.0,2111.0,phosphopyruvate hydratase,kegg:C00631 = kegg:C00074 + kegg:C00001,CHB_17835 = CHB_15377 + CHB_18021,2-phospho-D-glycerate(aq) = phosphoenolpyruvate(aq) + H2O(l), ,57WOL/BAL, , ,298.15,7.16,4.8, ,spectrophotometry, ,"2.1 = -log[Mg+2] _ mol/L;imidazole=0.05;(K)1(Cl)1=0.4;(Mg)1(SO4)1=0.008 _ KCl (0.4 mol/L), MgSO4 (0.008 mol/L) _ ",4.2.1.11, , , , , 
4506,1004.0,2112.0,phosphopyruvate hydratase,kegg:C00631 = kegg:C00074 + kegg:C00001,CHB_17835 = CHB_15377 + CHB_18021,2-phospho-D-glycerate(aq) = phosphoenolpyruvate(aq) + H2O(l), ,57WOL/BAL, , ,298.15,8.25,5.25, ,spectrophotometry, ,"2.1 = -log[Mg+2] _ mol/L;imidazole=0.05;(K)1(Cl)1=0.4;(Mg)1(SO4)1=0.008 _ KCl (0.4 mol/L), MgSO4 (0.008 mol/L) _ ",4.2.1.11, , , , , 
4507,953.0,2113.0,phosphopyruvate hydratase,kegg:C00631 = kegg:C00074 + kegg:C00001,CHB_17835 = CHB_15377 + CHB_18021,2-phospho-D-glycerate(aq) = phosphoenolpyruvate(aq) + H2O(l), ,57WOL/BAL, , ,307.5,7.5,5.28, ,spectrophotometry, ,"2.1 = -log[Mg+2] _ mol/L;imidazole=0.05;(K)1(Cl)1=0.4;(Mg)1(SO4)1=0.008 _ KCl (0.4 mol/L), MgSO4 (0.008 mol/L) _ ",4.2.1.11, , , , , 
4508,998.0,2114.0,phosphopyruvate hydratase,kegg:C00631 = kegg:C00074 + kegg:C00001,CHB_17835 = CHB_15377 + CHB_18021,2-phospho-D-glycerate(aq) = phosphoenolpyruvate(aq) + H2O(l), ,57WOL/BAL, , ,298.15,8.25,5.05, ,spectrophotometry, ,"2.1 = -log[Mg+2] _ mol/L;imidazole=0.05;(K)1(Cl)1=0.4;(Mg)1(SO4)1=0.008 _ KCl (0.4 mol/L), MgSO4 (0.008 mol/L) _ ",4.2.1.11, , , , , 
4509,972.0,2115.0,phosphopyruvate hydratase,kegg:C00631 = kegg:C00074 + kegg:C00001,CHB_17835 = CHB_15377 + CHB_18021,2-phospho-D-glycerate(aq) = phosphoenolpyruvate(aq) + H2O(l), ,57WOL/BAL, , ,298.15,6.43,3.78, ,spectrophotometry, ,"2.1 = -log[Mg+2] _ mol/L;imidazole=0.05;(K)1(Cl)1=0.4;(Mg)1(SO4)1=0.008 _ KCl (0.4 mol/L), MgSO4 (0.008 mol/L) _ ",4.2.1.11, , , , , 
4510,976.0,2116.0,phosphopyruvate hydratase,kegg:C00631 = kegg:C00074 + kegg:C00001,CHB_17835 = CHB_15377 + CHB_18021,2-phospho-D-glycerate(aq) = phosphoenolpyruvate(aq) + H2O(l), ,57WOL/BAL, , ,298.15,6.84,4.24, ,spectrophotometry, ,"2.1 = -log[Mg+2] _ mol/L;imidazole=0.05;(K)1(Cl)1=0.4;(Mg)1(SO4)1=0.008 _ KCl (0.4 mol/L), MgSO4 (0.008 mol/L) _ ",4.2.1.11, , , , , 
4511,996.0,2117.0,phosphopyruvate hydratase,kegg:C00631 = kegg:C00074 + kegg:C00001,CHB_17835 = CHB_15377 + CHB_18021,2-phospho-D-glycerate(aq) = phosphoenolpyruvate(aq) + H2O(l), ,57WOL/BAL, , ,298.15,7.16,4.97, ,spectrophotometry, ,"2.1 = -log[Mg+2] _ mol/L;imidazole=0.05;(K)1(Cl)1=0.4;(Mg)1(SO4)1=0.008 _ KCl (0.4 mol/L), MgSO4 (0.008 mol/L) _ ",4.2.1.11, , , , , 
4512,1005.0,2118.0,phosphopyruvate hydratase,kegg:C00631 = kegg:C00074 + kegg:C00001,CHB_17835 = CHB_15377 + CHB_18021,2-phospho-D-glycerate(aq) = phosphoenolpyruvate(aq) + H2O(l), ,57WOL/BAL, , ,298.15,7.85,5.25, ,spectrophotometry, ,"2.1 = -log[Mg+2] _ mol/L;imidazole=0.05;(K)1(Cl)1=0.4;(Mg)1(SO4)1=0.008 _ KCl (0.4 mol/L), MgSO4 (0.008 mol/L) _ ",4.2.1.11, , , , , 
4513,958.0,2119.0,phosphopyruvate hydratase,kegg:C00631 = kegg:C00074 + kegg:C00001,CHB_17835 = CHB_15377 + CHB_18021,2-phospho-D-glycerate(aq) = phosphoenolpyruvate(aq) + H2O(l), ,57WOL/BAL, , ,298.15,6.13,2.76, ,spectrophotometry, ,"2.1 = -log[Mg+2] _ mol/L;imidazole=0.05;(K)1(Cl)1=0.4;(Mg)1(SO4)1=0.008 _ KCl (0.4 mol/L), MgSO4 (0.008 mol/L) _ ",4.2.1.11, , , , , 
4514,1034.0,2120.0,phosphopyruvate hydratase,kegg:C00631 = kegg:C00074 + kegg:C00001,CHB_17835 = CHB_15377 + CHB_18021,2-phospho-D-glycerate(aq) = phosphoenolpyruvate(aq) + H2O(l), ,57WOL/BAL, , ,298.15,8.08,3.27, ,spectrophotometry, ,mol/L;imidazole=0.05;(Mn)1(SO4)1=0.005 _ MnSO4 (0.005 mol/L) _ ,4.2.1.11, , , , , 
4515,1014,2121.0,phosphopyruvate hydratase,kegg:C00631 = kegg:C00074 + kegg:C00001,CHB_17835 = CHB_15377 + CHB_18021,2-phospho-D-glycerate(aq) = phosphoenolpyruvate(aq) + H2O(l), ,57WOL/BAL, , ,298.15,6.0,2.65, ,spectrophotometry, ,2.0 = -log[Mg+2] _ mol/L;imidazole=0.05;(Mg)1(SO4)1=0.01 _ MgSO4 (0.01 mol/L) _ ,4.2.1.11, , ,, , 
4516,1023.0,2122.0,phosphopyruvate hydratase,kegg:C00631 = kegg:C00074 + kegg:C00001,CHB_17835 = CHB_15377 + CHB_18021,2-phospho-D-glycerate(aq) = phosphoenolpyruvate(aq) + H2O(l), ,57WOL/BAL, , ,298.15,7.28,3.89, ,spectrophotometry, ,mol/L;imidazole=0.05;(Mn)1(SO4)1=0.001 _ MnSO4 (0.001 mol/L) _ ,4.2.1.11, , , , , 
4517,1032.0,2123.0,phosphopyruvate hydratase,kegg:C00631 = kegg:C00074 + kegg:C00001,CHB_17835 = CHB_15377 + CHB_18021,2-phospho-D-glycerate(aq) = phosphoenolpyruvate(aq) + H2O(l), ,57WOL/BAL, , ,298.15,6.9,3.16, ,spectrophotometry, ,mol/L;imidazole=0.05;(Mn)1(SO4)1=0.005 _ MnSO4 (0.005 mol/L) _ ,4.2.1.11, , , , , 
4518,955.0,2124.0,phosphopyruvate hydratase,kegg:C00631 = kegg:C00074 + kegg:C00001,CHB_17835 = CHB_15377 + CHB_18021,2-phospho-D-glycerate(aq) = phosphoenolpyruvate(aq) + H2O(l), ,57WOL/BAL, , ,298.15,6.13,2.55, ,spectrophotometry, ,"2.1 = -log[Mg+2] _ mol/L;imidazole=0.05;(K)1(Cl)1=0.4;(Mg)1(SO4)1=0.008 _ KCl (0.4 mol/L), MgSO4 (0.008 mol/L) _ ",4.2.1.11, , , , , 
4519,1030.0,2125.0,phosphopyruvate hydratase,kegg:C00631 = kegg:C00074 + kegg:C00001,CHB_17835 = CHB_15377 + CHB_18021,2-phospho-D-glycerate(aq) = phosphoenolpyruvate(aq) + H2O(l), ,57WOL/BAL, , ,298.15,5.92,2.32, ,spectrophotometry, ,mol/L;imidazole=0.05;(Mn)1(SO4)1=0.005 _ MnSO4 (0.005 mol/L) _ ,4.2.1.11, , , , , 
4520,1008.0,2126.0,phosphopyruvate hydratase,kegg:C00631 = kegg:C00074 + kegg:C00001,CHB_17835 = CHB_15377 + CHB_18021,2-phospho-D-glycerate(aq) = phosphoenolpyruvate(aq) + H2O(l), ,57WOL/BAL, , ,298.15,6.0,2.5, ,spectrophotometry, ,3.0 = -log[Mg+2] _ mol/L;imidazole=0.05;(Mg)1(SO4)1=0.001 _ MgSO4 (0.001 mol/L) _ ,4.2.1.11, , , , , 
4521,,2127.0,phosphopyruvate hydratase,kegg:C00631 = kegg:C00074 + kegg:C00001, ,2-phospho-D-glycerate(aq) = phosphoenolpyruvate(aq) + H2O(l), ,57WOL/BAL, , ,298.15,6.0,2.5, ,spectrophotometry, ,3.0 = -log[Mg+2],4.2.1.11, , , , , 
4522,1006.0,2128.0,phosphopyruvate hydratase,kegg:C00631 = kegg:C00074 + kegg:C00001,CHB_17835 = CHB_15377 + CHB_18021,2-phospho-D-glycerate(aq) = phosphoenolpyruvate(aq) + H2O(l), ,57WOL/BAL, , ,298.15,7.94,5.25, ,spectrophotometry, ,"2.1 = -log[Mg+2] _ mol/L;imidazole=0.05;(K)1(Cl)1=0.4;(Mg)1(SO4)1=0.008 _ KCl (0.4 mol/L), MgSO4 (0.008 mol/L) _ ",4.2.1.11, , , , , 
4523,,2137.0,#NAME,kegg:C00089 + kegg:C00001 = kegg:C00031 + kegg:C00095, ,sucrose(aq) + H2O(l) = D-glucose(aq) + D-fructose(aq), ,94REK/SCH, , ,298.15,4.94, , ,calorimetry, , ,3.2.1.26, , , , , 
4524,,2159.0,"glucan 1,4--glucosidase",kegg:C00252 + kegg:C00001 = 2 kegg:C00031, ,isomaltose(aq) + H2O(l) = 2 D-glucose(aq), ,65TAK/YOS, , ,298.15,4.5, , ,calorimetry, , ,3.2.1.3, , , , , 
4525,121.0,2161.0,alanine racemase,kegg:C00041 = kegg:C00133,CHB_16977 = CHB_15570,L-alanine(aq) = D-alanine(aq), ,03WAT/YAM, , ,310.15,9.0,1.1, ,chromatography, ,mol/L;bis-tris propane=0.1;L-alanine=0.1;NAD=0.0025;D-alanine=0  ,5.1.1.1, , , , , 
4526,2925.0,2195.0,"glucan 1,4--glucosidase",kegg:C00208 + kegg:C00001 = 2 kegg:C00031,CHB_15377 + CHB_17306 = 2 CHB_4167,maltose(aq) + H2O(l) = 2 D-glucose(aq), ,80BEY/ROE, , ,328.0, ,197.0, ,HPLC, ,   ,3.2.1.3, , , , , 
4527,3239.0,2234.0,UDPglucose 4-epimerase,kegg:C00029 = kegg:C00052,CHB_18066 = CHB_18307,UDPglucose(aq) = UDPgalactose(aq), ,83PIL/HAN, , ,310.15, ,0.38, ,radioactivity, ,mol/L;Tris-HCl=0.1  ,5.1.3.2, , , , , 
4528,2092.0,2261.0,",-trehalose phosphorylase",kegg:C01083 + kegg:C00009 = kegg:C00031 + kegg:C00103,CHB_16551 + CHB_26078 = CHB_16077 + CHB_4167,",-trehalose(aq) + orthophosphate(aq) = D-glucose(aq) + D-glucose 1-phosphate(aq)", ,72MAR/BEL, , ,310.15,6.3,0.059, ,enzymatic assay and spectrophotometry, ,mol/L;imidazole-HCl=0.04;D-glucose 1-phosphate=0.00679947;orthophosphate=0.0182005  ,2.4.1.64, , , , , 
4529,2093.0,2262.0,",-trehalose phosphorylase",kegg:C01083 + kegg:C00009 = kegg:C00031 + kegg:C00103,CHB_16551 + CHB_26078 = CHB_16077 + CHB_4167,",-trehalose(aq) + orthophosphate(aq) = D-glucose(aq) + D-glucose 1-phosphate(aq)", ,72MAR/BEL, , ,310.15,7.0,0.24, ,enzymatic assay and spectrophotometry, ,mol/L;imidazole-HCl=0.04;D-glucose 1-phosphate=0.0252;orthophosphate=0.025  ,2.4.1.64, , , , , 
4530,,2264.0,GTP cyclohydrolase I,kegg:C00044 + kegg:C00001 = kegg:C05922, ,"GTP(aq) + H2O(l) = ((2R,3S,4R,5R)-5-(2-amino-5-formamido-6-oxo-3,6-dihydropyrimidin-4-ylamino)-3,4-dihydroxytetrahydrofuran-2-yl)methyl tetrahydrogen triphosphate(aq)", ,99BRA/FIS, , ,303.15,7.0,0.1, ,spectrophotometry and NMR, , ,3.5.4.16, , , , , 
4531,,2274.0,alkaline phosphatase,kegg:C00074 + kegg:C00001 = kegg:C00022 + kegg:C00009, ,phosphoenolpyruvate(aq) + H2O(l) = pyruvate(aq) + orthophosphate(aq), ,03GOL/TEW, , ,298.15,7.62, , ,calorimetry, , ,3.1.3.1, , ,0.33,0.33, 
4532,4223,2298.0,malate dehydrogenase,kegg:C00149 + kegg:C00003 = kegg:C00036 + kegg:C00004,CHB_15589 + CHB_15846 = CHB_16452 + CHB_16908,(S)-malate(aq) + NAD(ox)(aq) = oxaloacetate(aq) + NAD(red)(aq), ,98URB/BRA, , ,298.15,8.0,6.65e-05, ,spectrophotometry and electrochemistry and spectrophotometry, ,mol/L;HEPES=0.2   _ mol/L;HEPES=0.2 _ nan _ ,1.1.1.37, , ,, , 
4533,125.0,2308.0,ADP-glucose phosphorylase,kegg:C00008 + kegg:C00103 = kegg:C00498 + kegg:C00009,CHB_16077 + CHB_16761 = CHB_15751 + CHB_26078,ADP(aq) + D-glucose 1-phosphate(aq) = ADPglucose(aq) + orthophosphate(aq), ,06MCC/ARA, , ,298.15,7.0,0.2, ,spectrophotometry and enzymatic assay, ,mol/L;HEPES=0.1;orthophosphate=0.0001;ADPglucose=0.00005;ADP=0;D-glucose 1-phosphate=0  ,2.7.7, , , , , 
4534,124.0,2309.0,ADP-glucose phosphorylase,kegg:C00008 + kegg:C00103 = kegg:C00498 + kegg:C00009,CHB_16077 + CHB_16761 = CHB_15751 + CHB_26078,ADP(aq) + D-glucose 1-phosphate(aq) = ADPglucose(aq) + orthophosphate(aq), ,06MCC/ARA, , ,298.15,7.0,0.025, ,spectrophotometry and enzymatic assay, ,4.0 = -log[Mg+2] _ mol/L;HEPES=0.1;orthophosphate=0.0001;ADPglucose=0.00005;(Mg)1(Cl)2=0.001;ADP=0;D-glucose 1-phosphate=0 _ MgCl2 (0.0001 mol/L) _ ,2.7.7, , , , , 
4535,2973.0,2344.0,mannitol-1-phosphate 5-dehydrogenase,kegg:C00644 + kegg:C00003 = kegg:C00085 + kegg:C00004,CHB_15846 + CHB_16298 = CHB_16908 + CHB_61553,D-mannitol-1-phosphate(aq) + NAD(ox)(aq) = D-fructose 6-phosphate(aq) + NAD(red)(aq), ,81KIS/NIE, , ,298.15,9.0,0.79, ,spectrophotometry, ,mol/L;HEPES=0.01;(K)1(Cl)1=0.03  ,1.1.1.17, , , , , 
4536,3612.0,2347.0,"2,5-diketo-D-gluconate reductase",kegg:C15673 + kegg:C00006 = kegg:C02780 + kegg:C00005,CHB_18009 + CHB_36602 = CHB_11449 + CHB_16474,"2-keto-L-gulonate(aq) + NADP(ox)(aq) = 2,5-diketo-D-gluconate(aq) + NADP(red)(aq)", ,87MIL/EST, , ,298.15,9.2,0.00089, ,spectrophotometry, ,mol/L;glycine-NaOH=0.1  ,1.1.1.274, , , , , 
4537,3613.0,2348.0,"2,5-diketo-D-gluconate reductase",kegg:C15673 + kegg:C00006 = kegg:C02780 + kegg:C00005,CHB_18009 + CHB_36602 = CHB_11449 + CHB_16474,"2-keto-L-gulonate(aq) + NADP(ox)(aq) = 2,5-diketo-D-gluconate(aq) + NADP(red)(aq)", ,87MIL/EST, , ,298.15,9.6,0.0022, ,spectrophotometry, ,   ,1.1.1.274, , , , , 
4538,,2369.0,"glucan 1,4--glucosidase",kegg:C00208 + kegg:C00001 = 2 kegg:C00031, ,maltose(aq) + H2O(l) = 2 D-glucose(aq), ,65ONO/HIR, , ,298.15,4.5, , ,calorimetry, , ,3.2.1.3, , , , , 
4539,,2370.0,"glucan 1,4--glucosidase",kegg:C00208 + kegg:C00001 = 2 kegg:C00031, ,maltose(aq) + H2O(l) = 2 D-glucose(aq), ,65ONO/HIR, , ,308.15,4.5, , ,calorimetry, , ,3.2.1.3, , , , , 
4540,,2384.0,carnitine dehydratase,kegg:C00318 = kegg:C04114 + kegg:C00001, ,L-carnitine(aq) = 4-(trimethylammonio)but-2-enoate(aq) + H2O(l), ,89JUN/JUN, , ,310.15,7.8,1.5, ,radioactivity, , ,4.2.1.89, , , , , 
4541,5.0,2415.0,ADPglucose phosphodiesterase,kegg:C00498 + kegg:C00001 = kegg:C00103 + kegg:C00020,CHB_15377 + CHB_15751 = CHB_16027 + CHB_16077,ADPglucose(aq) + H2O(l) =-D-glucose 1-phosphate(aq) + AMP(aq), ,00ROD/BAR, , ,298.15,7.0,110.0, ,spectophotometry and chromatography, ,mol/L;ADPglucose=0.00009;HEPES=0.05;D-glucose 1-phosphate=0.0999;AMP=0.0991  ,3.1.4, , , , , 
4542,2926.0,2430.0,"glucan 1,4--glucosidase",kegg:C00252 + kegg:C00001 = 2 kegg:C00031,CHB_15377 + CHB_28189 = 2 CHB_4167,isomaltose(aq) + H2O(l) = 2 D-glucose(aq), ,80BEY/ROE, , ,328.0, ,34.0, ,HPLC, ,   ,3.2.1.3, , , , , 
4543,18.0,2604.0,deoxyribose-phosphate aldolase,kegg:C00673 = kegg:C00118 + kegg:C00084,MAN_10201 = CHB_15343 + CHB_29052,2-deoxy-D-ribose 5-phosphate(aq) = D-glyceraldehyde 3-phosphate(aq) + acetaldehyde(aq), ,01TIS/IHL, , ,298.15,7.0,0.00024, , , ,   ,4.1.2.4, , , , , 
4544,19.0,2605.0,fructose-bisphosphate aldolase,kegg:C00354 = kegg:C00111 + kegg:C00118,CHB_40595 = CHB_16108 + CHB_29052,"D-fructose 1,6-bisphosphate(aq) = glycerone phosphate(aq) + D-glyceraldehyde 3-phosphate(aq)", ,01TIS/IHL, , ,298.15, , , , , ,   ,4.1.2.13, , , , , 
4545,6,2641.0,isochorismate synthase,kegg:C00251 = kegg:C00885,CHB_29748 = CHB_29780,chorismate(aq) = isochorismate(aq), ,00TEW/DAV, , ,298.15,7.34,0.84, ,chromatography, ,mol/kg;IS=0.31;(K)2(HPO4)1=0.098;(H)3(PO4)1=0.0157;(Mg)1(Cl)2=0.00175;chorismate=0.0003448;isochorismate=0.0002914;(K)1(H2PO4)1=0.003;EDTA=0.00011;DTT=0.00011;(Na)1(Cl)1=0.012 _ nan _ ,5.4.99.6, , ,0.31,0.31, 
4546,,2642.0,isochorismate synthase,kegg:C00251 = kegg:C00885, ,chorismate(aq) = isochorismate(aq), ,00TEW/DAV, , ,298.15,6.93, , ,calorimetry and chromatography, , ,5.4.99.6, , ,0.23,0.23, 
4547,4245.0,2662.0,"pyruvate, water dikinase",kegg:C00002 + kegg:C00022 + kegg:C00001 = kegg:C00020 + kegg:C00074 + kegg:C00009,CHB_15361 + CHB_15377 + CHB_15422 = CHB_16027 + CHB_18021 + CHB_26078,ATP(aq) + pyruvate(aq) + H2O(l) = AMP(aq) + phosphoenolpyruvate(aq) + orthophosphate(aq), ,99SAK/UTS, , ,323.15,6.5,52.0, ,enzymatic assay, ,mol/L;ATP=0.000039;pyruvate=0.000039;AMP=0.00496;phosphoenolpyruvate=0.00016;orthophosphate=0.09996;(Mg)1(Cl)2=0.01;(K)1=0.1381  ,2.7.9.2, , , , , 
4548,,2714.0,"glucan 1,4--glucosidase",kegg:C00252 + kegg:C00001 = 2 kegg:C00031, ,-isomaltose(aq) + H2O(l) = 2 D-glucose(aq), ,97PES/PRI, , ,318.15,4.5,65.0, ,GC + MS, , ,3.2.1.3, , , , , 
4549,,2725.0,#NAME,kegg:C19636 + kegg:C00001 = kegg:C00031 + kegg:C00095, ,D-turanose(aq) + H2O(l) = D-glucose(aq) + D-fructose(aq), ,91TEW/GOL, , ,298.15,5.65, , ,calorimetry, , ,3.2.1.20, , , , , 
4550,14.0,2732.0,enoyl-CoA hydratase,kegg:C01144 = kegg:C00877 + kegg:C00001,CHB_15453 = CHB_15377 + CHB_15473,(3S)-hydroxybutanoyl-coenzyme A(aq) = trans-but-2-enoyl-coenzyme A + H2O(l), ,00WU/FEN, , ,298.15,7.4,0.13, ,NMR, ,mol/L;phosphate buffer=0.02  ,4.2.1.17, , , , , 
4551,,2748.0,anandamide amidohydrolase,kegg:C11695 + kegg:C00001 = kegg:C00189 + kegg:C00219, ,anandamide(aq) + H2O(l) = ethanolamine(aq) + arachidonic acid(aq), ,99KAT/UED, , ,310.15,9.0,0.004, ,radioactivity, , ,3.5.1. & 3.5.1.a, , , , , 
4552,,2749.0,anandamide amidohydrolase,kegg:C11695 + kegg:C00001 = kegg:C00189 + kegg:C00219, ,anandamide(aq) + H2O(l) = ethanolamine(aq) + arachidonic acid(aq), ,99KAT/UED, , ,310.15,7.4,0.008, ,radioactivity, , ,3.5.1. & 3.5.1.a, , , , , 
4553,,2750.0,anandamide amidohydrolase,kegg:C11695 + kegg:C00001 = kegg:C00189 + kegg:C00219, ,anandamide(aq) + H2O(l) = ethanolamine(aq) + arachidonic acid(aq), ,99KAT/UED, , ,310.15,6.0,0.03, ,radioactivity, , ,3.5.1. & 3.5.1.a, , , , , 
4554,,2756.0,anandamide amidohydrolase,kegg:C16512 + kegg:C00001 = kegg:C00189 + kegg:C00249, ,palmitoylethanolamide(aq) + H2O(l) = ethanolamine(aq) + palmitic acid(aq), ,99KAT/UED, , ,310.15,9.0,0.0004, ,radioactivity, , ,3.5.1. & 3.5.1.a, , , , , 
4555,119.0,2804.0,arabinose-5-phosphate isomerase,kegg:C01112 = kegg:C00199,CHB_86279 = CHB_17363,D-arabinose 5-phosphate(aq) = D-ribulose 5-phosphate(aq), ,03MER/WOO, , ,310.15,7.5,0.5, ,NMR, ,mol/L;EDTA=0.001;Tris-HCl=0.05;D-arabinose 5-phosphate=0.005;D-ribulose 5-phosphate=0  ,5.3.1.13, , , , , 
4556,3252.0,2846.0,"glucan 1,4--glucosidase",kegg:C00208 + kegg:C00001 = 2 kegg:C00031,CHB_15377 + CHB_17306 = 2 CHB_4167,maltose(aq) + H2O(l) = 2 D-glucose(aq), ,84ADA/UED, , ,313.0,5.0,200.0, ,HPLC and enzymatic assay, ,mol/L;acetate buffer=0.01  ,3.2.1.3, , , , , 
4557,3253.0,2847.0,pyrophosphate-fructose-6-phosphate 1-phosphotransferase,kegg:C00013 + kegg:C00085 = kegg:C00009 + kegg:C00354,CHB_18361 + CHB_61553 = CHB_26078 + CHB_40595,"pyrophosphate(aq) + D-fructose 6-phosphate(aq) = orthophosphate(aq) + D-fructose 1,6-bisphosphate(aq)", ,84BER/COO, , ,298.15,8.0,0.006, ,spectrophotometry and NMR, ,mol/L;Taps=0.1;magnesium pyrophosphate=0.001  ,2.7.1.90, , , , , 
4558,,2850.0,nitrilase,kegg:C16074 + 2 kegg:C00001 = kegg:C07086 + kegg:C00014, ,benzyl cyanide(aq) + 2 H2O(aq) = phenylacetic acid(aq) + ammonia(aq), ,05TEW/GOL, , ,298.15,7.51, , ,calorimetry, , ,3.5.5.1, , ,0.29,0.29, 
4559,,2882.0,creatine kinase,kegg:C00002 + kegg:C00300 = kegg:C00008 + kegg:C02305, ,ATP(aq) + creatine(aq) = ADP(aq) + phosphocreatine(aq), ,00LIA/HUA, , ,298.15,9.0,0.335, ,calorimetry, , ,2.7.3.2, , , , , 
4560,,2902.0,UDP-N-acetylglucosamine acyltransferase,kegg:C04688 + kegg:C00043 = kegg:C03688 + kegg:C04738, ,(R)-3-hydroxytetradecanoyl-[acyl-carrier-protein](aq) + UDP-N-acetyl-D-glucosamine(aq) = acyl-carrier-protein(aq) + UDP-3-O-(3-hydroxytetradecanoyl)-N-acetyl-D-glucosamine(aq), ,93AND/BUL, , ,296.15,7.4,0.007, ,radioactivity, , ,2.3.1.129, , , , , 
4561,,2903.0,UDP-N-acetylglucosamine acyltransferase,kegg:C04688 + kegg:C00043 = kegg:C03688 + kegg:C04738, ,(R)-3-hydroxytetradecanoyl-[acyl-carrier-protein](aq) + UDP-N-acetyl-D-glucosamine(aq) = acyl-carrier-protein(aq) + UDP-3-O-(3-hydroxytetradecanoyl)-N-acetyl-D-glucosamine(aq), ,93AND/BUL, , ,296.15,8.5,0.004, ,radioactivity, , ,2.3.1.129, , , , , 
4562,,2904.0,UDP-N-acetylglucosamine acyltransferase,kegg:C04688 + kegg:C00043 = kegg:C03688 + kegg:C04738, ,(R)-3-hydroxytetradecanoyl-[acyl-carrier-protein](aq) + UDP-N-acetyl-D-glucosamine(aq) = acyl-carrier-protein(aq) + UDP-3-O-(3-hydroxytetradecanoyl)-N-acetyl-D-glucosamine(aq), ,93AND/BUL, , ,296.15,9.0,0.002, ,radioactivity, , ,2.3.1.129, , , , , 
4563,,2905.0,UDP-N-acetylglucosamine acyltransferase,kegg:C04688 + kegg:C00043 = kegg:C03688 + kegg:C04738, ,(R)-3-hydroxytetradecanoyl-[acyl-carrier-protein](aq) + UDP-N-acetyl-D-glucosamine(aq) = acyl-carrier-protein(aq) + UDP-3-O-(3-hydroxytetradecanoyl)-N-acetyl-D-glucosamine(aq), ,93AND/BUL, , ,296.15,8.0,0.0095, ,radioactivity, , ,2.3.1.129, , , , , 
4564,2325.0,3077.0,inorganic pyrophosphatase,kegg:C00013 + kegg:C00001 = 2 kegg:C00009,CHB_15377 + CHB_18361 = 2 CHB_26078,pyrophosphate(aq) + H2O(l) = 2 orthophosphate(aq), ,74FLO/FLE, , ,298.15,7.4,15700.0, ,radioactivity, ,"mol/L;(K)1(Cl)1=0.09;phosphate buffer=0.05 _ KCl (0.09 mol/L), orthophosphate (0.05 mol/L) _ ",3.6.1.1, , , , , 
4565,2304.0,3078.0,inorganic pyrophosphatase,kegg:C00013 + kegg:C00001 = 2 kegg:C00009,CHB_15377 + CHB_18361 = 2 CHB_26078,pyrophosphate(aq) + H2O(l) = 2 orthophosphate(aq), ,74FLO/FLE, , ,298.15,7.4,2500.0, ,radioactivity, ,"4.0 = -log[Mg+2] _ mol/L;(K)1(Cl)1=0.0045;(Mg)1(Cl)2=0.0001;phosphate buffer=0.0025 _ KCl (0.0045 mol/L), MgCl2 (0.0001 mol/L), orthophosphate (0.0025 mol/L) _ ",3.6.1.1, , , , , 
4566,2305.0,3079.0,inorganic pyrophosphatase,kegg:C00013 + kegg:C00001 = 2 kegg:C00009,CHB_15377 + CHB_18361 = 2 CHB_26078,pyrophosphate(aq) + H2O(l) = 2 orthophosphate(aq), ,74FLO/FLE, , ,298.15,7.4,2630.0, ,radioactivity, ,"4.0 = -log[Mg+2] _ mol/L;(K)1(Cl)1=0.009;(Mg)1(Cl)2=0.0001;phosphate buffer=0.005 _ KCl (0.009 mol/L), MgCl2 (0.0001 mol/L), orthophosphate (0.005 mol/L) _ ",3.6.1.1, , , , , 
4567,2311.0,3080.0,inorganic pyrophosphatase,kegg:C00013 + kegg:C00001 = 2 kegg:C00009,CHB_15377 + CHB_18361 = 2 CHB_26078,pyrophosphate(aq) + H2O(l) = 2 orthophosphate(aq), ,74FLO/FLE, , ,298.15,7.4,1180.0, ,radioactivity, ,"2.3 = -log[Mg+2] _ mol/L;(K)1(Cl)1=0.036;(Mg)1(Cl)2=0.005;phosphate buffer=0.02 _ KCl (0.036 mol/L), MgCl2 (0.005 mol/L), orthophosphate (0.02 mol/L) _ ",3.6.1.1, , , , , 
4568,2309.0,3081.0,inorganic pyrophosphatase,kegg:C00013 + kegg:C00001 = 2 kegg:C00009,CHB_15377 + CHB_18361 = 2 CHB_26078,pyrophosphate(aq) + H2O(l) = 2 orthophosphate(aq), ,74FLO/FLE, , ,298.15,7.4,493.0, ,radioactivity, ,"2.3 = -log[Mg+2] _ mol/L;(K)1(Cl)1=0.0018;(Mg)1(Cl)2=0.005;phosphate buffer=0.01 _ KCl (0.018 mol/L), MgCl2 (0.005 mol/L), orthophosphate (0.01 mol/L) _ ",3.6.1.1, , , , , 
4569,2307.0,3082.0,inorganic pyrophosphatase,kegg:C00013 + kegg:C00001 = 2 kegg:C00009,CHB_15377 + CHB_18361 = 2 CHB_26078,pyrophosphate(aq) + H2O(l) = 2 orthophosphate(aq), ,74FLO/FLE, , ,298.15,7.4,115.0, ,radioactivity, ,"1.7 = -log[Mg+2] _ mol/L;(K)1(Cl)1=0.018;(Mg)1(Cl)2=0.02;phosphate buffer=0.01 _ KCl (0.018 mol/L), MgCl2 (0.02 mol/L), orthophosphate (0.01 mol/L) _ ",3.6.1.1, , , , , 
4570,2306.0,3083.0,inorganic pyrophosphatase,kegg:C00013 + kegg:C00001 = 2 kegg:C00009,CHB_15377 + CHB_18361 = 2 CHB_26078,pyrophosphate(aq) + H2O(l) = 2 orthophosphate(aq), ,74FLO/FLE, , ,298.15,7.4,101.0, ,radioactivity, ,"1.4 = -log[Mg+2] _ mol/L;(K)1(Cl)1=0.018;(Mg)1(Cl)2=0.04;phosphate buffer=0.01 _ KCl (0.018 mol/L), MgCl2 (0.04 mol/L), orthophosphate (0.01 mol/L) _ ",3.6.1.1, , , , , 
4571,2324.0,3084.0,inorganic pyrophosphatase,kegg:C00013 + kegg:C00001 = 2 kegg:C00009,CHB_15377 + CHB_18361 = 2 CHB_26078,pyrophosphate(aq) + H2O(l) = 2 orthophosphate(aq), ,74FLO/FLE, , ,298.15,7.4,7000.0, ,radioactivity, ,"3.0 = -log[Mg+2] _ mol/L;(K)1(Cl)1=0.207;(Mg)1(Cl)2=0.001;phosphate buffer=0.05 _ KCl (0.207 mol/L), MgCl2 (0.001 mol/L), orthophosphate (0.05 mol/L) _ ",3.6.1.1, , , , , 
4572,2310.0,3085.0,inorganic pyrophosphatase,kegg:C00013 + kegg:C00001 = 2 kegg:C00009,CHB_15377 + CHB_18361 = 2 CHB_26078,pyrophosphate(aq) + H2O(l) = 2 orthophosphate(aq), ,74FLO/FLE, , ,298.15,7.4,556.0, ,radioactivity, ,"2.3 = -log[Mg+2] _ mol/L;(K)1(Cl)1=0.044;(Mg)1(Cl)2=0.005;phosphate buffer=0.01 _ KCl (0.044 mol/L), MgCl2 (0.005 mol/L), orthophosphate (0.01 mol/L) _ ",3.6.1.1, , , , , 
4573,2314.0,3086.0,inorganic pyrophosphatase,kegg:C00013 + kegg:C00001 = 2 kegg:C00009,CHB_15377 + CHB_18361 = 2 CHB_26078,pyrophosphate(aq) + H2O(l) = 2 orthophosphate(aq), ,74FLO/FLE, , ,298.15,7.4,862.0, ,radioactivity, ,"2.3 = -log[Mg+2] _ mol/L;(K)1(Cl)1=0.215;(Mg)1(Cl)2=0.005;phosphate buffer=0.025 _ KCl (0.215 mol/L), MgCl2 (0.005 mol/L), orthophosphate (0.025 mol/L) _ ",3.6.1.1, , , , , 
4574,2322.0,3087.0,inorganic pyrophosphatase,kegg:C00013 + kegg:C00001 = 2 kegg:C00009,CHB_15377 + CHB_18361 = 2 CHB_26078,pyrophosphate(aq) + H2O(l) = 2 orthophosphate(aq), ,74FLO/FLE, , ,298.15,7.4,1350.0, ,radioactivity, ,"2.3 = -log[Mg+2] _ mol/L;(K)1(Cl)1=0.18;(Mg)1(Cl)2=0.01;phosphate buffer=0.05 _ KCl (0.18 mol/L), MgCl2 (0.01 mol/L), orthophosphate (0.05 mol/L) _ ",3.6.1.1, , , , , 
4575,2323.0,3088.0,inorganic pyrophosphatase,kegg:C00013 + kegg:C00001 = 2 kegg:C00009,CHB_15377 + CHB_18361 = 2 CHB_26078,pyrophosphate(aq) + H2O(l) = 2 orthophosphate(aq), ,74FLO/FLE, , ,298.15,7.4,1350.0, ,radioactivity, ,"2.0 = -log[Mg+2] _ mol/L;(K)1(Cl)1=0.195;(Mg)1(Cl)2=0.005;phosphate buffer=0.05 _ KCl (0.195 mol/L), MgCl2 (0.005 mol/L), orthophosphate (0.05 mol/L) _ ",3.6.1.1, , , , , 
4576,2328.0,3089.0,inorganic pyrophosphatase,kegg:C00013 + kegg:C00001 = 2 kegg:C00009,CHB_15377 + CHB_18361 = 2 CHB_26078,pyrophosphate(aq) + H2O(l) = 2 orthophosphate(aq), ,74FLO/FLE, , ,298.15,7.4,387.0, ,radioactivity, ,"2.3 = -log[Mg+2] _ mol/L;(Mg)1(Cl)2=0.005;phosphate buffer=0.01;(tetra-n-propylammonium)1=0.018 _ MgCl2 (0.005 mol/L), orthophosphate (0.01 mol/L), tetra-n-propylammonium+ (0.018 mol/L) _ ",3.6.1.1, , , , , 
4577,2330.0,3090.0,inorganic pyrophosphatase,kegg:C00013 + kegg:C00001 = 2 kegg:C00009,CHB_15377 + CHB_18361 = 2 CHB_26078,pyrophosphate(aq) + H2O(l) = 2 orthophosphate(aq), ,74FLO/FLE, , ,298.15,7.4,136.0, ,radioactivity, ,"1.7 = -log[Mg+2] _ mol/L;(Mg)1(Cl)2=0.02;phosphate buffer=0.01;(tetra-n-propylammonium)1=0.22 _ MgCl2 (0.02 mol/L), orthophosphate (0.01 mol/L), tetra-n-propylammonium+ (0.22 mol/L) _ ",3.6.1.1, , , , , 
4578,2320.0,3091.0,inorganic pyrophosphatase,kegg:C00013 + kegg:C00001 = 2 kegg:C00009,CHB_15377 + CHB_18361 = 2 CHB_26078,pyrophosphate(aq) + H2O(l) = 2 orthophosphate(aq), ,74FLO/FLE, , ,277.9,7.4,6310.0, ,radioactivity, ,"3.0 = -log[Mg+2] _ mol/L;(K)1(Cl)1=0.045;(Mg)1(Cl)2=0.001;phosphate buffer=0.025 _ KCl (0.045 mol/L), MgCl2 (0.001 mol/L), orthophosphate (0.025 mol/L) _ ",3.6.1.1, , , , , 
4579,2319.0,3092.0,inorganic pyrophosphatase,kegg:C00013 + kegg:C00001 = 2 kegg:C00009,CHB_15377 + CHB_18361 = 2 CHB_26078,pyrophosphate(aq) + H2O(l) = 2 orthophosphate(aq), ,74FLO/FLE, , ,283.1,7.4,5830.0, ,radioactivity, ,"3.0 = -log[Mg+2] _ mol/L;(K)1(Cl)1=0.045;(Mg)1(Cl)2=0.001;phosphate buffer=0.025 _ KCl (0.045 mol/L), MgCl2 (0.001 mol/L), orthophosphate (0.025 mol/L) _ ",3.6.1.1, , , , , 
4580,2316.0,3093.0,inorganic pyrophosphatase,kegg:C00013 + kegg:C00001 = 2 kegg:C00009,CHB_15377 + CHB_18361 = 2 CHB_26078,pyrophosphate(aq) + H2O(l) = 2 orthophosphate(aq), ,74FLO/FLE, , ,303.0,7.4,3120.0, ,radioactivity, ,"3.0 = -log[Mg+2] _ mol/L;(K)1(Cl)1=0.045;(Mg)1(Cl)2=0.001;phosphate buffer=0.025 _ KCl (0.045 mol/L), MgCl2 (0.001 mol/L), orthophosphate (0.025 mol/L) _ ",3.6.1.1, , , , , 
4581,2315.0,3094.0,inorganic pyrophosphatase,kegg:C00013 + kegg:C00001 = 2 kegg:C00009,CHB_15377 + CHB_18361 = 2 CHB_26078,pyrophosphate(aq) + H2O(l) = 2 orthophosphate(aq), ,74FLO/FLE, , ,312.7,7.4,2460.0, ,radioactivity, ,"3.0 = -log[Mg+2] _ mol/L;(K)1(Cl)1=0.045;(Mg)1(Cl)2=0.001;phosphate buffer=0.025 _ KCl (0.045 mol/L), MgCl2 (0.001 mol/L), orthophosphate (0.025 mol/L) _ ",3.6.1.1, , , , , 
4582,2317.0,3095.0,inorganic pyrophosphatase,kegg:C00013 + kegg:C00001 = 2 kegg:C00009,CHB_15377 + CHB_18361 = 2 CHB_26078,pyrophosphate(aq) + H2O(l) = 2 orthophosphate(aq), ,74FLO/FLE, , ,298.15,7.4,3530.0, ,radioactivity, ,"3.0 = -log[Mg+2] _ mol/L;(K)1(Cl)1=0.045;(Mg)1(Cl)2=0.001;phosphate buffer=0.025 _ KCl (0.045 mol/L), MgCl2 (0.001 mol/L), orthophosphate (0.025 mol/L) _ ",3.6.1.1, , , , , 
4583,2331.0,3096.0,inorganic pyrophosphatase,kegg:C00013 + kegg:C00001 = 2 kegg:C00009,CHB_15377 + CHB_18361 = 2 CHB_26078,pyrophosphate(aq) + H2O(l) = 2 orthophosphate(aq), ,74FLO/FLE, , ,298.15,7.4,469.0, ,radioactivity, ,"2.3 = -log[Mg+2] _ mol/L;(Mg)1(Cl)2=0.005;phosphate buffer=0.01;(tetra-n-propylammonium)1=0.22 _ MgCl2 (0.005 mol/L), orthophosphate (0.01 mol/L), tetra-n-propylammonium+ (0.22 mol/L) _ ",3.6.1.1, , , , , 
4584,2312.0,3097.0,inorganic pyrophosphatase,kegg:C00013 + kegg:C00001 = 2 kegg:C00009,CHB_15377 + CHB_18361 = 2 CHB_26078,pyrophosphate(aq) + H2O(l) = 2 orthophosphate(aq), ,74FLO/FLE, , ,298.15,7.4,3770.0, ,radioactivity, ,"3.3 = -log[Mg+2] _ mol/L;(K)1(Cl)1=0.0445;(Mg)1(Cl)2=0.0005;phosphate buffer=0.02 _ KCl (0.0445 mol/L), MgCl2 (0.0005 mol/L), orthophosphate (0.02 mol/L) _ ",3.6.1.1, , , , , 
4585,2313.0,3098.0,inorganic pyrophosphatase,kegg:C00013 + kegg:C00001 = 2 kegg:C00009,CHB_15377 + CHB_18361 = 2 CHB_26078,pyrophosphate(aq) + H2O(l) = 2 orthophosphate(aq), ,74FLO/FLE, , ,298.15,7.4,3770.0, ,radioactivity, ,"3.3 = -log[Mg+2] _ mol/L;(K)1(Cl)1=0.0445;(Mg)1(Cl)2=0.0005;phosphate buffer=0.02 _ KCl (0.0445 mol/L), MgCl2 (0.0005 mol/L), orthophosphate (0.02 mol/L) _ ",3.6.1.1, , , , , 
4586,2327.0,3099.0,inorganic pyrophosphatase,kegg:C00013 + kegg:C00001 = 2 kegg:C00009,CHB_15377 + CHB_18361 = 2 CHB_26078,pyrophosphate(aq) + H2O(l) = 2 orthophosphate(aq), ,74FLO/FLE, , ,298.15,7.4,111.0, ,radioactivity, ,"1.7 = -log[Mg+2] _ mol/L;(Mg)1(Cl)2=0.02;phosphate buffer=0.01;(tetra-n-propylammonium)1=0.018 _ MgCl2 (0.02 mol/L), orthophosphate (0.01 mol/L), tetra-n-propylammonium+ (0.018 mol/L) _ ",3.6.1.1, , , , , 
4587,2329.0,3100.0,inorganic pyrophosphatase,kegg:C00013 + kegg:C00001 = 2 kegg:C00009,CHB_15377 + CHB_18361 = 2 CHB_26078,pyrophosphate(aq) + H2O(l) = 2 orthophosphate(aq), ,74FLO/FLE, , ,298.15,7.4,17000.0, ,radioactivity, ,mol/L;(tetra-n-propylammonium)1=0.09 _ tetra-n-propylammonium+ (0.09 mol/L) _ ,3.6.1.1, , , , , 
4588,2308.0,3101.0,inorganic pyrophosphatase,kegg:C00013 + kegg:C00001 = 2 kegg:C00009,CHB_15377 + CHB_18361 = 2 CHB_26078,pyrophosphate(aq) + H2O(l) = 2 orthophosphate(aq), ,74FLO/FLE, , ,298.15,7.4,215.0, ,radioactivity, ,"2.0 = -log[Mg+2] _ mol/L;(K)1(Cl)1=0.018;(Mg)1(Cl)2=0.02;phosphate buffer=0.01 _ KCl (0.018 mol/L), MgCl2 (0.01 mol/L), orthophosphate (0.01 mol/L) _ ",3.6.1.1, , , , , 
4589,2326.0,3102.0,inorganic pyrophosphatase,kegg:C00013 + kegg:C00001 = 2 kegg:C00009,CHB_15377 + CHB_18361 = 2 CHB_26078,pyrophosphate(aq) + H2O(l) = 2 orthophosphate(aq), ,74FLO/FLE, , ,298.15,7.4,1850.0, ,radioactivity, ,"2.3 = -log[Mg+2] _ mol/L;(K)1(Cl)1=0.0535;(Mg)1(Cl)2=0.005;phosphate buffer=0.075 _ KCl (0.0535 mol/L), MgCl2 (0.005 mol/L), orthophosphate (0.075 mol/L) _ ",3.6.1.1, , , , , 
4590,2321.0,3103.0,inorganic pyrophosphatase,kegg:C00013 + kegg:C00001 = 2 kegg:C00009,CHB_15377 + CHB_18361 = 2 CHB_26078,pyrophosphate(aq) + H2O(l) = 2 orthophosphate(aq), ,74FLO/FLE, , ,298.15,7.4,12000.0, ,radioactivity, ,"mol/L;(K)1(Cl)1=0.045;phosphate buffer=0.025 _ KCl (0.045 mol/L), orthophosphate (0.025 mol/L) _ ",3.6.1.1, , , , , 
4591,2318.0,3104.0,inorganic pyrophosphatase,kegg:C00013 + kegg:C00001 = 2 kegg:C00009,CHB_15377 + CHB_18361 = 2 CHB_26078,pyrophosphate(aq) + H2O(l) = 2 orthophosphate(aq), ,74FLO/FLE, , ,292.9,7.4,3930.0, ,radioactivity, ,"3.0 = -log[Mg+2] _ mol/L;(K)1(Cl)1=0.045;(Mg)1(Cl)2=0.001;phosphate buffer=0.025 _ KCl (0.045 mol/L), MgCl2 (0.001 mol/L), orthophosphate (0.025 mol/L) _ ",3.6.1.1, , , , , 
4592,,3111.0,myosin-light-chain kinase,kegg:C00002 + kegg:C01003 = kegg:C00008 + kegg:C03875, ,ATP(aq) + myosin light chain(aq) = ADP(aq) + myosin light chain phosphate(aq), ,85GEU/MAY, , ,303.15,7.2,59.0, ,radioactivity, , ,2.7.1.117, , , , , 
4593,3251.0,3121.0,"glucan 1,4--glucosidase",kegg:C00252 + kegg:C00001 = 2 kegg:C00031,CHB_15377 + CHB_28189 = 2 CHB_4167,isomaltose(aq) + H2O(l) = 2 D-glucose(aq), ,84ADA/UED, , ,313.0,5.0,18.0, ,HPLC and enzymatic assay, ,mol/L;acetate buffer=0.01  ,3.2.1.3, , , , , 
4594,,3214.0,glucokinase,kegg:C00002 + kegg:C00031 = kegg:C00008 + kegg:C00092, ,ATP(aq) + D-glucose(aq) = ADP(aq) + D-glucose 6-phosphate(aq), ,03BIA, , ,298.15,7.6, , ,calorimetry, , ,2.7.1.2, , , , , 
4595,,3215.0,glucokinase,kegg:C00002 + kegg:C00031 = kegg:C00008 + kegg:C00092, ,ATP(aq) + D-glucose(aq) = ADP(aq) + D-glucose 6-phosphate(aq), ,03BIA, , ,298.15,7.6, , ,calorimetry, , ,2.7.1.2, , , , , 
4596,,3216.0,glucokinase,kegg:C00002 + kegg:C00031 = kegg:C00008 + kegg:C00092, ,ATP(aq) + D-glucose(aq) = ADP(aq) + D-glucose 6-phosphate(aq), ,03BIA, , ,298.15,7.6, , ,calorimetry, , ,2.7.1.2, , , , , 
4597,,3217.0,glucokinase,kegg:C00002 + kegg:C00031 = kegg:C00008 + kegg:C00092, ,ATP(aq) + D-glucose(aq) = ADP(aq) + D-glucose 6-phosphate(aq), ,03BIA, , ,298.15,7.6, , ,calorimetry, , ,2.7.1.2, , , , , 
4598,,3218.0,glucokinase,kegg:C00002 + kegg:C00031 = kegg:C00008 + kegg:C00092, ,ATP(aq) + D-glucose(aq) = ADP(aq) + D-glucose 6-phosphate(aq), ,03BIA, , ,298.15,7.6, , ,calorimetry, , ,2.7.1.2, , , , , 
4599,,3219.0,glucokinase,kegg:C00002 + kegg:C00031 = kegg:C00008 + kegg:C00092, ,ATP(aq) + D-glucose(aq) = ADP(aq) + D-glucose 6-phosphate(aq), ,03BIA, , ,298.15,7.6, , ,calorimetry, , ,2.7.1.2, , , , , 
4600,,3220.0,glucokinase,kegg:C00002 + kegg:C00031 = kegg:C00008 + kegg:C00092, ,ATP(aq) + D-glucose(aq) = ADP(aq) + D-glucose 6-phosphate(aq), ,03BIA, , ,298.15,7.6, , ,calorimetry, , ,2.7.1.2, , , , , 
4601,,3221.0,glucokinase,kegg:C00002 + kegg:C00031 = kegg:C00008 + kegg:C00092, ,ATP(aq) + D-glucose(aq) = ADP(aq) + D-glucose 6-phosphate(aq), ,03BIA, , ,298.15,7.6, , ,calorimetry, , ,2.7.1.2, , , , , 
4602,,3222.0,glucokinase,kegg:C00002 + kegg:C00031 = kegg:C00008 + kegg:C00092, ,ATP(aq) + D-glucose(aq) = ADP(aq) + D-glucose 6-phosphate(aq), ,03BIA, , ,298.15,7.6, , ,calorimetry, , ,2.7.1.2, , , , , 
4603,,3223.0,glucokinase,kegg:C00002 + kegg:C00031 = kegg:C00008 + kegg:C00092, ,ATP(aq) + D-glucose(aq) = ADP(aq) + D-glucose 6-phosphate(aq), ,03BIA, , ,298.15,7.6, , ,calorimetry, , ,2.7.1.2, , , , , 
4604,,3224.0,glucokinase,kegg:C00002 + kegg:C00031 = kegg:C00008 + kegg:C00092, ,ATP(aq) + D-glucose(aq) = ADP(aq) + D-glucose 6-phosphate(aq), ,03BIA, , ,298.15,7.6, , ,calorimetry, , ,2.7.1.2, , , , , 
4605,,3225.0,glucokinase,kegg:C00002 + kegg:C00031 = kegg:C00008 + kegg:C00092, ,ATP(aq) + D-glucose(aq) = ADP(aq) + D-glucose 6-phosphate(aq), ,03BIA, , ,298.15,7.6, , ,calorimetry, , ,2.7.1.2, , , , , 
4606,,3226.0,glucokinase,kegg:C00002 + kegg:C00031 = kegg:C00008 + kegg:C00092, ,ATP(aq) + D-glucose(aq) = ADP(aq) + D-glucose 6-phosphate(aq), ,03BIA, , ,298.15,7.6, , ,calorimetry, , ,2.7.1.2, , , , , 
4607,,3227.0,glucokinase,kegg:C00002 + kegg:C00031 = kegg:C00008 + kegg:C00092, ,ATP(aq) + D-glucose(aq) = ADP(aq) + D-glucose 6-phosphate(aq), ,03BIA, , ,298.15,7.6, , ,calorimetry, , ,2.7.1.2, , , , , 
4608,,3228.0,glucokinase,kegg:C00002 + kegg:C00031 = kegg:C00008 + kegg:C00092, ,ATP(aq) + D-glucose(aq) = ADP(aq) + D-glucose 6-phosphate(aq), ,03BIA, , ,298.15,7.6, , ,calorimetry, , ,2.7.1.2, , , , , 
4609,,3229.0,glucokinase,kegg:C00002 + kegg:C00031 = kegg:C00008 + kegg:C00092, ,ATP(aq) + D-glucose(aq) = ADP(aq) + D-glucose 6-phosphate(aq), ,03BIA, , ,298.15,7.6, , ,calorimetry, , ,2.7.1.2, , , , , 
4610,,3230.0,glucokinase,kegg:C00002 + kegg:C00031 = kegg:C00008 + kegg:C00092, ,ATP(aq) + D-glucose(aq) = ADP(aq) + D-glucose 6-phosphate(aq), ,03BIA, , ,298.15,7.6, , ,calorimetry, , ,2.7.1.2, , , , , 
4611,,3231.0,glucokinase,kegg:C00002 + kegg:C00031 = kegg:C00008 + kegg:C00092, ,ATP(aq) + D-glucose(aq) = ADP(aq) + D-glucose 6-phosphate(aq), ,03BIA, , ,298.15,7.6, , ,calorimetry, , ,2.7.1.2, , , , , 
4612,,3232.0,glucokinase,kegg:C00002 + kegg:C00031 = kegg:C00008 + kegg:C00092, ,ATP(aq) + D-glucose(aq) = ADP(aq) + D-glucose 6-phosphate(aq), ,03BIA, , ,298.15,7.6, , ,calorimetry, , ,2.7.1.2, , , , , 
4613,,3233.0,glucokinase,kegg:C00002 + kegg:C00031 = kegg:C00008 + kegg:C00092, ,ATP(aq) + D-glucose(aq) = ADP(aq) + D-glucose 6-phosphate(aq), ,03BIA, , ,298.15,7.6, , ,calorimetry, , ,2.7.1.2, , , , , 
4614,,3234.0,glucokinase,kegg:C00002 + kegg:C00031 = kegg:C00008 + kegg:C00092, ,ATP(aq) + D-glucose(aq) = ADP(aq) + D-glucose 6-phosphate(aq), ,03BIA, , ,298.15,7.6, , ,calorimetry, , ,2.7.1.2, , , , , 
4615,,3235.0,glucokinase,kegg:C00002 + kegg:C00031 = kegg:C00008 + kegg:C00092, ,ATP(aq) + D-glucose(aq) = ADP(aq) + D-glucose 6-phosphate(aq), ,03BIA, , ,298.15,7.6, , ,calorimetry, , ,2.7.1.2, , , , , 
4616,,3236.0,glucokinase,kegg:C00002 + kegg:C00031 = kegg:C00008 + kegg:C00092, ,ATP(aq) + D-glucose(aq) = ADP(aq) + D-glucose 6-phosphate(aq), ,03BIA, , ,298.15,7.6, , ,calorimetry, , ,2.7.1.2, , , , , 
4617,,3237.0,glucokinase,kegg:C00002 + kegg:C00031 = kegg:C00008 + kegg:C00092, ,ATP(aq) + D-glucose(aq) = ADP(aq) + D-glucose 6-phosphate(aq), ,03BIA, , ,298.15,7.6, , ,calorimetry, , ,2.7.1.2, , , , , 
4618,,3238.0,glucokinase,kegg:C00002 + kegg:C00031 = kegg:C00008 + kegg:C00092, ,ATP(aq) + D-glucose(aq) = ADP(aq) + D-glucose 6-phosphate(aq), ,03BIA, , ,298.15,7.6, , ,calorimetry, , ,2.7.1.2, , , , , 
4619,,3239.0,glucokinase,kegg:C00002 + kegg:C00031 = kegg:C00008 + kegg:C00092, ,ATP(aq) + D-glucose(aq) = ADP(aq) + D-glucose 6-phosphate(aq), ,03BIA, , ,298.15,7.6, , ,calorimetry, , ,2.7.1.2, , , , , 
4620,,3240.0,glucokinase,kegg:C00002 + kegg:C00031 = kegg:C00008 + kegg:C00092, ,ATP(aq) + D-glucose(aq) = ADP(aq) + D-glucose 6-phosphate(aq), ,03BIA, , ,298.15,7.6, , ,calorimetry, , ,2.7.1.2, , , , , 
4621,,3241.0,glucokinase,kegg:C00002 + kegg:C00031 = kegg:C00008 + kegg:C00092, ,ATP(aq) + D-glucose(aq) = ADP(aq) + D-glucose 6-phosphate(aq), ,03BIA, , ,298.15,7.6, , ,calorimetry, , ,2.7.1.2, , , , , 
4622,,3242.0,glucokinase,kegg:C00002 + kegg:C00031 = kegg:C00008 + kegg:C00092, ,ATP(aq) + D-glucose(aq) = ADP(aq) + D-glucose 6-phosphate(aq), ,03BIA, , ,298.15,7.6, , ,calorimetry, , ,2.7.1.2, , , , , 
4623,3240.0,3248.0,UDPglucose 4-epimerase,kegg:C00043 = kegg:C00203,CHB_16264 = CHB_16650,UDP-N-acetyl-D-glucosamine(aq) = UDP-N-acetyl-D-galactosamine(aq), ,83PIL/HAN, , ,310.15, ,0.38, ,radioactivity, ,mol/L;Tris-HCl=0.1  ,5.1.3.2, , , , , 
4624,3611.0,3311.0,aspartate carbamoyl-transferase,kegg:C00169 + kegg:C00049 = kegg:C00009 + kegg:C00438,CHB_17672 + CHB_29991 = CHB_15859 + CHB_26078,carbamoyl phosphate(aq) + L-aspartate(aq) = orthophosphate(aq) + N-carbamoyl-L-aspartate(aq), ,87HSU/WED, , ,303.15,7.0,5900.0, ,radioactivity, ,mol/L;PIPES=0.1;(K)1(Cl)1=0.1;L-aspartate=0.01;carbamoyl phosphate=0.005;orthophosphate=0;N-carbamoyl-L-aspartate=0  ,2.1.3.2, , , , , 
4625,1867.0,3357.0,aconitate hydratase,kegg:C00311 = kegg:C00158,CHB_16087 = CHB_30769,isocitrate(aq) = citrate(aq), ,69BLA, , ,298.15,7.5,9.31, ,spectrophotometry, ,mol/L;IS=0.1  ,4.2.1.3, , ,0.1,0.1, 
4626,1864.0,3358.0,aconitate hydratase,kegg:C00311 = kegg:C00158,CHB_16087 = CHB_30769,isocitrate(aq) = citrate(aq), ,69BLA, , ,310.15,7.5,10.8, ,spectrophotometry, ,mol/L;IS=0.1;(Na)1=0.08 _ Na+ (0.08 mol/L) _ ,4.2.1.3, , ,0.1,0.1, 
4627,1853.0,3359.0,aconitate hydratase,kegg:C00311 = kegg:C00158,CHB_16087 = CHB_30769,isocitrate(aq) = citrate(aq), ,69BLA, , ,298.15,7.5,36.1, ,spectrophotometry, ,2.7 = -log[Mg+2] _ mol/L;IS=0.1;(Mg)1(Cl)2=0.002 _ MgCl2 (0.002 mol/L) _ ,4.2.1.3, , ,0.1,0.1, 
4628,1851.0,3360.0,aconitate hydratase,kegg:C00311 = kegg:C00158,CHB_16087 = CHB_30769,isocitrate(aq) = citrate(aq), ,69BLA, , ,298.15,7.5,46.1, ,spectrophotometry, ,2.52 = -log[Mg+2] _ mol/L;IS=0.1;(Mg)1(Cl)2=0.003 _ MgCl2 (0.003 mol/L) _ ,4.2.1.3, , ,0.1,0.1, 
4629,1845.0,3361.0,aconitate hydratase,kegg:C00311 = kegg:C00158,CHB_16087 = CHB_30769,isocitrate(aq) = citrate(aq), ,69BLA, , ,298.15,7.5,64.8, ,spectrophotometry, ,2.15 = -log[Mg+2] _ mol/L;IS=0.1;(Mg)1(Cl)2=0.007 _ MgCl2 (0.007 mol/L) _ ,4.2.1.3, , ,0.1,0.1, 
4630,1855.0,3362.0,aconitate hydratase,kegg:C00311 = kegg:C00158,CHB_16087 = CHB_30769,isocitrate(aq) = citrate(aq), ,69BLA, , ,298.15,7.5,48.3, ,spectrophotometry, ,2.7 = -log[Mg+2] _ mol/L;IS=0.044;(Mg)1(Cl)2=0.002 _ MgCl2 (0.002 mol/L) _ ,4.2.1.3, , ,0.044,0.044, 
4631,1844.0,3363.0,aconitate hydratase,kegg:C00311 = kegg:C00158,CHB_16087 = CHB_30769,isocitrate(aq) = citrate(aq), ,69BLA, , ,298.15,7.5,77.7, ,spectrophotometry, ,2.1 = -log[Mg+2] _ mol/L;IS=0.044;(Mg)1(Cl)2=0.008 _ MgCl2 (0.008 mol/L) _ ,4.2.1.3, , ,0.044,0.044, 
4632,1854.0,3364.0,aconitate hydratase,kegg:C00311 = kegg:C00158,CHB_16087 = CHB_30769,isocitrate(aq) = citrate(aq), ,69BLA, , ,298.15,7.5,37.9, ,spectrophotometry, ,2.7 = -log[Mg+2] _ mol/L;IS=0.07;(Mg)1(Cl)2=0.002 _ MgCl2 (0.002 mol/L) _ ,4.2.1.3, , ,0.07,0.07, 
4633,1843.0,3365.0,aconitate hydratase,kegg:C00311 = kegg:C00158,CHB_16087 = CHB_30769,isocitrate(aq) = citrate(aq), ,69BLA, , ,298.15,7.5,67.3, ,spectrophotometry, ,2.1 = -log[Mg+2] _ mol/L;IS=0.07;(Mg)1(Cl)2=0.008 _ MgCl2 (0.008 mol/L) _ ,4.2.1.3, , ,0.07,0.07, 
4634,1857.0,3366.0,aconitate hydratase,kegg:C00311 = kegg:C00158,CHB_16087 = CHB_30769,isocitrate(aq) = citrate(aq), ,69BLA, , ,298.15,7.5,21.5, ,spectrophotometry, ,3.0 = -log[Mg+2] _ mol/L;IS=0.15;(Mg)1(Cl)2=0.001 _ MgCl2 (0.001 mol/L) _ ,4.2.1.3, , ,0.15,0.15, 
4635,1852.0,3367.0,aconitate hydratase,kegg:C00311 = kegg:C00158,CHB_16087 = CHB_30769,isocitrate(aq) = citrate(aq), ,69BLA, , ,298.15,7.5,31.2, ,spectrophotometry, ,2.7 = -log[Mg+2] _ mol/L;IS=0.15;(Mg)1(Cl)2=0.002 _ MgCl2 (0.002 mol/L) _ ,4.2.1.3, , ,0.15,0.15, 
4636,1866.0,3368.0,aconitate hydratase,kegg:C00311 = kegg:C00158,CHB_16087 = CHB_30769,isocitrate(aq) = citrate(aq), ,69BLA, , ,298.15,7.5,12.7, ,spectrophotometry, ,mol/L;IS=0.15;(Na)1=0.13 _ Na+ (0.13 mol/L) _ ,4.2.1.3, , ,0.15,0.15, 
4637,1842.0,3369.0,aconitate hydratase,kegg:C00311 = kegg:C00158,CHB_16087 = CHB_30769,isocitrate(aq) = citrate(aq), ,69BLA, , ,298.15,7.5,59.7, ,spectrophotometry, ,2.1 = -log[Mg+2] _ mol/L;IS=0.15;(Mg)1(Cl)2=0.008 _ MgCl2 (0.008 mol/L) _ ,4.2.1.3, , ,0.15,0.15, 
4638,1856.0,3370.0,aconitate hydratase,kegg:C00311 = kegg:C00158,CHB_16087 = CHB_30769,isocitrate(aq) = citrate(aq), ,69BLA, , ,298.15,7.5,21.3, ,spectrophotometry, ,3.0 = -log[Mg+2] _ mol/L;IS=0.1;(Mg)1(Cl)2=0.001 _ MgCl2 (0.001 mol/L) _ ,4.2.1.3, , ,0.1,0.1, 
4639,1847.0,3371.0,aconitate hydratase,kegg:C00311 = kegg:C00158,CHB_16087 = CHB_30769,isocitrate(aq) = citrate(aq), ,69BLA, , ,298.15,7.5,46.8, ,spectrophotometry, ,2.4 = -log[Mg+2] _ mol/L;IS=0.15;(Mg)1(Cl)2=0.004 _ MgCl2 (0.004 mol/L) _ ,4.2.1.3, , ,0.15,0.15, 
4640,1862.0,3372.0,aconitate hydratase,kegg:C00311 = kegg:C00158,CHB_16087 = CHB_30769,isocitrate(aq) = citrate(aq), ,69BLA, , ,298.15,7.5,11.4, ,spectrophotometry, ,mol/L;IS=0.044;(Na)1=0.022 _ Na+ (0.022 mol/L) _ ,4.2.1.3, , ,0.044,0.044, 
4641,1850.0,3373.0,aconitate hydratase,kegg:C00311 = kegg:C00158,CHB_16087 = CHB_30769,isocitrate(aq) = citrate(aq), ,69BLA, , ,298.15,7.5,66.8, ,spectrophotometry, ,2.4 = -log[Mg+2] _ mol/L;IS=0.044;(Mg)1(Cl)2=0.004 _ MgCl2 (0.004 mol/L) _ ,4.2.1.3, , ,0.044,0.044, 
4642,1848.0,3374.0,aconitate hydratase,kegg:C00311 = kegg:C00158,CHB_16087 = CHB_30769,isocitrate(aq) = citrate(aq), ,69BLA, , ,298.15,7.5,52.5, ,spectrophotometry, ,2.4 = -log[Mg+2] _ mol/L;IS=0.1;(Mg)1(Cl)2=0.004 _ MgCl2 (0.004 mol/L) _ ,4.2.1.3, , ,0.1,0.1, 
4643,1863.0,3375.0,aconitate hydratase,kegg:C00311 = kegg:C00158,CHB_16087 = CHB_30769,isocitrate(aq) = citrate(aq), ,69BLA, , ,298.15,7.5,12.2, ,spectrophotometry, ,mol/L;IS=0.07;(Na)1=0.048 _ Na+ (0.048 mol/L) _ ,4.2.1.3, , ,0.1 & 0.07,0.1, 
4644,1858.0,3376.0,aconitate hydratase,kegg:C00311 = kegg:C00158,CHB_16087 = CHB_30769,isocitrate(aq) = citrate(aq), ,69BLA, , ,298.15,7.5,23.3, ,spectrophotometry, ,3.0 = -log[Mg+2] _ mol/L;IS=0.07;(Mg)1(Cl)2=0.001 _ MgCl2 (0.001 mol/L) _ ,4.2.1.3, , ,0.07,0.07, 
4645,1860.0,3377.0,aconitate hydratase,kegg:C00311 = kegg:C00158,CHB_16087 = CHB_30769,isocitrate(aq) = citrate(aq), ,69BLA, , ,298.15,7.5,16.4, ,spectrophotometry, ,3.3 = -log[Mg+2] _ mol/L;IS=0.07;(Mg)1(Cl)2=0.0005 _ MgCl2 (0.0005 mol/L) _ ,4.2.1.3, , ,0.07,0.07, 
4646,1861.0,3378.0,aconitate hydratase,kegg:C00311 = kegg:C00158,CHB_16087 = CHB_30769,isocitrate(aq) = citrate(aq), ,69BLA, , ,298.15,7.5,16.4, ,spectrophotometry, ,3.3 = -log[Mg+2] _ mol/L;IS=0.07;(Mg)1(Cl)2=0.0005 _ MgCl2 (0.0005 mol/L) _ ,4.2.1.3, , ,0.07,0.07, 
4647,1865.0,3379.0,aconitate hydratase,kegg:C00311 = kegg:C00158,CHB_16087 = CHB_30769,isocitrate(aq) = citrate(aq), ,69BLA, , ,298.15,7.5,11.6, ,spectrophotometry, ,mol/L;IS=0.1;(Na)1=0.08 _ Na+ (0.08 mol/L) _ ,4.2.1.3, , ,0.07 & 0.1,0.07, 
4648,1849.0,3380.0,aconitate hydratase,kegg:C00311 = kegg:C00158,CHB_16087 = CHB_30769,isocitrate(aq) = citrate(aq), ,69BLA, , ,298.15,7.5,54.5, ,spectrophotometry, ,2.4 = -log[Mg+2] _ mol/L;IS=0.07;(Mg)1(Cl)2=0.004 _ MgCl2 (0.004 mol/L) _ ,4.2.1.3, , ,0.07,0.07, 
4649,1841.0,3381.0,aconitate hydratase,kegg:C00311 = kegg:C00158,CHB_16087 = CHB_30769,isocitrate(aq) = citrate(aq), ,69BLA, , ,298.15,7.5,69.0, ,spectrophotometry, ,2.0 = -log[Mg+2] _ mol/L;IS=0.1;(Mg)1(Cl)2=0.01 _ MgCl2 (0.01 mol/L) _ ,4.2.1.3, , ,0.1,0.1, 
4650,1859.0,3382.0,aconitate hydratase,kegg:C00311 = kegg:C00158,CHB_16087 = CHB_30769,isocitrate(aq) = citrate(aq), ,69BLA, , ,298.15,7.5,27.6, ,spectrophotometry, ,3.0 = -log[Mg+2] _ mol/L;IS=0.044;(Mg)1(Cl)2=0.001 _ MgCl2 (0.001 mol/L) _ ,4.2.1.3, , ,0.044,0.044, 
4651,1846.0,3383.0,aconitate hydratase,kegg:C00311 = kegg:C00158,CHB_16087 = CHB_30769,isocitrate(aq) = citrate(aq), ,69BLA, , ,298.15,7.5,63.8, ,spectrophotometry, ,2.22 = -log[Mg+2] _ mol/L;IS=0.07;(Mg)1(Cl)2=0.006 _ MgCl2 (0.006 mol/L) _ ,4.2.1.3, , ,0.07,0.07, 
4652,3297.0,3393.0,inorganic pyrophosphatase,kegg:C00013 + kegg:C00001 = 2 kegg:C00009,CHB_15377 + CHB_18361 = 2 CHB_26078,pyrophosphate(aq) + H2O(l) = 2 orthophosphate(aq), ,84DEM, , ,308.15,7.0,4000.0, ,radioactivity, ,"3.0 = -log[Mg+2] _ mol/L;imidazole=0.05;orthophosphate=0.004;(Mg)1(Cl)2=0.001;pyrophosphate=0 _ MgCl2 (0.001 mol/L), orthophosphate (0.004 mol/L) _ ",3.6.1.1, , , , , 
4653,3289.0,3394.0,inorganic pyrophosphatase,kegg:C00013 + kegg:C00001 = 2 kegg:C00009,CHB_15377 + CHB_18361 = 2 CHB_26078,pyrophosphate(aq) + H2O(l) = 2 orthophosphate(aq), ,84DEM, , ,308.15,7.0,170.0, ,radioactivity, ,"1.7 = -log[Mg+2] _ mol/L;imidazole=0.05;orthophosphate=0.004;(Mg)1(Cl)2=0.02;pyrophosphate=0 _ MgCl2 (0.02 mol/L), orthophosphate (0.004 mol/L) _ ",3.6.1.1, , , , , 
4654,3285.0,3395.0,inorganic pyrophosphatase,kegg:C00013 + kegg:C00001 = 2 kegg:C00009,CHB_15377 + CHB_18361 = 2 CHB_26078,pyrophosphate(aq) + H2O(l) = 2 orthophosphate(aq), ,84DEM, , ,308.15,7.0,66.0, ,radioactivity, ,"1.0 = -log[Mg+2] _ mol/L;imidazole=0.05;orthophosphate=0.004;(Mg)1(Cl)2=0.1;pyrophosphate=0 _ MgCl2 (0.1 mol/L), orthophosphate (0.004 mol/L) _ ",3.6.1.1, , , , , 
4655,3284.0,3396.0,inorganic pyrophosphatase,kegg:C00013 + kegg:C00001 = 2 kegg:C00009,CHB_15377 + CHB_18361 = 2 CHB_26078,pyrophosphate(aq) + H2O(l) = 2 orthophosphate(aq), ,84DEM, , ,308.15,7.8,1500.0, ,radioactivity, ,"3.0 = -log[Mg+2] _ mol/L;Tris-HCl=0.05;orthophosphate=0.004;(Mg)1(Cl)2=0.001;pyrophosphate=0 _ MgCl2 (0.001 mol/L), orthophosphate (0.004 mol/L) _ ",3.6.1.1, , , , , 
4656,3283.0,3397.0,inorganic pyrophosphatase,kegg:C00013 + kegg:C00001 = 2 kegg:C00009,CHB_15377 + CHB_18361 = 2 CHB_26078,pyrophosphate(aq) + H2O(l) = 2 orthophosphate(aq), ,84DEM, , ,308.15,7.8,650.0, ,radioactivity, ,"2.7 = -log[Mg+2] _ mol/L;Tris-HCl=0.05;orthophosphate=0.004;(Mg)1(Cl)2=0.002;pyrophosphate=0 _ MgCl2 (0.002 mol/L), orthophosphate (0.004 mol/L) _ ",3.6.1.1, , , , , 
4657,3263.0,3398.0,inorganic pyrophosphatase,kegg:C00013 + kegg:C00001 = 2 kegg:C00009,CHB_15377 + CHB_18361 = 2 CHB_26078,pyrophosphate(aq) + H2O(l) = 2 orthophosphate(aq), ,84DEM, , ,308.15,7.8,370.0, ,radioactivity, ,"2.4 = -log[Mg+2] _ mol/L;Tris-HCl=0.05;orthophosphate=0.001;(Mg)1(Cl)2=0.001;pyrophosphate=0 _ MgCl2 (0.001 mol/L), orthophosphate (0.001 mol/L) _ ",3.6.1.1, , , , , 
4658,3278.0,3399.0,inorganic pyrophosphatase,kegg:C00013 + kegg:C00001 = 2 kegg:C00009,CHB_15377 + CHB_18361 = 2 CHB_26078,pyrophosphate(aq) + H2O(l) = 2 orthophosphate(aq), ,84DEM, , ,308.15,7.8,180.0, ,radioactivity, ,"2.0 = -log[Mg+2] _ mol/L;Tris-HCl=0.05;orthophosphate=0.004;(Mg)1(Cl)2=0.01;pyrophosphate=0 _ MgCl2 (0.01 mol/L), orthophosphate (0.004 mol/L) _ ",3.6.1.1, , , , , 
4659,3274.0,3400.0,inorganic pyrophosphatase,kegg:C00013 + kegg:C00001 = 2 kegg:C00009,CHB_15377 + CHB_18361 = 2 CHB_26078,pyrophosphate(aq) + H2O(l) = 2 orthophosphate(aq), ,84DEM, , ,308.15,7.8,74.0, ,radioactivity, ,"1.0 = -log[Mg+2] _ mol/L;Tris-HCl=0.05;orthophosphate=0.004;(Mg)1(Cl)2=0.1;pyrophosphate=0 _ MgCl2 (0.1 mol/L), orthophosphate (0.004 mol/L) _ ",3.6.1.1, , , , , 
4660,3333.0,3401.0,inorganic pyrophosphatase,kegg:C00013 + kegg:C00001 = 2 kegg:C00009,CHB_15377 + CHB_18361 = 2 CHB_26078,pyrophosphate(aq) + H2O(l) = 2 orthophosphate(aq), ,84DEM, , ,308.15,6.2,920.0, ,radioactivity, ,"1.6 = -log[Mg+2] _ mol/L;imidazole=0.05;orthophosphate=0.0012;(Mg)1(Cl)2=0.025;pyrophosphate=0 _ MgCl2 (0.025 mol/L), orthophosphate (0.012 mol/L) _ ",3.6.1.1, , , , , 
4661,3331.0,3402.0,inorganic pyrophosphatase,kegg:C00013 + kegg:C00001 = 2 kegg:C00009,CHB_15377 + CHB_18361 = 2 CHB_26078,pyrophosphate(aq) + H2O(l) = 2 orthophosphate(aq), ,84DEM, , ,308.15,6.2,510.0, ,radioactivity, ,"1.3 = -log[Mg+2] _ mol/L;imidazole=0.05;orthophosphate=0.0012;(Mg)1(Cl)2=0.05;pyrophosphate=0 _ MgCl2 (0.05 mol/L), orthophosphate (0.012 mol/L) _ ",3.6.1.1, , , , , 
4662,3280.0,3403.0,inorganic pyrophosphatase,kegg:C00013 + kegg:C00001 = 2 kegg:C00009,CHB_15377 + CHB_18361 = 2 CHB_26078,pyrophosphate(aq) + H2O(l) = 2 orthophosphate(aq), ,84DEM, , ,308.15,7.8,370.0, ,radioactivity, ,"3.0 = -log[Mg+2] _ mol/L;Tris-HCl=0.05;orthophosphate=0.004;(Mg)1(Cl)2=0.004;pyrophosphate=0 _ MgCl2 (0.004 mol/L), orthophosphate (0.004 mol/L) _ ",3.6.1.1, , , , , 
4663,3271.0,3404.0,inorganic pyrophosphatase,kegg:C00013 + kegg:C00001 = 2 kegg:C00009,CHB_15377 + CHB_18361 = 2 CHB_26078,pyrophosphate(aq) + H2O(l) = 2 orthophosphate(aq), ,84DEM, , ,308.15,7.8,500.0, ,radioactivity, ,"3.0 = -log[Mg+2] _ mol/L;Tris-HCl=0.05;orthophosphate=0.002;(Mg)1(Cl)2=0.001;pyrophosphate=0 _ MgCl2 (0.001 mol/L), orthophosphate (0.002 mol/L) _ ",3.6.1.1, , , , , 
4664,3327.0,3405.0,inorganic pyrophosphatase,kegg:C00013 + kegg:C00001 = 2 kegg:C00009,CHB_15377 + CHB_18361 = 2 CHB_26078,pyrophosphate(aq) + H2O(l) = 2 orthophosphate(aq), ,84DEM, , ,308.15,7.8,3000.0, ,radioactivity, ,"3.0 = -log[Mg+2] _ mol/L;Tris-HCl=0.05;orthophosphate=0.012;(Mg)1(Cl)2=0.001;pyrophosphate=0 _ MgCl2 (0.001 mol/L), orthophosphate (0.012 mol/L) _ ",3.6.1.1, , , , , 
4665,3255.0,3406.0,inorganic pyrophosphatase,kegg:C00013 + kegg:C00001 = 2 kegg:C00009,CHB_15377 + CHB_18361 = 2 CHB_26078,pyrophosphate(aq) + H2O(l) = 2 orthophosphate(aq), ,84DEM, , ,308.15,7.8,61.0, ,radioactivity, ,"2.0 = -log[Mg+2] _ mol/L;Tris-HCl=0.05;orthophosphate=0.001;(Mg)1(Cl)2=0.01;pyrophosphate=0 _ MgCl2 (0.01 mol/L), orthophosphate (0.001 mol/L) _ ",3.6.1.1, , , , , 
4666,3256.0,3407.0,inorganic pyrophosphatase,kegg:C00013 + kegg:C00001 = 2 kegg:C00009,CHB_15377 + CHB_18361 = 2 CHB_26078,pyrophosphate(aq) + H2O(l) = 2 orthophosphate(aq), ,84DEM, , ,308.15,7.8,61.0, ,radioactivity, ,"2.0 = -log[Mg+2] _ mol/L;Tris-HCl=0.05;orthophosphate=0.001;(Mg)1(Cl)2=0.01;pyrophosphate=0 _ MgCl2 (0.01 mol/L), orthophosphate (0.001 mol/L) _ ",3.6.1.1, , , , , 
4667,3324.0,3408.0,inorganic pyrophosphatase,kegg:C00013 + kegg:C00001 = 2 kegg:C00009,CHB_15377 + CHB_18361 = 2 CHB_26078,pyrophosphate(aq) + H2O(l) = 2 orthophosphate(aq), ,84DEM, , ,308.15,7.8,430.0, ,radioactivity, ,"2.0 = -log[Mg+2] _ mol/L;Tris-HCl=0.05;orthophosphate=0.012;(Mg)1(Cl)2=0.01;pyrophosphate=0 _ MgCl2 (0.01 mol/L), orthophosphate (0.012 mol/L) _ ",3.6.1.1, , , , , 
4668,3270.0,3409.0,inorganic pyrophosphatase,kegg:C00013 + kegg:C00001 = 2 kegg:C00009,CHB_15377 + CHB_18361 = 2 CHB_26078,pyrophosphate(aq) + H2O(l) = 2 orthophosphate(aq), ,84DEM, , ,308.15,7.8,310.0, ,radioactivity, ,"2.7 = -log[Mg+2] _ mol/L;Tris-HCl=0.05;orthophosphate=0.002;(Mg)1(Cl)2=0.002;pyrophosphate=0 _ MgCl2 (0.002 mol/L), orthophosphate (0.002 mol/L) _ ",3.6.1.1, , , , , 
4669,3298.0,3410.0,inorganic pyrophosphatase,kegg:C00013 + kegg:C00001 = 2 kegg:C00009,CHB_15377 + CHB_18361 = 2 CHB_26078,pyrophosphate(aq) + H2O(l) = 2 orthophosphate(aq), ,84DEM, , ,308.15,7.8,450.0, ,radioactivity, ,"2.3 = -log[Mg+2] _ mol/L;Tris-HCl=0.05;orthophosphate=0.005;(Mg)1(Cl)2=0.005;pyrophosphate=0 _ MgCl2 (0.005 mol/L), orthophosphate (0.005 mol/L) _ ",3.6.1.1, , , , , 
4670,3282.0,3411.0,inorganic pyrophosphatase,kegg:C00013 + kegg:C00001 = 2 kegg:C00009,CHB_15377 + CHB_18361 = 2 CHB_26078,pyrophosphate(aq) + H2O(l) = 2 orthophosphate(aq), ,84DEM, , ,308.15,7.8,400.0, ,radioactivity, ,"1.92 = -log[Mg+2] _ mol/L;Tris-HCl=0.05;orthophosphate=0.004;(Mg)1(Cl)2=0.004;pyrophosphate=0 _ MgCl2 (0.004 mol/L), orthophosphate (0.004 mol/L) _ ",3.6.1.1, , , , , 
4671,3293.0,3412.0,inorganic pyrophosphatase,kegg:C00013 + kegg:C00001 = 2 kegg:C00009,CHB_15377 + CHB_18361 = 2 CHB_26078,pyrophosphate(aq) + H2O(l) = 2 orthophosphate(aq), ,84DEM, , ,308.15,6.15,1200.0, ,radioactivity, ,"2.0 = -log[Mg+2] _ mol/L;imidazole=0.05;orthophosphate=0.004;(Mg)1(Cl)2=0.01;pyrophosphate=0 _ MgCl2 (0.01 mol/L), orthophosphate (0.004 mol/L) _ ",3.6.1.1, , , , , 
4672,3279.0,3413.0,inorganic pyrophosphatase,kegg:C00013 + kegg:C00001 = 2 kegg:C00009,CHB_15377 + CHB_18361 = 2 CHB_26078,pyrophosphate(aq) + H2O(l) = 2 orthophosphate(aq), ,84DEM, , ,308.15,7.82,180.0, ,radioactivity, ,"2.0 = -log[Mg+2] _ mol/L;Tris-HCl=0.05;orthophosphate=0.004;(Mg)1(Cl)2=0.01;pyrophosphate=0 _ MgCl2 (0.01 mol/L), orthophosphate (0.004 mol/L) _ ",3.6.1.1, , , , , 
4673,3296.0,3414.0,inorganic pyrophosphatase,kegg:C00013 + kegg:C00001 = 2 kegg:C00009,CHB_15377 + CHB_18361 = 2 CHB_26078,pyrophosphate(aq) + H2O(l) = 2 orthophosphate(aq), ,84DEM, , ,308.15,6.2,2600.0, ,radioactivity, ,"2.4 = -log[Mg+2] _ mol/L;imidazole=0.05;orthophosphate=0.004;(Mg)1(Cl)2=0.004;pyrophosphate=0 _ MgCl2 (0.004 mol/L), orthophosphate (0.004 mol/L) _ ",3.6.1.1, , , , , 
4674,3294.0,3415.0,inorganic pyrophosphatase,kegg:C00013 + kegg:C00001 = 2 kegg:C00009,CHB_15377 + CHB_18361 = 2 CHB_26078,pyrophosphate(aq) + H2O(l) = 2 orthophosphate(aq), ,84DEM, , ,308.15,6.2,1200.0, ,radioactivity, ,"2.0 = -log[Mg+2] _ mol/L;imidazole=0.05;orthophosphate=0.004;(Mg)1(Cl)2=0.01;pyrophosphate=0 _ MgCl2 (0.01 mol/L), orthophosphate (0.004 mol/L) _ ",3.6.1.1, , , , , 
4675,3288.0,3416.0,inorganic pyrophosphatase,kegg:C00013 + kegg:C00001 = 2 kegg:C00009,CHB_15377 + CHB_18361 = 2 CHB_26078,pyrophosphate(aq) + H2O(l) = 2 orthophosphate(aq), ,84DEM, , ,308.15,6.2,420.0, ,radioactivity, ,"1.4 = -log[Mg+2] _ mol/L;imidazole=0.05;orthophosphate=0.004;(Mg)1(Cl)2=0.04;pyrophosphate=0 _ MgCl2 (0.04 mol/L), orthophosphate (0.004 mol/L) _ ",3.6.1.1, , , , , 
4676,3286.0,3417.0,inorganic pyrophosphatase,kegg:C00013 + kegg:C00001 = 2 kegg:C00009,CHB_15377 + CHB_18361 = 2 CHB_26078,pyrophosphate(aq) + H2O(l) = 2 orthophosphate(aq), ,84DEM, , ,308.15,6.2,140.0, ,radioactivity, ,"1.0 = -log[Mg+2] _ mol/L;imidazole=0.05;orthophosphate=0.004;(Mg)1(Cl)2=0.1;pyrophosphate=0 _ MgCl2 (0.1 mol/L), orthophosphate (0.004 mol/L) _ ",3.6.1.1, , , , , 
4677,3329.0,3418.0,inorganic pyrophosphatase,kegg:C00013 + kegg:C00001 = 2 kegg:C00009,CHB_15377 + CHB_18361 = 2 CHB_26078,pyrophosphate(aq) + H2O(l) = 2 orthophosphate(aq), ,84DEM, , ,308.15,6.2,310.0, ,radioactivity, ,"1.0 = -log[Mg+2] _ mol/L;imidazole=0.05;orthophosphate=0.0012;(Mg)1(Cl)2=0.1;pyrophosphate=0 _ MgCl2 (0.1 mol/L), orthophosphate (0.012 mol/L) _ ",3.6.1.1, , , , , 
4678,3334.0,3419.0,inorganic pyrophosphatase,kegg:C00013 + kegg:C00001 = 2 kegg:C00009,CHB_15377 + CHB_18361 = 2 CHB_26078,pyrophosphate(aq) + H2O(l) = 2 orthophosphate(aq), ,84DEM, , ,308.15,7.0,1200.0, ,radioactivity, ,"2.0 = -log[Mg+2] _ mol/L;imidazole=0.05;orthophosphate=0.0012;(Mg)1(Cl)2=0.01;pyrophosphate=0 _ MgCl2 (0.01 mol/L), orthophosphate (0.012 mol/L) _ ",3.6.1.1, , , , , 
4679,3332.0,3420.0,inorganic pyrophosphatase,kegg:C00013 + kegg:C00001 = 2 kegg:C00009,CHB_15377 + CHB_18361 = 2 CHB_26078,pyrophosphate(aq) + H2O(l) = 2 orthophosphate(aq), ,84DEM, , ,308.15,7.0,400.0, ,radioactivity, ,"1.6 = -log[Mg+2] _ mol/L;imidazole=0.05;orthophosphate=0.0012;(Mg)1(Cl)2=0.025;pyrophosphate=0 _ MgCl2 (0.025 mol/L), orthophosphate (0.012 mol/L) _ ",3.6.1.1, , , , , 
4680,3325.0,3421.0,inorganic pyrophosphatase,kegg:C00013 + kegg:C00001 = 2 kegg:C00009,CHB_15377 + CHB_18361 = 2 CHB_26078,pyrophosphate(aq) + H2O(l) = 2 orthophosphate(aq), ,84DEM, , ,308.15,7.8,440.0, ,radioactivity, ,"2.0 = -log[Mg+2] _ mol/L;Tris-HCl=0.05;orthophosphate=0.012;(Mg)1(Cl)2=0.01;pyrophosphate=0 _ MgCl2 (0.01 mol/L), orthophosphate (0.012 mol/L) _ ",3.6.1.1, , , , , 
4681,3322.0,3422.0,inorganic pyrophosphatase,kegg:C00013 + kegg:C00001 = 2 kegg:C00009,CHB_15377 + CHB_18361 = 2 CHB_26078,pyrophosphate(aq) + H2O(l) = 2 orthophosphate(aq), ,84DEM, , ,308.15,7.8,180.0, ,radioactivity, ,"1.6 = -log[Mg+2] _ mol/L;Tris-HCl=0.05;orthophosphate=0.012;(Mg)1(Cl)2=0.025;pyrophosphate=0 _ MgCl2 (0.025 mol/L), orthophosphate (0.012 mol/L) _ ",3.6.1.1, , , , , 
4682,3268.0,3423.0,inorganic pyrophosphatase,kegg:C00013 + kegg:C00001 = 2 kegg:C00009,CHB_15377 + CHB_18361 = 2 CHB_26078,pyrophosphate(aq) + H2O(l) = 2 orthophosphate(aq), ,84DEM, , ,308.15,7.8,110.0, ,radioactivity, ,"1.3 = -log[Mg+2] _ mol/L;Tris-HCl=0.05;orthophosphate=0.002;(Mg)1(Cl)2=0.006;pyrophosphate=0 _ MgCl2 (0.006 mol/L), orthophosphate (0.002 mol/L) _ ",3.6.1.1, , , , , 
4683,3320.0,3424.0,inorganic pyrophosphatase,kegg:C00013 + kegg:C00001 = 2 kegg:C00009,CHB_15377 + CHB_18361 = 2 CHB_26078,pyrophosphate(aq) + H2O(l) = 2 orthophosphate(aq), ,84DEM, , ,308.15,7.8,74.0, ,radioactivity, ,"1.0 = -log[Mg+2] _ mol/L;Tris-HCl=0.05;orthophosphate=0.012;(Mg)1(Cl)2=0.1;pyrophosphate=0 _ MgCl2 (0.1 mol/L), orthophosphate (0.012 mol/L) _ ",3.6.1.1, , , , , 
4684,3318.0,3425.0,inorganic pyrophosphatase,kegg:C00013 + kegg:C00001 = 2 kegg:C00009,CHB_15377 + CHB_18361 = 2 CHB_26078,pyrophosphate(aq) + H2O(l) = 2 orthophosphate(aq), ,84DEM, , ,313.15,7.8,830.0, ,radioactivity, ,"2.0 = -log[Mg+2] _ mol/L;Tris-HCl=0.1;orthophosphate=0.012;(Mg)1(Cl)2=0.01;pyrophosphate=0 _ MgCl2 (0.01 mol/L), orthophosphate (0.012 mol/L) _ ",3.6.1.1, , , , , 
4685,3319.0,3426.0,inorganic pyrophosphatase,kegg:C00013 + kegg:C00001 = 2 kegg:C00009,CHB_15377 + CHB_18361 = 2 CHB_26078,pyrophosphate(aq) + H2O(l) = 2 orthophosphate(aq), ,84DEM, , ,313.15,7.8,830.0, ,radioactivity, ,"2.0 = -log[Mg+2] _ mol/L;Tris-HCl=0.1;orthophosphate=0.012;(Mg)1(Cl)2=0.01;pyrophosphate=0 _ MgCl2 (0.01 mol/L), orthophosphate (0.012 mol/L) _ ",3.6.1.1, , , , , 
4686,3315.0,3427.0,inorganic pyrophosphatase,kegg:C00013 + kegg:C00001 = 2 kegg:C00009,CHB_15377 + CHB_18361 = 2 CHB_26078,pyrophosphate(aq) + H2O(l) = 2 orthophosphate(aq), ,84DEM, , ,299.15,7.8,420.0, ,radioactivity, ,"2.0 = -log[Mg+2] _ mol/L;Tris-HCl=0.1;orthophosphate=0.012;(Mg)1(Cl)2=0.01;pyrophosphate=0 _ MgCl2 (0.01 mol/L), orthophosphate (0.012 mol/L) _ ",3.6.1.1, , , , , 
4687,3312.0,3428.0,inorganic pyrophosphatase,kegg:C00013 + kegg:C00001 = 2 kegg:C00009,CHB_15377 + CHB_18361 = 2 CHB_26078,pyrophosphate(aq) + H2O(l) = 2 orthophosphate(aq), ,84DEM, , ,313.15,7.8,320.0, ,radioactivity, ,"1.6 = -log[Mg+2] _ mol/L;Tris-HCl=0.1;orthophosphate=0.012;(Mg)1(Cl)2=0.025;pyrophosphate=0 _ MgCl2 (0.025 mol/L), orthophosphate (0.012 mol/L) _ ",3.6.1.1, , , , , 
4688,3307.0,3429.0,inorganic pyrophosphatase,kegg:C00013 + kegg:C00001 = 2 kegg:C00009,CHB_15377 + CHB_18361 = 2 CHB_26078,pyrophosphate(aq) + H2O(l) = 2 orthophosphate(aq), ,84DEM, , ,308.15,7.8,230.0, ,radioactivity, ,"1.6 = -log[Mg+2] _ mol/L;Tris-HCl=0.1;orthophosphate=0.012;(Mg)1(Cl)2=0.05;pyrophosphate=0 _ MgCl2 (0.05 mol/L), orthophosphate (0.012 mol/L) _ ",3.6.1.1, , , , , 
4689,3310.0,3430.0,inorganic pyrophosphatase,kegg:C00013 + kegg:C00001 = 2 kegg:C00009,CHB_15377 + CHB_18361 = 2 CHB_26078,pyrophosphate(aq) + H2O(l) = 2 orthophosphate(aq), ,84DEM, , ,302.15,7.8,210.0, ,radioactivity, ,"1.6 = -log[Mg+2] _ mol/L;Tris-HCl=0.1;orthophosphate=0.012;(Mg)1(Cl)2=0.025;pyrophosphate=0 _ MgCl2 (0.025 mol/L), orthophosphate (0.012 mol/L) _ ",3.6.1.1, , , , , 
4690,3309.0,3431.0,inorganic pyrophosphatase,kegg:C00013 + kegg:C00001 = 2 kegg:C00009,CHB_15377 + CHB_18361 = 2 CHB_26078,pyrophosphate(aq) + H2O(l) = 2 orthophosphate(aq), ,84DEM, , ,299.15,7.8,160.0, ,radioactivity, ,"1.6 = -log[Mg+2] _ mol/L;Tris-HCl=0.1;orthophosphate=0.012;(Mg)1(Cl)2=0.025;pyrophosphate=0 _ MgCl2 (0.025 mol/L), orthophosphate (0.012 mol/L) _ ",3.6.1.1, , , , , 
4691,3308.0,3432.0,inorganic pyrophosphatase,kegg:C00013 + kegg:C00001 = 2 kegg:C00009,CHB_15377 + CHB_18361 = 2 CHB_26078,pyrophosphate(aq) + H2O(l) = 2 orthophosphate(aq), ,84DEM, , ,293.15,7.8,130.0, ,radioactivity, ,"1.6 = -log[Mg+2] _ mol/L;Tris-HCl=0.1;orthophosphate=0.012;(Mg)1(Cl)2=0.025;pyrophosphate=0 _ MgCl2 (0.025 mol/L), orthophosphate (0.012 mol/L) _ ",3.6.1.1, , , , , 
4692,3305.0,3433.0,inorganic pyrophosphatase,kegg:C00013 + kegg:C00001 = 2 kegg:C00009,CHB_15377 + CHB_18361 = 2 CHB_26078,pyrophosphate(aq) + H2O(l) = 2 orthophosphate(aq), ,84DEM, , ,302.15,7.8,140.0, ,radioactivity, ,"1.3 = -log[Mg+2] _ mol/L;Tris-HCl=0.1;orthophosphate=0.012;(Mg)1(Cl)2=0.05;pyrophosphate=0 _ MgCl2 (0.05 mol/L), orthophosphate (0.012 mol/L) _ ",3.6.1.1, , , , , 
4693,3303.0,3434.0,inorganic pyrophosphatase,kegg:C00013 + kegg:C00001 = 2 kegg:C00009,CHB_15377 + CHB_18361 = 2 CHB_26078,pyrophosphate(aq) + H2O(l) = 2 orthophosphate(aq), ,84DEM, , ,293.15,7.8,82.0, ,radioactivity, ,"1.3 = -log[Mg+2] _ mol/L;Tris-HCl=0.1;orthophosphate=0.012;(Mg)1(Cl)2=0.05;pyrophosphate=0 _ MgCl2 (0.05 mol/L), orthophosphate (0.012 mol/L) _ ",3.6.1.1, , , , , 
4694,3302.0,3435.0,inorganic pyrophosphatase,kegg:C00013 + kegg:C00001 = 2 kegg:C00009,CHB_15377 + CHB_18361 = 2 CHB_26078,pyrophosphate(aq) + H2O(l) = 2 orthophosphate(aq), ,84DEM, , ,308.15,7.8,160.0, ,radioactivity, ,"1.0 = -log[Mg+2] _ mol/L;Tris-HCl=0.1;orthophosphate=0.012;(Mg)1(Cl)2=0.1;pyrophosphate=0 _ MgCl2 (0.1 mol/L), orthophosphate (0.012 mol/L) _ ",3.6.1.1, , , , , 
4695,3301.0,3436.0,inorganic pyrophosphatase,kegg:C00013 + kegg:C00001 = 2 kegg:C00009,CHB_15377 + CHB_18361 = 2 CHB_26078,pyrophosphate(aq) + H2O(l) = 2 orthophosphate(aq), ,84DEM, , ,302.15,7.8,110.0, ,radioactivity, ,"1.0 = -log[Mg+2] _ mol/L;Tris-HCl=0.1;orthophosphate=0.012;(Mg)1(Cl)2=0.1;pyrophosphate=0 _ MgCl2 (0.1 mol/L), orthophosphate (0.012 mol/L) _ ",3.6.1.1, , , , , 
4696,3300.0,3437.0,inorganic pyrophosphatase,kegg:C00013 + kegg:C00001 = 2 kegg:C00009,CHB_15377 + CHB_18361 = 2 CHB_26078,pyrophosphate(aq) + H2O(l) = 2 orthophosphate(aq), ,84DEM, , ,299.15,7.8,100.0, ,radioactivity, ,"1.0 = -log[Mg+2] _ mol/L;Tris-HCl=0.1;orthophosphate=0.012;(Mg)1(Cl)2=0.1;pyrophosphate=0 _ MgCl2 (0.1 mol/L), orthophosphate (0.012 mol/L) _ ",3.6.1.1, , , , , 
4697,3299.0,3438.0,inorganic pyrophosphatase,kegg:C00013 + kegg:C00001 = 2 kegg:C00009,CHB_15377 + CHB_18361 = 2 CHB_26078,pyrophosphate(aq) + H2O(l) = 2 orthophosphate(aq), ,84DEM, , ,293.15,7.8,81.0, ,radioactivity, ,"1.0 = -log[Mg+2] _ mol/L;Tris-HCl=0.1;orthophosphate=0.012;(Mg)1(Cl)2=0.1;pyrophosphate=0 _ MgCl2 (0.1 mol/L), orthophosphate (0.012 mol/L) _ ",3.6.1.1, , , , , 
4698,3261.0,3439.0,inorganic pyrophosphatase,kegg:C00013 + kegg:C00001 = 2 kegg:C00009,CHB_15377 + CHB_18361 = 2 CHB_26078,pyrophosphate(aq) + H2O(l) = 2 orthophosphate(aq), ,84DEM, , ,308.15,7.8,270.0, ,radioactivity, ,"2.7 = -log[Mg+2] _ mol/L;Tris-HCl=0.05;orthophosphate=0.001;(Mg)1(Cl)2=0.002;pyrophosphate=0 _ MgCl2 (0.002 mol/L), orthophosphate (0.001 mol/L) _ ",3.6.1.1, , , , , 
4699,3259.0,3440.0,inorganic pyrophosphatase,kegg:C00013 + kegg:C00001 = 2 kegg:C00009,CHB_15377 + CHB_18361 = 2 CHB_26078,pyrophosphate(aq) + H2O(l) = 2 orthophosphate(aq), ,84DEM, , ,308.15,7.8,970.0, ,radioactivity, ,"2.22 = -log[Mg+2] _ mol/L;Tris-HCl=0.05;orthophosphate=0.001;(Mg)1(Cl)2=0.006;pyrophosphate=0 _ MgCl2 (0.006 mol/L), orthophosphate (0.001 mol/L) _ ",3.6.1.1, , , , , 
4700,3258.0,3441.0,inorganic pyrophosphatase,kegg:C00013 + kegg:C00001 = 2 kegg:C00009,CHB_15377 + CHB_18361 = 2 CHB_26078,pyrophosphate(aq) + H2O(l) = 2 orthophosphate(aq), ,84DEM, , ,308.15,7.8,71.0, ,radioactivity, ,"2.1 = -log[Mg+2] _ mol/L;Tris-HCl=0.05;orthophosphate=0.001;(Mg)1(Cl)2=0.008;pyrophosphate=0 _ MgCl2 (0.008 mol/L), orthophosphate (0.001 mol/L) _ ",3.6.1.1, , , , , 
4701,3257.0,3442.0,inorganic pyrophosphatase,kegg:C00013 + kegg:C00001 = 2 kegg:C00009,CHB_15377 + CHB_18361 = 2 CHB_26078,pyrophosphate(aq) + H2O(l) = 2 orthophosphate(aq), ,84DEM, , ,308.15,7.8,72.0, ,radioactivity, ,"2.0 = -log[Mg+2] _ mol/L;Tris-HCl=0.05;orthophosphate=0.001;(Mg)1(Cl)2=0.01;pyrophosphate=0 _ MgCl2 (0.01 mol/L), orthophosphate (0.001 mol/L) _ ",3.6.1.1, , , , , 
4702,3269.0,3443.0,inorganic pyrophosphatase,kegg:C00013 + kegg:C00001 = 2 kegg:C00009,CHB_15377 + CHB_18361 = 2 CHB_26078,pyrophosphate(aq) + H2O(l) = 2 orthophosphate(aq), ,84DEM, , ,308.15,7.8,170.0, ,radioactivity, ,"2.4 = -log[Mg+2] _ mol/L;Tris-HCl=0.05;orthophosphate=0.002;(Mg)1(Cl)2=0.004;pyrophosphate=0 _ MgCl2 (0.004 mol/L), orthophosphate (0.002 mol/L) _ ",3.6.1.1, , , , , 
4703,3276.0,3444.0,inorganic pyrophosphatase,kegg:C00013 + kegg:C00001 = 2 kegg:C00009,CHB_15377 + CHB_18361 = 2 CHB_26078,pyrophosphate(aq) + H2O(l) = 2 orthophosphate(aq), ,84DEM, , ,308.15,7.8,110.0, ,radioactivity, ,"2.22 = -log[Mg+2] _ mol/L;Tris-HCl=0.05;orthophosphate=0.004;(Mg)1(Cl)2=0.02;pyrophosphate=0 _ MgCl2 (0.02 mol/L), orthophosphate (0.004 mol/L) _ ",3.6.1.1, , , , , 
4704,3265.0,3445.0,inorganic pyrophosphatase,kegg:C00013 + kegg:C00001 = 2 kegg:C00009,CHB_15377 + CHB_18361 = 2 CHB_26078,pyrophosphate(aq) + H2O(l) = 2 orthophosphate(aq), ,84DEM, , ,308.15,7.8,97.0, ,radioactivity, ,"1.1 = -log[Mg+2] _ mol/L;Tris-HCl=0.05;orthophosphate=0.002;(Mg)1(Cl)2=0.08;pyrophosphate=0 _ MgCl2 (0.08 mol/L), orthophosphate (0.002 mol/L) _ ",3.6.1.1, , , , , 
4705,3267.0,3446.0,inorganic pyrophosphatase,kegg:C00013 + kegg:C00001 = 2 kegg:C00009,CHB_15377 + CHB_18361 = 2 CHB_26078,pyrophosphate(aq) + H2O(l) = 2 orthophosphate(aq), ,84DEM, , ,308.15,7.8,82.0, ,radioactivity, ,"2.0 = -log[Mg+2] _ mol/L;Tris-HCl=0.05;orthophosphate=0.002;(Mg)1(Cl)2=0.01;pyrophosphate=0 _ MgCl2 (0.01 mol/L), orthophosphate (0.002 mol/L) _ ",3.6.1.1, , , , , 
4706,3281.0,3447.0,inorganic pyrophosphatase,kegg:C00013 + kegg:C00001 = 2 kegg:C00009,CHB_15377 + CHB_18361 = 2 CHB_26078,pyrophosphate(aq) + H2O(l) = 2 orthophosphate(aq), ,84DEM, , ,308.15,7.8,372.0, ,radioactivity, ,"2.4 = -log[Mg+2] _ mol/L;Tris-HCl=0.05;orthophosphate=0.004;(Mg)1(Cl)2=0.004;pyrophosphate=0 _ MgCl2 (0.004 mol/L), orthophosphate (0.004 mol/L) _ ",3.6.1.1, , , , , 
4707,3290.0,3448.0,inorganic pyrophosphatase,kegg:C00013 + kegg:C00001 = 2 kegg:C00009,CHB_15377 + CHB_18361 = 2 CHB_26078,pyrophosphate(aq) + H2O(l) = 2 orthophosphate(aq), ,84DEM, , ,308.15,7.0,270.0, ,radioactivity, ,"2.0 = -log[Mg+2] _ mol/L;imidazole=0.05;orthophosphate=0.004;(Mg)1(Cl)2=0.01;pyrophosphate=0 _ MgCl2 (0.01 mol/L), orthophosphate (0.004 mol/L) _ ",3.6.1.1, , , , , 
4708,3291.0,3449.0,inorganic pyrophosphatase,kegg:C00013 + kegg:C00001 = 2 kegg:C00009,CHB_15377 + CHB_18361 = 2 CHB_26078,pyrophosphate(aq) + H2O(l) = 2 orthophosphate(aq), ,84DEM, , ,308.15,7.0,280.0, ,radioactivity, ,"2.0 = -log[Mg+2] _ mol/L;imidazole=0.05;orthophosphate=0.004;(Mg)1(Cl)2=0.01;pyrophosphate=0 _ MgCl2 (0.01 mol/L), orthophosphate (0.004 mol/L) _ ",3.6.1.1, , , , , 
4709,3275.0,3450.0,inorganic pyrophosphatase,kegg:C00013 + kegg:C00001 = 2 kegg:C00009,CHB_15377 + CHB_18361 = 2 CHB_26078,pyrophosphate(aq) + H2O(l) = 2 orthophosphate(aq), ,84DEM, , ,308.15,7.8,82.0, ,radioactivity, ,"1.4 = -log[Mg+2] _ mol/L;Tris-HCl=0.05;orthophosphate=0.004;(Mg)1(Cl)2=0.04;pyrophosphate=0 _ MgCl2 (0.04 mol/L), orthophosphate (0.004 mol/L) _ ",3.6.1.1, , , , , 
4710,3328.0,3451.0,inorganic pyrophosphatase,kegg:C00013 + kegg:C00001 = 2 kegg:C00009,CHB_15377 + CHB_18361 = 2 CHB_26078,pyrophosphate(aq) + H2O(l) = 2 orthophosphate(aq), ,84DEM, , ,308.15,7.0,89.0, ,radioactivity, ,"1.0 = -log[Mg+2] _ mol/L;imidazole=0.05;orthophosphate=0.0012;(Mg)1(Cl)2=0.1;pyrophosphate=0 _ MgCl2 (0.1 mol/L), orthophosphate (0.012 mol/L) _ ",3.6.1.1, , , , , 
4711,3306.0,3452.0,inorganic pyrophosphatase,kegg:C00013 + kegg:C00001 = 2 kegg:C00009,CHB_15377 + CHB_18361 = 2 CHB_26078,pyrophosphate(aq) + H2O(l) = 2 orthophosphate(aq), ,84DEM, , ,308.15,7.8,170.0, ,radioactivity, ,"1.3 = -log[Mg+2] _ mol/L;Tris-HCl=0.1;orthophosphate=0.012;(Mg)1(Cl)2=0.05;pyrophosphate=0 _ MgCl2 (0.05 mol/L), orthophosphate (0.012 mol/L) _ ",3.6.1.1, , , , , 
4712,3277.0,3453.0,inorganic pyrophosphatase,kegg:C00013 + kegg:C00001 = 2 kegg:C00009,CHB_15377 + CHB_18361 = 2 CHB_26078,pyrophosphate(aq) + H2O(l) = 2 orthophosphate(aq), ,84DEM, , ,308.15,8.93,130.0, ,radioactivity, ,"2.0 = -log[Mg+2] _ mol/L;Tris-HCl=0.05;orthophosphate=0.004;(Mg)1(Cl)2=0.01;pyrophosphate=0 _ MgCl2 (0.01 mol/L), orthophosphate (0.004 mol/L) _ ",3.6.1.1, , , , , 
4713,3287.0,3454.0,inorganic pyrophosphatase,kegg:C00013 + kegg:C00001 = 2 kegg:C00009,CHB_15377 + CHB_18361 = 2 CHB_26078,pyrophosphate(aq) + H2O(l) = 2 orthophosphate(aq), ,84DEM, , ,308.15,7.0,98.0, ,radioactivity, ,"1.4 = -log[Mg+2] _ mol/L;imidazole=0.05;orthophosphate=0.004;(Mg)1(Cl)2=0.04;pyrophosphate=0 _ MgCl2 (0.04 mol/L), orthophosphate (0.004 mol/L) _ ",3.6.1.1, , , , , 
4714,3335.0,3455.0,inorganic pyrophosphatase,kegg:C00013 + kegg:C00001 = 2 kegg:C00009,CHB_15377 + CHB_18361 = 2 CHB_26078,pyrophosphate(aq) + H2O(l) = 2 orthophosphate(aq), ,84DEM, , ,308.15,6.2,2600.0, ,radioactivity, ,"2.0 = -log[Mg+2] _ mol/L;imidazole=0.05;orthophosphate=0.0012;(Mg)1(Cl)2=0.01;pyrophosphate=0 _ MgCl2 (0.01 mol/L), orthophosphate (0.012 mol/L) _ ",3.6.1.1, , , , , 
4715,3326.0,3456.0,inorganic pyrophosphatase,kegg:C00013 + kegg:C00001 = 2 kegg:C00009,CHB_15377 + CHB_18361 = 2 CHB_26078,pyrophosphate(aq) + H2O(l) = 2 orthophosphate(aq), ,84DEM, , ,308.15,7.8,1000.0, ,radioactivity, ,"2.4 = -log[Mg+2] _ mol/L;Tris-HCl=0.05;orthophosphate=0.012;(Mg)1(Cl)2=0.004;pyrophosphate=0 _ MgCl2 (0.004 mol/L), orthophosphate (0.012 mol/L) _ ",3.6.1.1, , , , , 
4716,3313.0,3457.0,inorganic pyrophosphatase,kegg:C00013 + kegg:C00001 = 2 kegg:C00009,CHB_15377 + CHB_18361 = 2 CHB_26078,pyrophosphate(aq) + H2O(l) = 2 orthophosphate(aq), ,84DEM, , ,293.15,7.8,280.0, ,radioactivity, ,"2.0 = -log[Mg+2] _ mol/L;Tris-HCl=0.1;orthophosphate=0.012;(Mg)1(Cl)2=0.01;pyrophosphate=0 _ MgCl2 (0.01 mol/L), orthophosphate (0.012 mol/L) _ ",3.6.1.1, , , , , 
4717,3314.0,3458.0,inorganic pyrophosphatase,kegg:C00013 + kegg:C00001 = 2 kegg:C00009,CHB_15377 + CHB_18361 = 2 CHB_26078,pyrophosphate(aq) + H2O(l) = 2 orthophosphate(aq), ,84DEM, , ,293.15,7.8,280.0, ,radioactivity, ,"2.0 = -log[Mg+2] _ mol/L;Tris-HCl=0.1;orthophosphate=0.012;(Mg)1(Cl)2=0.01;pyrophosphate=0 _ MgCl2 (0.01 mol/L), orthophosphate (0.012 mol/L) _ ",3.6.1.1, , , , , 
4718,3260.0,3459.0,inorganic pyrophosphatase,kegg:C00013 + kegg:C00001 = 2 kegg:C00009,CHB_15377 + CHB_18361 = 2 CHB_26078,pyrophosphate(aq) + H2O(l) = 2 orthophosphate(aq), ,84DEM, , ,308.15,7.8,130.0, ,radioactivity, ,"2.4 = -log[Mg+2] _ mol/L;Tris-HCl=0.05;orthophosphate=0.001;(Mg)1(Cl)2=0.004;pyrophosphate=0 _ MgCl2 (0.004 mol/L), orthophosphate (0.001 mol/L) _ ",3.6.1.1, , , , , 
4719,3262.0,3460.0,inorganic pyrophosphatase,kegg:C00013 + kegg:C00001 = 2 kegg:C00009,CHB_15377 + CHB_18361 = 2 CHB_26078,pyrophosphate(aq) + H2O(l) = 2 orthophosphate(aq), ,84DEM, , ,308.15,7.8,350.0, ,radioactivity, ,"3.0 = -log[Mg+2] _ mol/L;Tris-HCl=0.05;orthophosphate=0.001;(Mg)1(Cl)2=0.001;pyrophosphate=0 _ MgCl2 (0.001 mol/L), orthophosphate (0.001 mol/L) _ ",3.6.1.1, , , , , 
4720,3266.0,3461.0,inorganic pyrophosphatase,kegg:C00013 + kegg:C00001 = 2 kegg:C00009,CHB_15377 + CHB_18361 = 2 CHB_26078,pyrophosphate(aq) + H2O(l) = 2 orthophosphate(aq), ,84DEM, , ,308.15,7.8,72.0, ,radioactivity, ,"2.0 = -log[Mg+2] _ mol/L;Tris-HCl=0.05;orthophosphate=0.002;(Mg)1(Cl)2=0.01;pyrophosphate=0 _ MgCl2 (0.01 mol/L), orthophosphate (0.002 mol/L) _ ",3.6.1.1, , , , , 
4721,3292.0,3462.0,inorganic pyrophosphatase,kegg:C00013 + kegg:C00001 = 2 kegg:C00009,CHB_15377 + CHB_18361 = 2 CHB_26078,pyrophosphate(aq) + H2O(l) = 2 orthophosphate(aq), ,84DEM, , ,308.15,6.42,570.0, ,radioactivity, ,"2.0 = -log[Mg+2] _ mol/L;imidazole=0.05;orthophosphate=0.004;(Mg)1(Cl)2=0.01;pyrophosphate=0 _ MgCl2 (0.01 mol/L), orthophosphate (0.004 mol/L) _ ",3.6.1.1, , , , , 
4722,3295.0,3463.0,inorganic pyrophosphatase,kegg:C00013 + kegg:C00001 = 2 kegg:C00009,CHB_15377 + CHB_18361 = 2 CHB_26078,pyrophosphate(aq) + H2O(l) = 2 orthophosphate(aq), ,84DEM, , ,308.15,7.0,690.0, ,radioactivity, ,"2.4 = -log[Mg+2] _ mol/L;imidazole=0.05;orthophosphate=0.004;(Mg)1(Cl)2=0.004;pyrophosphate=0 _ MgCl2 (0.004 mol/L), orthophosphate (0.004 mol/L) _ ",3.6.1.1, , , , , 
4723,3321.0,3464.0,inorganic pyrophosphatase,kegg:C00013 + kegg:C00001 = 2 kegg:C00009,CHB_15377 + CHB_18361 = 2 CHB_26078,pyrophosphate(aq) + H2O(l) = 2 orthophosphate(aq), ,84DEM, , ,308.15,7.8,110.0, ,radioactivity, ,"1.7 = -log[Mg+2] _ mol/L;Tris-HCl=0.05;orthophosphate=0.012;(Mg)1(Cl)2=0.05;pyrophosphate=0 _ MgCl2 (0.05 mol/L), orthophosphate (0.012 mol/L) _ ",3.6.1.1, , , , , 
4724,3330.0,3465.0,inorganic pyrophosphatase,kegg:C00013 + kegg:C00001 = 2 kegg:C00009,CHB_15377 + CHB_18361 = 2 CHB_26078,pyrophosphate(aq) + H2O(l) = 2 orthophosphate(aq), ,84DEM, , ,308.15,7.0,190.0, ,radioactivity, ,"1.3 = -log[Mg+2] _ mol/L;imidazole=0.05;orthophosphate=0.0012;(Mg)1(Cl)2=0.05;pyrophosphate=0 _ MgCl2 (0.05 mol/L), orthophosphate (0.012 mol/L) _ ",3.6.1.1, , , , , 
4725,3317.0,3466.0,inorganic pyrophosphatase,kegg:C00013 + kegg:C00001 = 2 kegg:C00009,CHB_15377 + CHB_18361 = 2 CHB_26078,pyrophosphate(aq) + H2O(l) = 2 orthophosphate(aq), ,84DEM, , ,308.15,7.8,660.0, ,radioactivity, ,"2.0 = -log[Mg+2] _ mol/L;Tris-HCl=0.1;orthophosphate=0.012;(Mg)1(Cl)2=0.01;pyrophosphate=0 _ MgCl2 (0.01 mol/L), orthophosphate (0.012 mol/L) _ ",3.6.1.1, , , , , 
4726,3311.0,3467.0,inorganic pyrophosphatase,kegg:C00013 + kegg:C00001 = 2 kegg:C00009,CHB_15377 + CHB_18361 = 2 CHB_26078,pyrophosphate(aq) + H2O(l) = 2 orthophosphate(aq), ,84DEM, , ,313.15,7.8,230.0, ,radioactivity, ,"1.3 = -log[Mg+2] _ mol/L;Tris-HCl=0.1;orthophosphate=0.012;(Mg)1(Cl)2=0.025;pyrophosphate=0 _ MgCl2 (0.025 mol/L), orthophosphate (0.012 mol/L) _ ",3.6.1.1, , , , , 
4727,3264.0,3468.0,inorganic pyrophosphatase,kegg:C00013 + kegg:C00001 = 2 kegg:C00009,CHB_15377 + CHB_18361 = 2 CHB_26078,pyrophosphate(aq) + H2O(l) = 2 orthophosphate(aq), ,84DEM, , ,308.15,7.8,540.0, ,radioactivity, ,"3.3 = -log[Mg+2] _ mol/L;Tris-HCl=0.05;orthophosphate=0.001;(Mg)1(Cl)2=0.0005;pyrophosphate=0 _ MgCl2 (0.0005 mol/L), orthophosphate (0.001 mol/L) _ ",3.6.1.1, , , , , 
4728,3273.0,3469.0,inorganic pyrophosphatase,kegg:C00013 + kegg:C00001 = 2 kegg:C00009,CHB_15377 + CHB_18361 = 2 CHB_26078,pyrophosphate(aq) + H2O(l) = 2 orthophosphate(aq), ,84DEM, , ,308.15,7.8,900.0, ,radioactivity, ,"3.3 = -log[Mg+2] _ mol/L;Tris-HCl=0.05;orthophosphate=0.002;(Mg)1(Cl)2=0.0005;pyrophosphate=0 _ MgCl2 (0.0005 mol/L), orthophosphate (0.002 mol/L) _ ",3.6.1.1, , , , , 
4729,3316.0,3470.0,inorganic pyrophosphatase,kegg:C00013 + kegg:C00001 = 2 kegg:C00009,CHB_15377 + CHB_18361 = 2 CHB_26078,pyrophosphate(aq) + H2O(l) = 2 orthophosphate(aq), ,84DEM, , ,302.15,7.8,490.0, ,radioactivity, ,"2.0 = -log[Mg+2] _ mol/L;Tris-HCl=0.1;orthophosphate=0.012;(Mg)1(Cl)2=0.01;pyrophosphate=0 _ MgCl2 (0.01 mol/L), orthophosphate (0.012 mol/L) _ ",3.6.1.1, , , , , 
4730,3304.0,3471.0,inorganic pyrophosphatase,kegg:C00013 + kegg:C00001 = 2 kegg:C00009,CHB_15377 + CHB_18361 = 2 CHB_26078,pyrophosphate(aq) + H2O(l) = 2 orthophosphate(aq), ,84DEM, , ,299.15,7.8,110.0, ,radioactivity, ,"1.3 = -log[Mg+2] _ mol/L;Tris-HCl=0.1;orthophosphate=0.012;(Mg)1(Cl)2=0.05;pyrophosphate=0 _ MgCl2 (0.05 mol/L), orthophosphate (0.012 mol/L) _ ",3.6.1.1, , , , , 
4731,3323.0,3472.0,inorganic pyrophosphatase,kegg:C00013 + kegg:C00001 = 2 kegg:C00009,CHB_15377 + CHB_18361 = 2 CHB_26078,pyrophosphate(aq) + H2O(l) = 2 orthophosphate(aq), ,84DEM, , ,308.15,7.8,400.0, ,radioactivity, ,"2.4 = -log[Mg+2] _ mol/L;Tris-HCl=0.05;orthophosphate=0.012;(Mg)1(Cl)2=0.012;pyrophosphate=0 _ MgCl2 (0.012 mol/L), orthophosphate (0.012 mol/L) _ ",3.6.1.1, , , , , 
4732,3272.0,3473.0,inorganic pyrophosphatase,kegg:C00013 + kegg:C00001 = 2 kegg:C00009,CHB_15377 + CHB_18361 = 2 CHB_26078,pyrophosphate(aq) + H2O(l) = 2 orthophosphate(aq), ,84DEM, , ,308.15,7.8,530.0, ,radioactivity, ,"3.0 = -log[Mg+2] _ mol/L;Tris-HCl=0.05;orthophosphate=0.002;(Mg)1(Cl)2=0.001;pyrophosphate=0 _ MgCl2 (0.001 mol/L), orthophosphate (0.002 mol/L) _ ",3.6.1.1, , , , , 
4733,2558.0,3474.0,sulfate adenylyltransferase,kegg:C00002 + kegg:C00059 = kegg:C00013 + kegg:C00224,CHB_15422 + CHB_16189 = CHB_17709 + CHB_18361,ATP(aq) + sulfate(aq) = pyrophosphate(aq) + adenylylsulfate(aq), ,76FAR/CRY, , ,303.15,8.0,2.5e-09, ,radioactivity, ,mol/L;Tris-HCl=0.08;(Mg)1(Cl)2=0.008  ,2.7.7.4, , , , , 
4734,,3487.0,CO-methylating acetyl-CoA synthase,kegg:C00024 + kegg:C06021 = kegg:C00237 + kegg:C06020 + kegg:C00010, ,acetyl-CoA(aq) + corrinoid protein(aq) = carbon monoxide(aq) + methylcorrinoid protein(aq) + CoA(aq), ,06TAN/SUR, , ,298.15,8.0,5e-05, ,chromatography, , ,2.3.1.169, , , , , 
4735,4186.0,3489.0,"glucan 1,4--glucosidase",kegg:C05402 + kegg:C00001 = kegg:C00124 + kegg:C00031,CHB_15377 + CHB_61827 = CHB_4139 + CHB_4167,#NAME, ,97PES/PRI, , ,318.15,4.5,40.0, ,GC + MS, ,mol/L;acetate buffer=0.05  ,3.2.1.3, , , , , 
4736,4185.0,3490.0,"glucan 1,4--glucosidase",kegg:C05402 + kegg:C00001 = kegg:C00124 + kegg:C00031,CHB_15377 + CHB_28053 = CHB_4139 + CHB_4167,#NAME, ,97PES/PRI, , ,318.15,4.5,53.0, ,GC + MS, ,mol/L;acetate buffer=0.05  ,3.2.1.3, , , , , 
4737,,3496.0,"glucan 1,4--glucosidase",kegg:C00252 + kegg:C00001 = 2 kegg:C00031, ,-isomaltose(aq) + H2O(l) = 2 D-glucose(aq), ,97PES/PRI, , ,318.15,4.5,81.0, ,GC + MS, , ,3.2.1.3, , , , , 
4738,3514.0,3521.0,inorganic pyrophosphatase,kegg:C00013 + kegg:C00001 = 2 kegg:C00009,CHB_15377 + CHB_18361 = 2 CHB_26078,pyrophosphate(aq) + H2O(l) = 2 orthophosphate(aq), ,86DAL/REN, , ,303.15,7.3,980.0, ,spectrophotometry, ,"2.3 = -log[Mg+2] _ mol/L;Tris-HCl=0.05;MES=0.05;orthophosphate=0.005;(Mg)1(Cl)2=0.005;pyrophosphate=0 _ orthophosphate (0.005 mol/L), MgCl2 (0.005 mol/L) _ ",3.6.1.1, , , , , 
4739,3538.0,3522.0,inorganic pyrophosphatase,kegg:C00013 + kegg:C00001 = 2 kegg:C00009,CHB_15377 + CHB_18361 = 2 CHB_26078,pyrophosphate(aq) + H2O(l) = 2 orthophosphate(aq), ,86DAL/REN, , ,303.15,8.0,1280.0, ,spectrophotometry, ,"3.0 = -log[Mg+2] _ mol/L;Tris-HCl=0.05;orthophosphate=0.0025;(Mg)1(Cl)2=0.001;pyrophosphate=0 _ orthophosphate (0.0025 mol/L), MgCl2 (0.001 mol/L) _ ",3.6.1.1, , , , , 
4740,3529.0,3523.0,inorganic pyrophosphatase,kegg:C00013 + kegg:C00001 = 2 kegg:C00009,CHB_15377 + CHB_18361 = 2 CHB_26078,pyrophosphate(aq) + H2O(l) = 2 orthophosphate(aq), ,86DAL/REN, , ,303.15,8.0,300.0, ,spectrophotometry, ,"2.3 = -log[Mg+2] _ mol/L;Tris-HCl=0.05;orthophosphate=0.0025;(Mg)1(Cl)2=0.005;pyrophosphate=0 _ orthophosphate (0.0025 mol/L), MgCl2 (0.005 mol/L) _ ",3.6.1.1, , , , , 
4741,3521.0,3524.0,inorganic pyrophosphatase,kegg:C00013 + kegg:C00001 = 2 kegg:C00009,CHB_15377 + CHB_18361 = 2 CHB_26078,pyrophosphate(aq) + H2O(l) = 2 orthophosphate(aq), ,86DAL/REN, , ,303.15,8.0,152.0, ,spectrophotometry, ,"1.96 = -log[Mg+2] _ mol/L;Tris-HCl=0.05;orthophosphate=0.0025;(Mg)1(Cl)2=0.011;pyrophosphate=0 _ orthophosphate (0.0025 mol/L), MgCl2 (0.011 mol/L) _ ",3.6.1.1, , , , , 
4742,3535.0,3525.0,inorganic pyrophosphatase,kegg:C00013 + kegg:C00001 = 2 kegg:C00009,CHB_15377 + CHB_18361 = 2 CHB_26078,pyrophosphate(aq) + H2O(l) = 2 orthophosphate(aq), ,86DAL/REN, , ,303.15,8.0,650.0, ,spectrophotometry, ,"2.6 = -log[Mg+2] _ mol/L;Tris-HCl=0.05;orthophosphate=0.005;(Mg)1(Cl)2=0.0025;pyrophosphate=0 _ orthophosphate (0.005 mol/L), MgCl2 (0.0025 mol/L) _ ",3.6.1.1, , , , , 
4743,3528.0,3526.0,inorganic pyrophosphatase,kegg:C00013 + kegg:C00001 = 2 kegg:C00009,CHB_15377 + CHB_18361 = 2 CHB_26078,pyrophosphate(aq) + H2O(l) = 2 orthophosphate(aq), ,86DAL/REN, , ,303.15,8.0,330.0, ,spectrophotometry, ,"2.3 = -log[Mg+2] _ mol/L;Tris-HCl=0.05;orthophosphate=0.01;(Mg)1(Cl)2=0.0075;pyrophosphate=0 _ orthophosphate (0.01 mol/L), MgCl2 (0.0075 mol/L) _ ",3.6.1.1, , , , , 
4744,3522.0,3527.0,inorganic pyrophosphatase,kegg:C00013 + kegg:C00001 = 2 kegg:C00009,CHB_15377 + CHB_18361 = 2 CHB_26078,pyrophosphate(aq) + H2O(l) = 2 orthophosphate(aq), ,86DAL/REN, , ,303.15,8.0,158.0, ,spectrophotometry, ,"1.96 = -log[Mg+2] _ mol/L;Tris-HCl=0.05;orthophosphate=0.005;(Mg)1(Cl)2=0.011;pyrophosphate=0 _ orthophosphate (0.005 mol/L), MgCl2 (0.011 mol/L) _ ",3.6.1.1, , , , , 
4745,3518.0,3528.0,inorganic pyrophosphatase,kegg:C00013 + kegg:C00001 = 2 kegg:C00009,CHB_15377 + CHB_18361 = 2 CHB_26078,pyrophosphate(aq) + H2O(l) = 2 orthophosphate(aq), ,86DAL/REN, , ,303.15,8.0,126.0, ,spectrophotometry, ,"1.82 = -log[Mg+2] _ mol/L;Tris-HCl=0.05;orthophosphate=0.005;(Mg)1(Cl)2=0.015;pyrophosphate=0 _ orthophosphate (0.005 mol/L), MgCl2 (0.015 mol/L) _ ",3.6.1.1, , , , , 
4746,3523.0,3529.0,inorganic pyrophosphatase,kegg:C00013 + kegg:C00001 = 2 kegg:C00009,CHB_15377 + CHB_18361 = 2 CHB_26078,pyrophosphate(aq) + H2O(l) = 2 orthophosphate(aq), ,86DAL/REN, , ,303.15,8.0,184.0, ,spectrophotometry, ,"1.96 = -log[Mg+2] _ mol/L;Tris-HCl=0.05;orthophosphate=0.0075;(Mg)1(Cl)2=0.011;pyrophosphate=0 _ orthophosphate (0.0075 mol/L), MgCl2 (0.011 mol/L) _ ",3.6.1.1, , , , , 
4747,3541.0,3530.0,inorganic pyrophosphatase,kegg:C00013 + kegg:C00001 = 2 kegg:C00009,CHB_15377 + CHB_18361 = 2 CHB_26078,pyrophosphate(aq) + H2O(l) = 2 orthophosphate(aq), ,86DAL/REN, , ,303.15,8.0,2820.0, ,spectrophotometry, ,"3.0 = -log[Mg+2] _ mol/L;Tris-HCl=0.05;orthophosphate=0.01;(Mg)1(Cl)2=0.001;pyrophosphate=0 _ orthophosphate (0.01 mol/L), MgCl2 (0.001 mol/L) _ ",3.6.1.1, , , , , 
4748,3537.0,3531.0,inorganic pyrophosphatase,kegg:C00013 + kegg:C00001 = 2 kegg:C00009,CHB_15377 + CHB_18361 = 2 CHB_26078,pyrophosphate(aq) + H2O(l) = 2 orthophosphate(aq), ,86DAL/REN, , ,303.15,8.0,1050.0, ,spectrophotometry, ,"2.6 = -log[Mg+2] _ mol/L;Tris-HCl=0.05;orthophosphate=0.01;(Mg)1(Cl)2=0.0025;pyrophosphate=0 _ orthophosphate (0.01 mol/L), MgCl2 (0.0025 mol/L) _ ",3.6.1.1, , , , , 
4749,3530.0,3532.0,inorganic pyrophosphatase,kegg:C00013 + kegg:C00001 = 2 kegg:C00009,CHB_15377 + CHB_18361 = 2 CHB_26078,pyrophosphate(aq) + H2O(l) = 2 orthophosphate(aq), ,86DAL/REN, , ,303.15,8.0,330.0, ,spectrophotometry, ,"2.12 = -log[Mg+2] _ mol/L;Tris-HCl=0.05;orthophosphate=0.005;(Mg)1(Cl)2=0.005;pyrophosphate=0 _ orthophosphate (0.005 mol/L), MgCl2 (0.005 mol/L) _ ",3.6.1.1, , , , , 
4750,3524.0,3533.0,inorganic pyrophosphatase,kegg:C00013 + kegg:C00001 = 2 kegg:C00009,CHB_15377 + CHB_18361 = 2 CHB_26078,pyrophosphate(aq) + H2O(l) = 2 orthophosphate(aq), ,86DAL/REN, , ,303.15,8.0,228.0, ,spectrophotometry, ,"1.96 = -log[Mg+2] _ mol/L;Tris-HCl=0.05;orthophosphate=0.01;(Mg)1(Cl)2=0.011;pyrophosphate=0 _ orthophosphate (0.01 mol/L), MgCl2 (0.011 mol/L) _ ",3.6.1.1, , , , , 
4751,3517.0,3534.0,inorganic pyrophosphatase,kegg:C00013 + kegg:C00001 = 2 kegg:C00009,CHB_15377 + CHB_18361 = 2 CHB_26078,pyrophosphate(aq) + H2O(l) = 2 orthophosphate(aq), ,86DAL/REN, , ,303.15,8.0,116.0, ,spectrophotometry, ,"1.82 = -log[Mg+2] _ mol/L;Tris-HCl=0.05;orthophosphate=0.0025;(Mg)1(Cl)2=0.015;pyrophosphate=0 _ orthophosphate (0.0025 mol/L), MgCl2 (0.015 mol/L) _ ",3.6.1.1, , , , , 
4752,3525.0,3535.0,inorganic pyrophosphatase,kegg:C00013 + kegg:C00001 = 2 kegg:C00009,CHB_15377 + CHB_18361 = 2 CHB_26078,pyrophosphate(aq) + H2O(l) = 2 orthophosphate(aq), ,86DAL/REN, , ,303.15,8.0,195.0, ,spectrophotometry, ,"2.12 = -log[Mg+2] _ mol/L;Tris-HCl=0.05;orthophosphate=0.0025;(Mg)1(Cl)2=0.0075;pyrophosphate=0 _ orthophosphate (0.0025 mol/L), MgCl2 (0.0075 mol/L) _ ",3.6.1.1, , , , , 
4753,3540.0,3536.0,inorganic pyrophosphatase,kegg:C00013 + kegg:C00001 = 2 kegg:C00009,CHB_15377 + CHB_18361 = 2 CHB_26078,pyrophosphate(aq) + H2O(l) = 2 orthophosphate(aq), ,86DAL/REN, , ,303.15,8.0,2230.0, ,spectrophotometry, ,"3.0 = -log[Mg+2] _ mol/L;Tris-HCl=0.05;orthophosphate=0.0075;(Mg)1(Cl)2=0.001;pyrophosphate=0 _ orthophosphate (0.0075 mol/L), MgCl2 (0.001 mol/L) _ ",3.6.1.1, , , , , 
4754,3534.0,3537.0,inorganic pyrophosphatase,kegg:C00013 + kegg:C00001 = 2 kegg:C00009,CHB_15377 + CHB_18361 = 2 CHB_26078,pyrophosphate(aq) + H2O(l) = 2 orthophosphate(aq), ,86DAL/REN, , ,303.15,8.0,495.0, ,spectrophotometry, ,"2.6 = -log[Mg+2] _ mol/L;Tris-HCl=0.05;orthophosphate=0.0025;(Mg)1(Cl)2=0.0025;pyrophosphate=0 _ orthophosphate (0.0025 mol/L), MgCl2 (0.0025 mol/L) _ ",3.6.1.1, , , , , 
4755,3516.0,3538.0,inorganic pyrophosphatase,kegg:C00013 + kegg:C00001 = 2 kegg:C00009,CHB_15377 + CHB_18361 = 2 CHB_26078,pyrophosphate(aq) + H2O(l) = 2 orthophosphate(aq), ,86DAL/REN, , ,303.15,7.3,3300.0, ,spectrophotometry, ,"3.0 = -log[Mg+2] _ mol/L;Tris-HCl=0.05;MES=0.05;orthophosphate=0.005;(Mg)1(Cl)2=0.001;pyrophosphate=0 _ orthophosphate (0.005 mol/L), MgCl2 (0.001 mol/L) _ ",3.6.1.1, , , , , 
4756,3519.0,3539.0,inorganic pyrophosphatase,kegg:C00013 + kegg:C00001 = 2 kegg:C00009,CHB_15377 + CHB_18361 = 2 CHB_26078,pyrophosphate(aq) + H2O(l) = 2 orthophosphate(aq), ,86DAL/REN, , ,303.15,8.0,144.0, ,spectrophotometry, ,"1.82 = -log[Mg+2] _ mol/L;Tris-HCl=0.05;orthophosphate=0.0075;(Mg)1(Cl)2=0.015;pyrophosphate=0 _ orthophosphate (0.0075 mol/L), MgCl2 (0.015 mol/L) _ ",3.6.1.1, , , , , 
4757,3539.0,3540.0,inorganic pyrophosphatase,kegg:C00013 + kegg:C00001 = 2 kegg:C00009,CHB_15377 + CHB_18361 = 2 CHB_26078,pyrophosphate(aq) + H2O(l) = 2 orthophosphate(aq), ,86DAL/REN, , ,303.15,8.0,1870.0, ,spectrophotometry, ,"3.0 = -log[Mg+2] _ mol/L;Tris-HCl=0.05;orthophosphate=0.005;(Mg)1(Cl)2=0.001;pyrophosphate=0 _ orthophosphate (0.005 mol/L), MgCl2 (0.001 mol/L) _ ",3.6.1.1, , , , , 
4758,3532.0,3541.0,inorganic pyrophosphatase,kegg:C00013 + kegg:C00001 = 2 kegg:C00009,CHB_15377 + CHB_18361 = 2 CHB_26078,pyrophosphate(aq) + H2O(l) = 2 orthophosphate(aq), ,86DAL/REN, , ,303.15,8.0,536.0, ,spectrophotometry, ,"2.3 = -log[Mg+2] _ mol/L;Tris-HCl=0.05;orthophosphate=0.01;(Mg)1(Cl)2=0.005;pyrophosphate=0 _ orthophosphate (0.01 mol/L), MgCl2 (0.005 mol/L) _ ",3.6.1.1, , , , , 
4759,3533.0,3542.0,inorganic pyrophosphatase,kegg:C00013 + kegg:C00001 = 2 kegg:C00009,CHB_15377 + CHB_18361 = 2 CHB_26078,pyrophosphate(aq) + H2O(l) = 2 orthophosphate(aq), ,86DAL/REN, , ,303.15,8.0,536.0, ,spectrophotometry, ,"2.3 = -log[Mg+2] _ mol/L;Tris-HCl=0.05;orthophosphate=0.01;(Mg)1(Cl)2=0.005;pyrophosphate=0 _ orthophosphate (0.01 mol/L), MgCl2 (0.005 mol/L) _ ",3.6.1.1, , , , , 
4760,3531.0,3543.0,inorganic pyrophosphatase,kegg:C00013 + kegg:C00001 = 2 kegg:C00009,CHB_15377 + CHB_18361 = 2 CHB_26078,pyrophosphate(aq) + H2O(l) = 2 orthophosphate(aq), ,86DAL/REN, , ,303.15,8.0,420.0, ,spectrophotometry, ,"2.3 = -log[Mg+2] _ mol/L;Tris-HCl=0.05;orthophosphate=0.0075;(Mg)1(Cl)2=0.005;pyrophosphate=0 _ orthophosphate (0.0075 mol/L), MgCl2 (0.005 mol/L) _ ",3.6.1.1, , , , , 
4761,3536.0,3544.0,inorganic pyrophosphatase,kegg:C00013 + kegg:C00001 = 2 kegg:C00009,CHB_15377 + CHB_18361 = 2 CHB_26078,pyrophosphate(aq) + H2O(l) = 2 orthophosphate(aq), ,86DAL/REN, , ,303.15,8.0,772.0, ,spectrophotometry, ,"2.6 = -log[Mg+2] _ mol/L;Tris-HCl=0.05;orthophosphate=0.0075;(Mg)1(Cl)2=0.0025;pyrophosphate=0 _ orthophosphate (0.0075 mol/L), MgCl2 (0.0025 mol/L) _ ",3.6.1.1, , , , , 
4762,3526.0,3545.0,inorganic pyrophosphatase,kegg:C00013 + kegg:C00001 = 2 kegg:C00009,CHB_15377 + CHB_18361 = 2 CHB_26078,pyrophosphate(aq) + H2O(l) = 2 orthophosphate(aq), ,86DAL/REN, , ,303.15,8.0,215.0, ,spectrophotometry, ,"2.12 = -log[Mg+2] _ mol/L;Tris-HCl=0.05;orthophosphate=0.005;(Mg)1(Cl)2=0.0075;pyrophosphate=0 _ orthophosphate (0.005 mol/L), MgCl2 (0.0075 mol/L) _ ",3.6.1.1, , , , , 
4763,3527.0,3546.0,inorganic pyrophosphatase,kegg:C00013 + kegg:C00001 = 2 kegg:C00009,CHB_15377 + CHB_18361 = 2 CHB_26078,pyrophosphate(aq) + H2O(l) = 2 orthophosphate(aq), ,86DAL/REN, , ,303.15,8.0,255.0, ,spectrophotometry, ,"2.12 = -log[Mg+2] _ mol/L;Tris-HCl=0.05;orthophosphate=0.0075;(Mg)1(Cl)2=0.0075;pyrophosphate=0 _ orthophosphate (0.0075 mol/L), MgCl2 (0.0075 mol/L) _ ",3.6.1.1, , , , , 
4764,3515.0,3547.0,inorganic pyrophosphatase,kegg:C00013 + kegg:C00001 = 2 kegg:C00009,CHB_15377 + CHB_18361 = 2 CHB_26078,pyrophosphate(aq) + H2O(l) = 2 orthophosphate(aq), ,86DAL/REN, , ,303.15,7.3,1500.0, ,spectrophotometry, ,"2.6 = -log[Mg+2] _ mol/L;Tris-HCl=0.05;MES=0.05;orthophosphate=0.005;(Mg)1(Cl)2=0.0025;pyrophosphate=0 _ orthophosphate (0.005 mol/L), MgCl2 (0.0025 mol/L) _ ",3.6.1.1, , , , , 
4765,3520.0,3548.0,inorganic pyrophosphatase,kegg:C00013 + kegg:C00001 = 2 kegg:C00009,CHB_15377 + CHB_18361 = 2 CHB_26078,pyrophosphate(aq) + H2O(l) = 2 orthophosphate(aq), ,86DAL/REN, , ,303.15,8.0,167.0, ,spectrophotometry, ,"1.82 = -log[Mg+2] _ mol/L;Tris-HCl=0.05;orthophosphate=0.01;(Mg)1(Cl)2=0.015;pyrophosphate=0 _ orthophosphate (0.01 mol/L), MgCl2 (0.015 mol/L) _ ",3.6.1.1, , , , , 
4766,,3568.0,aminoacylase,kegg:C03519 + kegg:C00001 = kegg:C00033 + kegg:C00079, ,N-acetyl-L-phenylalanine(aq) + H2O(l) = acetate(aq) + L-phenylalanine(aq), ,93WIL/TOO, , ,298.15,7.5, , ,calorimetry, , ,3.5.1.14, , , , , 
4767,,3569.0,aminoacylase,kegg:C02712 + kegg:C00001 = kegg:C00033 + kegg:C00073, ,N-acetyl-L-methionine(aq) + H2O(l) = acetate(aq) + L-methionine(aq), ,93WIL/TOO, , ,298.15,7.5, , ,calorimetry, , ,3.5.1.14, , , , , 
4768,,3585.0,3-dehydroquinate dehydratase,kegg:C00944 = kegg:C02637 + kegg:C00001, ,3-dehydroquinate(aq) = 3-dehydroshikimate(aq) + H2O(l), ,02TEW/HAW, , ,298.15,7.42, , ,calorimetry, , ,4.2.1.10, , ,0.069,0.069, 
4769,36.0,3586.0,3-dehydroquinate synthase,kegg:C04691 = kegg:C00944 + kegg:C00009,CHB_32364 = CHB_15377 + CHB_30918,2-dehydro-3-deoxy-D-arabino-heptonate 7-phosphate(aq) = 3-dehydroquinate(aq) + orthophosphate(aq), ,02TEW/HAW, , ,298.15,7.46, , ,calorimetry and chromatography, ,mol/L;Tris-HCl=0.05;(Mg)1(Cl)2=0.002;EDTA=0.001;2-mercaptoethanol=0.002  ,4.6.1.3, , ,0.07 & 0.065,0.07, 
4770,,3587.0,3-dehydroquinate synthase,kegg:C00944 = kegg:C02637 + kegg:C00001, ,3-dehydroquinate(aq) = 3-dehydroshikimate(aq) + H2O(l), ,02TEW/HAW, , ,298.15,7.5,4.6, ,chromatography, , ,4.6.1.3, , ,0.065,0.065, 
4771,34.0,3597.0,(2-aminoethyl)phosphonate-pyruvate transferase,kegg:C03557 + kegg:C00022 = kegg:C03167 + kegg:C00041,CHB_15361 + CHB_15573 = CHB_16977 + CHB_18124,(2-aminoethyl)phosphonate(aq) + pyruvate(aq) = 2-phosphonoacetaldehyde(aq) + L-alanine(aq), ,02KIM/BAK, , ,298.15,8.5,0.5, ,spectrophotometry, ,mol/L;(Mg)1(Cl)2=0.005;potassium tricine=0.05  ,2.6.1.37, , , , , 
4772,,3615.0,arginine-tRNA ligase,kegg:C00002 + kegg:C00062 + kegg:C01636 = kegg:C00020 + kegg:C00013 + kegg:C02163, ,ATP(aq) + L-arginine(aq) + tRNA-Arg(aq) = AMP(aq) + pyrophosphate(aq) + L-arginyl-tRNA-Arg(aq), ,06AIR, , ,303.15,7.4,1.64, ,radioactivity, ,2.05 = -log[Mg+2],6.1.1.19, , , , , 
4773,,3616.0,arginine-tRNA ligase,kegg:C00002 + kegg:C00062 + kegg:C01636 = kegg:C00020 + kegg:C00013 + kegg:C02163, ,ATP(aq) + L-arginine(aq) + tRNA-Arg(aq) = AMP(aq) + pyrophosphate(aq) + L-arginyl-tRNA-Arg(aq), ,06AIR, , ,303.15,7.4,2.19, ,radioactivity, ,1.77 = -log[Mg+2],6.1.1.19, , , , , 
4774,,3617.0,arginine-tRNA ligase,kegg:C00002 + kegg:C00062 + kegg:C01636 = kegg:C00020 + kegg:C00013 + kegg:C02163, ,ATP(aq) + L-arginine(aq) + tRNA-Arg(aq) = AMP(aq) + pyrophosphate(aq) + L-arginyl-tRNA-Arg(aq), ,06AIR, , ,303.15,7.4,1.05, ,radioactivity, ,3.22 = -log[Mg+2],6.1.1.19, , , , , 
4775,,3618.0,arginine-tRNA ligase,kegg:C00002 + kegg:C00062 + kegg:C01636 = kegg:C00020 + kegg:C00013 + kegg:C02163, ,ATP(aq) + L-arginine(aq) + tRNA-Arg(aq) = AMP(aq) + pyrophosphate(aq) + L-arginyl-tRNA-Arg(aq), ,06AIR, , ,303.15,7.4,2.0, ,radioactivity, ,1.89 = -log[Mg+2],6.1.1.19, , , , , 
4776,,3619.0,arginine-tRNA ligase,kegg:C00002 + kegg:C00062 + kegg:C01636 = kegg:C00020 + kegg:C00013 + kegg:C02163, ,ATP(aq) + L-arginine(aq) + tRNA-Arg(aq) = AMP(aq) + pyrophosphate(aq) + L-arginyl-tRNA-Arg(aq), ,06AIR, , ,303.15,7.4,1.28, ,radioactivity, ,3.0 = -log[Mg+2],6.1.1.19, , , , , 
4777,,3620.0,arginine-tRNA ligase,kegg:C00002 + kegg:C00062 + kegg:C01636 = kegg:C00020 + kegg:C00013 + kegg:C02163, ,ATP(aq) + L-arginine(aq) + tRNA-Arg(aq) = AMP(aq) + pyrophosphate(aq) + L-arginyl-tRNA-Arg(aq), ,06AIR, , ,303.15,7.4,1.14, ,radioactivity, ,3.0 = -log[Mg+2],6.1.1.19, , , , , 
4778,,3621.0,arginine-tRNA ligase,kegg:C00002 + kegg:C00062 + kegg:C01636 = kegg:C00020 + kegg:C00013 + kegg:C02163, ,ATP(aq) + L-arginine(aq) + tRNA-Arg(aq) = AMP(aq) + pyrophosphate(aq) + L-arginyl-tRNA-Arg(aq), ,06AIR, , ,303.15,7.4,1.26, ,radioactivity, ,2.52 = -log[Mg+2],6.1.1.19, , , , , 
4779,,3622.0,arginine-tRNA ligase,kegg:C00002 + kegg:C00062 + kegg:C01636 = kegg:C00020 + kegg:C00013 + kegg:C02163, ,ATP(aq) + L-arginine(aq) + tRNA-Arg(aq) = AMP(aq) + pyrophosphate(aq) + L-arginyl-tRNA-Arg(aq), ,06AIR, , ,303.15,7.4,1.41, ,radioactivity, ,2.3 = -log[Mg+2],6.1.1.19, , , , , 
4780,,3623.0,arginine-tRNA ligase,kegg:C00002 + kegg:C00062 + kegg:C01636 = kegg:C00020 + kegg:C00013 + kegg:C02163, ,ATP(aq) + L-arginine(aq) + tRNA-Arg(aq) = AMP(aq) + pyrophosphate(aq) + L-arginyl-tRNA-Arg(aq), ,06AIR, , ,303.15,7.4,1.84, ,radioactivity, ,2.05 = -log[Mg+2],6.1.1.19, , , , , 
4781,,3624.0,arginine-tRNA ligase,kegg:C00002 + kegg:C00062 + kegg:C01636 = kegg:C00020 + kegg:C00013 + kegg:C02163, ,ATP(aq) + L-arginine(aq) + tRNA-Arg(aq) = AMP(aq) + pyrophosphate(aq) + L-arginyl-tRNA-Arg(aq), ,06AIR, , ,303.15,7.4,2.14, ,radioactivity, ,1.77 = -log[Mg+2],6.1.1.19, , , , , 
4782,,3625.0,arginine-tRNA ligase,kegg:C00002 + kegg:C00062 + kegg:C01636 = kegg:C00020 + kegg:C00013 + kegg:C02163, ,ATP(aq) + L-arginine(aq) + tRNA-Arg(aq) = AMP(aq) + pyrophosphate(aq) + L-arginyl-tRNA-Arg(aq), ,06AIR, , ,303.15,7.4,1.43, ,radioactivity, ,2.52 = -log[Mg+2],6.1.1.19, , , , , 
4783,,3626.0,arginine-tRNA ligase,kegg:C00002 + kegg:C00062 + kegg:C01636 = kegg:C00020 + kegg:C00013 + kegg:C02163, ,ATP(aq) + L-arginine(aq) + tRNA-Arg(aq) = AMP(aq) + pyrophosphate(aq) + L-arginyl-tRNA-Arg(aq), ,06AIR, , ,303.15,7.4,1.4, ,radioactivity, ,2.7 = -log[Mg+2],6.1.1.19, , , , , 
4784,,3627.0,arginine-tRNA ligase,kegg:C00002 + kegg:C00062 + kegg:C01636 = kegg:C00020 + kegg:C00013 + kegg:C02163, ,ATP(aq) + L-arginine(aq) + tRNA-Arg(aq) = AMP(aq) + pyrophosphate(aq) + L-arginyl-tRNA-Arg(aq), ,06AIR, , ,303.15,7.4,1.66, ,radioactivity, ,2.3 = -log[Mg+2],6.1.1.19, , , , , 
4785,,3628.0,arginine-tRNA ligase,kegg:C00002 + kegg:C00062 + kegg:C01636 = kegg:C00020 + kegg:C00013 + kegg:C02163, ,ATP(aq) + L-arginine(aq) + tRNA-Arg(aq) = AMP(aq) + pyrophosphate(aq) + L-arginyl-tRNA-Arg(aq), ,06AIR, , ,303.15,7.4,1.53, ,radioactivity, ,2.15 = -log[Mg+2],6.1.1.19, , , , , 
4786,,3629.0,arginine-tRNA ligase,kegg:C00002 + kegg:C00062 + kegg:C01636 = kegg:C00020 + kegg:C00013 + kegg:C02163, ,ATP(aq) + L-arginine(aq) + tRNA-Arg(aq) = AMP(aq) + pyrophosphate(aq) + L-arginyl-tRNA-Arg(aq), ,06AIR, , ,303.15,7.4,1.92, ,radioactivity, ,1.89 = -log[Mg+2],6.1.1.19, , , , , 
4787,,3630.0,arginine-tRNA ligase,kegg:C00002 + kegg:C00062 + kegg:C01636 = kegg:C00020 + kegg:C00013 + kegg:C02163, ,ATP(aq) + L-arginine(aq) + tRNA-Arg(aq) = AMP(aq) + pyrophosphate(aq) + L-arginyl-tRNA-Arg(aq), ,06AIR, , ,303.15,7.4,1.17, ,radioactivity, ,2.7 = -log[Mg+2],6.1.1.19, , , , , 
4788,,3631.0,arginine-tRNA ligase,kegg:C00002 + kegg:C00062 + kegg:C01636 = kegg:C00020 + kegg:C00013 + kegg:C02163, ,ATP(aq) + L-arginine(aq) + tRNA-Arg(aq) = AMP(aq) + pyrophosphate(aq) + L-arginyl-tRNA-Arg(aq), ,06AIR, , ,303.15,7.4,1.76, ,radioactivity, ,2.15 = -log[Mg+2],6.1.1.19, , , , , 
4789,,3632.0,arginine-tRNA ligase,kegg:C00002 + kegg:C00062 + kegg:C01636 = kegg:C00020 + kegg:C00013 + kegg:C02163, ,ATP(aq) + L-arginine(aq) + tRNA-Arg(aq) = AMP(aq) + pyrophosphate(aq) + L-arginyl-tRNA-Arg(aq), ,06AIR, , ,303.15,7.4,0.97, ,radioactivity, ,3.22 = -log[Mg+2],6.1.1.19, , , , , 
4790,,3636.0,"glucan 1,4--glucosidase",kegg:C00713 + 2 kegg:C00001 = 3 kegg:C00031, ,panose(aq) + 2 H2O(l) = 3 D-glucose(aq), ,91GOL/BEL, , ,298.15,6.0, , ,calorimetry, , ,3.2.1.3, , , , , 
4791,2922.0,3639.0,inosine triphosphate pyrophosphohydrolase,kegg:C00081 + kegg:C00001 = kegg:C00130 + kegg:C00013,CHB_15377 + CHB_16039 = CHB_17202 + CHB_18361,ITP(aq) + H2O(l) = IMP(aq) + pyrophosphate(aq), ,79VAN, , ,303.15,8.5,38000.0, ,radioactivity, ,mol/L;glycine buffer=0.05;(Mg)1(Cl)2=0.05;pyrophosphate=0.002;IMP=0.002;ITP=0  ,3.6.1. & 3.6.1.a & 3.6.1.a, , , , , 
4792,2764.0,3721.0,phosphoglycerate mutase,kegg:C00631 = kegg:C00197,CHB_17835 = CHB_17794,2-phospho-D-glycerate(aq) = 3-phospho-D-glycerate(aq), ,78ROS/DUB, , ,298.15,7.5,12.7, ,radioactivity, ,mol/L;TES buffer=0.05;(K)1(Cl)1=0.1  ,5.4.2.1, , , , , 
4793,3902.0,3739.0,inosine nucleosidase,kegg:C00294 + kegg:C00001 = kegg:C00262 + kegg:C00121,CHB_15377 + CHB_17596 = CHB_17368 + CHB_45506,inosine(aq) + H2O(l) = hypoxanthine(aq) + D-ribose(aq), ,91PAR/HOR, , ,310.15,7.5,106.0, ,chromatography, ,mol/L;HEPES-NaOH=0.05  ,3.2.2.2, , , , , 
4794,1432.0,3808.0,isopentenyl-diphosphate-isomerase,kegg:C00129 = kegg:C00235,CHB_16584 = CHB_16057,isopentenyl diphosphate(aq) = dimethylallyl diphosphate(aq), ,65SHA/CLE, , ,310.15,8.0,6.7, ,radioactivity, ,mol/L;Tris=0.05;(Mg)1(Cl)2=0.005;(K)1(F)1=0.012;isopentenyl diphosphate=0.156;dimethylallyl diphosphate=0  ,5.3.3.2, , , , , 
4795,4251.0,3814.0,arginine kinase,kegg:C00002 + kegg:C00062 = kegg:C00008 + kegg:C05945,CHB_15422 + CHB_16467 = CHB_16761 + CHB_18412,ATP(aq) + L-arginine(aq) = ADP(aq) + Nomega-phospho-L-arginine(aq), ,99TEA/DOB, , ,298.15,6.4,0.0103, ,spectrophotometry, ,3.0 = -log[Mg+2] _ mol/L;IS=0.25;Mg2+_free=0.001;K+_tot=0.2331;(Cl)1=0.1712;(HPO4)1=0.0139;(H2PO4)1=0.0361 _ Mg2+ (0.001 mol/L) _ ,2.7.3.3, , ,0.25,0.25, 
4796,4256.0,3815.0,arginine kinase,kegg:C00002 + kegg:C00062 = kegg:C00008 + kegg:C05945,CHB_15422 + CHB_16467 = CHB_16761 + CHB_18412,ATP(aq) + L-arginine(aq) = ADP(aq) + Nomega-phospho-L-arginine(aq), ,99TEA/DOB, , ,298.15,8.2,0.465, ,spectrophotometry, ,3.0 = -log[Mg+2] _ mol/L;IS=0.25;Mg2+_free=0.001;K+_tot=0.198;(Cl)1=0.101;(HPO4)1=0.049;(H2PO4)1=0.001 _ Mg2+ (0.001 mol/L) _ ,2.7.3.3, , ,0.25,0.25, 
4797,4246.0,3816.0,arginine kinase,kegg:C00002 + kegg:C00062 = kegg:C00008 + kegg:C05945,CHB_15422 + CHB_16467 = CHB_16761 + CHB_18412,ATP(aq) + L-arginine(aq) = ADP(aq) + Nomega-phospho-L-arginine(aq), ,99TEA/DOB, , ,278.15,7.0,0.0221, ,spectrophotometry, ,3.0 = -log[Mg+2] _ mol/L;IS=0.25;Mg2+_free=0.001;K+_tot=0.21625;(Cl)1=0.1375;(HPO4)1=0.03075;(H2PO4)1=0.01925 _ Mg2+ (0.001 mol/L) _ ,2.7.3.3, , ,0.25,0.25, 
4798,4260.0,3817.0,arginine kinase,kegg:C00002 + kegg:C00062 = kegg:C00008 + kegg:C05945,CHB_15422 + CHB_16467 = CHB_16761 + CHB_18412,ATP(aq) + L-arginine(aq) = ADP(aq) + Nomega-phospho-L-arginine(aq), ,99TEA/DOB, , ,298.15,7.0,0.0307, ,spectrophotometry, ,3.0 = -log[Mg+2] _ mol/L;IS=0.25;Mg2+_free=0.001;K+_tot=0.21625;(Cl)1=0.1375;(HPO4)1=0.03075;(H2PO4)1=0.01925 _ Mg2+ (0.001 mol/L) _ ,2.7.3.3, , ,0.25,0.25, 
4799,4264,3818.0,arginine kinase,kegg:C00002 + kegg:C00062 = kegg:C00008 + kegg:C05945,CHB_15422 + CHB_16467 = CHB_16761 + CHB_18412,ATP(aq) + L-arginine(aq) = ADP(aq) + Nomega-phospho-L-arginine(aq), ,99TEA/DOB, , ,298.15,7.13,0.0277, ,spectrophotometry, ,2.25 = -log[Mg+2] _ mol/L;IS=0.25;Mg2+_free=0.00559;K+_tot=0.20023;(Cl)1=0.12891;(HPO4)1=0.033;(H2PO4)1=0.0165;ADP=0.000713;Nomega-phospho-L-arginine=0.000747;ATP=0.00389;L-arginine=0.00481   _ mol/L;IS=0.25;Mg2+_free=0.00559;K+_tot=0.20023;(Cl)1=0.12891;(HPO4)1=0.033;(H2PO4)1=0.0165;ADP=0.000699;Nomega-phospho-L-arginine=0.000779;ATP=0.0039;L-arginine=0.00472 _ nan _ ,2.7.3.3, , ,0.25,0.25, 
4800,4259.0,3819.0,arginine kinase,kegg:C00002 + kegg:C00062 = kegg:C00008 + kegg:C05945,CHB_15422 + CHB_16467 = CHB_16761 + CHB_18412,ATP(aq) + L-arginine(aq) = ADP(aq) + Nomega-phospho-L-arginine(aq), ,99TEA/DOB, , ,298.15,7.0,0.0445, ,spectrophotometry, ,3.3 = -log[Mg+2] _ mol/L;IS=0.25;Mg2+_free=0.0005;K+_tot=0.21775;(Cl)1=0.138;(HPO4)1=0.03075;(H2PO4)1=0.01925 _ Mg2+ (0.0005 mol/L) _ ,2.7.3.3, , ,0.25,0.25, 
4801,4254.0,3820.0,arginine kinase,kegg:C00002 + kegg:C00062 = kegg:C00008 + kegg:C05945,CHB_15422 + CHB_16467 = CHB_16761 + CHB_18412,ATP(aq) + L-arginine(aq) = ADP(aq) + Nomega-phospho-L-arginine(aq), ,99TEA/DOB, , ,298.15,7.4,0.0725, ,spectrophotometry, ,3.0 = -log[Mg+2] _ mol/L;IS=0.25;Mg2+_free=0.001;K+_tot=0.2069;(Cl)1=0.1188;(HPO4)1=0.0401;(H2PO4)1=0.0099 _ Mg2+ (0.001 mol/L) _ ,2.7.3.3, , ,0.25,0.25, 
4802,4250.0,3821.0,arginine kinase,kegg:C00002 + kegg:C00062 = kegg:C00008 + kegg:C05945,CHB_15422 + CHB_16467 = CHB_16761 + CHB_18412,ATP(aq) + L-arginine(aq) = ADP(aq) + Nomega-phospho-L-arginine(aq), ,99TEA/DOB, , ,313.15,7.0,0.0334, ,spectrophotometry, ,3.0 = -log[Mg+2] _ mol/L;IS=0.25;Mg2+_free=0.001;K+_tot=0.21625;(Cl)1=0.1375;(HPO4)1=0.03075;(H2PO4)1=0.01925 _ Mg2+ (0.001 mol/L) _ ,2.7.3.3, , ,0.25,0.25, 
4803,4253.0,3822.0,arginine kinase,kegg:C00002 + kegg:C00062 = kegg:C00008 + kegg:C05945,CHB_15422 + CHB_16467 = CHB_16761 + CHB_18412,ATP(aq) + L-arginine(aq) = ADP(aq) + Nomega-phospho-L-arginine(aq), ,99TEA/DOB, , ,298.15,7.0,0.0321, ,spectrophotometry, ,3.0 = -log[Mg+2] _ mol/L;IS=0.25;Mg2+_free=0.001;K+_tot=0.21625;(Cl)1=0.1375;(HPO4)1=0.03075;(H2PO4)1=0.01925 _ Mg2+ (0.001 mol/L) _ ,2.7.3.3, , ,0.25,0.25, 
4804,4258.0,3823.0,arginine kinase,kegg:C00002 + kegg:C00062 = kegg:C00008 + kegg:C05945,CHB_15422 + CHB_16467 = CHB_16761 + CHB_18412,ATP(aq) + L-arginine(aq) = ADP(aq) + Nomega-phospho-L-arginine(aq), ,99TEA/DOB, , ,298.15,7.0,0.0606, ,spectrophotometry, ,3.6 = -log[Mg+2] _ mol/L;IS=0.25;Mg2+_free=0.00025;K+_tot=0.2185;(Cl)1=0.13825;(HPO4)1=0.03075;(H2PO4)1=0.01925 _ Mg2+ (0.00025 mol/L) _ ,2.7.3.3, , ,0.25,0.25, 
4805,4255.0,3824.0,arginine kinase,kegg:C00002 + kegg:C00062 = kegg:C00008 + kegg:C05945,CHB_15422 + CHB_16467 = CHB_16761 + CHB_18412,ATP(aq) + L-arginine(aq) = ADP(aq) + Nomega-phospho-L-arginine(aq), ,99TEA/DOB, , ,298.15,7.8,0.174, ,spectrophotometry, ,3.0 = -log[Mg+2] _ mol/L;IS=0.25;Mg2+_free=0.001;K+_tot=0.2016;(Cl)1=0.1082;(HPO4)1=0.0454;(H2PO4)1=0.0046 _ Mg2+ (0.001 mol/L) _ ,2.7.3.3, , ,0.25,0.25, 
4806,4248.0,3825.0,arginine kinase,kegg:C00002 + kegg:C00062 = kegg:C00008 + kegg:C05945,CHB_15422 + CHB_16467 = CHB_16761 + CHB_18412,ATP(aq) + L-arginine(aq) = ADP(aq) + Nomega-phospho-L-arginine(aq), ,99TEA/DOB, , ,298.15,7.0,0.0282, ,spectrophotometry, ,3.0 = -log[Mg+2] _ mol/L;IS=0.25;Mg2+_free=0.001;K+_tot=0.21625;(Cl)1=0.1375;(HPO4)1=0.03075;(H2PO4)1=0.01925 _ Mg2+ (0.001 mol/L) _ ,2.7.3.3, , ,0.25,0.25, 
4807,4257.0,3826.0,arginine kinase,kegg:C00002 + kegg:C00062 = kegg:C00008 + kegg:C05945,CHB_15422 + CHB_16467 = CHB_16761 + CHB_18412,ATP(aq) + L-arginine(aq) = ADP(aq) + Nomega-phospho-L-arginine(aq), ,99TEA/DOB, , ,298.15,7.0,0.0903, ,spectrophotometry, ,4.0 = -log[Mg+2] _ mol/L;IS=0.25;Mg2+_free=0.0001;K+_tot=0.21895;(Cl)1=0.1384;(HPO4)1=0.03075;(H2PO4)1=0.01925 _ Mg2+ (0.0001 mol/L) _ ,2.7.3.3, , ,0.25,0.25, 
4808,4247.0,3827.0,arginine kinase,kegg:C00002 + kegg:C00062 = kegg:C00008 + kegg:C05945,CHB_15422 + CHB_16467 = CHB_16761 + CHB_18412,ATP(aq) + L-arginine(aq) = ADP(aq) + Nomega-phospho-L-arginine(aq), ,99TEA/DOB, , ,288.15,7.0,0.0252, ,spectrophotometry, ,3.0 = -log[Mg+2] _ mol/L;IS=0.25;Mg2+_free=0.001;K+_tot=0.21625;(Cl)1=0.1375;(HPO4)1=0.03075;(H2PO4)1=0.01925 _ Mg2+ (0.001 mol/L) _ ,2.7.3.3, , ,0.25,0.25, 
4809,4261.0,3828.0,arginine kinase,kegg:C00002 + kegg:C00062 = kegg:C00008 + kegg:C05945,CHB_15422 + CHB_16467 = CHB_16761 + CHB_18412,ATP(aq) + L-arginine(aq) = ADP(aq) + Nomega-phospho-L-arginine(aq), ,99TEA/DOB, , ,298.15,7.0,0.0252, ,spectrophotometry, ,2.7 = -log[Mg+2] _ mol/L;IS=0.25;Mg2+_free=0.002;K+_tot=0.21325;(Cl)1=0.1365;(HPO4)1=0.03075;(H2PO4)1=0.01925 _ Mg2+ (0.002 mol/L) _ ,2.7.3.3, , ,0.25,0.25, 
4810,4252.0,3829.0,arginine kinase,kegg:C00002 + kegg:C00062 = kegg:C00008 + kegg:C05945,CHB_15422 + CHB_16467 = CHB_16761 + CHB_18412,ATP(aq) + L-arginine(aq) = ADP(aq) + Nomega-phospho-L-arginine(aq), ,99TEA/DOB, , ,298.15,6.7,0.0173, ,spectrophotometry, ,3.0 = -log[Mg+2] _ mol/L;IS=0.25;Mg2+_free=0.001;K+_tot=0.22795;(Cl)1=0.1609;(HPO4)1=0.01905;(H2PO4)1=0.03095 _ Mg2+ (0.001 mol/L) _ ,2.7.3.3, , ,0.25,0.25, 
4811,4249.0,3830.0,arginine kinase,kegg:C00002 + kegg:C00062 = kegg:C00008 + kegg:C05945,CHB_15422 + CHB_16467 = CHB_16761 + CHB_18412,ATP(aq) + L-arginine(aq) = ADP(aq) + Nomega-phospho-L-arginine(aq), ,99TEA/DOB, , ,306.15,7.0,0.0299, ,spectrophotometry, ,3.0 = -log[Mg+2] _ mol/L;IS=0.25;Mg2+_free=0.001;K+_tot=0.21625;(Cl)1=0.1375;(HPO4)1=0.03075;(H2PO4)1=0.01925 _ Mg2+ (0.001 mol/L) _ ,2.7.3.3, , ,0.25,0.25, 
4812,4262.0,3831.0,arginine kinase,kegg:C00002 + kegg:C00062 = kegg:C00008 + kegg:C05945,CHB_15422 + CHB_16467 = CHB_16761 + CHB_18412,ATP(aq) + L-arginine(aq) = ADP(aq) + Nomega-phospho-L-arginine(aq), ,99TEA/DOB, , ,298.15,7.0,0.0215, ,spectrophotometry, ,2.4 = -log[Mg+2] _ mol/L;IS=0.25;Mg2+_free=0.004;K+_tot=0.20725;(Cl)1=0.1345;(HPO4)1=0.03075;(H2PO4)1=0.01925 _ Mg2+ (0.004 mol/L) _ ,2.7.3.3, , ,0.25,0.25, 
4813,37,3909.0,xylose isomerase,kegg:C00216 = kegg:C00121,CHB_46994 = CHB_45506,D-arabinose(aq) = D-ribose(aq), ,02VUO/PAS, , ,298.15,7.2,0.22, ,chromatography, ,mol/L;maleate buffer=0.05 _ nan _ ,5.3.1.5, , ,, , 
4814,40.0,3910.0,xylose isomerase,kegg:C00216 = kegg:C00121,CHB_46994 = CHB_45506,D-arabinose(aq) = D-ribose(aq), ,02VUO/PAS, , ,333.15,7.2,0.37, ,chromatography, ,mol/L;maleate buffer=0.05  ,5.3.1.5, , , , , 
4815,41.0,3911.0,xylose isomerase,kegg:C00216 = kegg:C00121,CHB_46994 = CHB_45506,D-arabinose(aq) = D-ribose(aq), ,02VUO/PAS, , ,343.15,7.2,0.4, ,chromatography, ,mol/L;maleate buffer=0.05  ,5.3.1.5, , , , , 
4816,39.0,3912.0,xylose isomerase,kegg:C00216 = kegg:C00121,CHB_46994 = CHB_45506,D-arabinose(aq) = D-ribose(aq), ,02VUO/PAS, , ,323.15,7.2,0.32, ,chromatography, ,mol/L;maleate buffer=0.05  ,5.3.1.5, , , , , 
4817,38.0,3913.0,xylose isomerase,kegg:C00216 = kegg:C00121,CHB_46994 = CHB_45506,D-arabinose(aq) = D-ribose(aq), ,02VUO/PAS, , ,313.15,7.2,0.3, ,chromatography, ,mol/L;maleate buffer=0.05  ,5.3.1.5, , , , , 
4818,57.0,3914.0,xylose isomerase,kegg:C00031 = kegg:C00095,CHB_4167 = CHB_37721,D-glucose(aq) = D-fructose(aq), ,02VUO/PAS, , ,333.15,7.2,1.03, ,chromatography, ,mol/L;maleate buffer=0.05  ,5.3.1.5, , , , , 
4819,56.0,3915.0,xylose isomerase,kegg:C01796 = kegg:C06463,MAN_10212 = MAN_10213,D-erythrose(aq) = D-threose(aq), ,02VUO/PAS, , ,343.15,7.2,0.76, ,chromatography, ,mol/L;maleate buffer=0.05  ,5.3.1.5, , , , , 
4820,55.0,3916.0,xylose isomerase,kegg:C01796 = kegg:C06463,MAN_10212 = MAN_10213,D-erythrose(aq) = D-threose(aq), ,02VUO/PAS, , ,333.15,7.2,1.1, ,chromatography, ,mol/L;maleate buffer=0.05  ,5.3.1.5, , , , , 
4821,53.0,3917.0,xylose isomerase,kegg:C01796 = kegg:C06463,MAN_10212 = MAN_10213,D-erythrose(aq) = D-threose(aq), ,02VUO/PAS, , ,313.15,7.2,1.04, ,chromatography, ,mol/L;maleate buffer=0.05  ,5.3.1.5, , , , , 
4822,54.0,3918.0,xylose isomerase,kegg:C01796 = kegg:C06463,MAN_10212 = MAN_10213,D-erythrose(aq) = D-threose(aq), ,02VUO/PAS, , ,323.15,7.2,0.82, ,chromatography, ,mol/L;maleate buffer=0.05  ,5.3.1.5, , , , , 
4823,52.0,3919.0,xylose isomerase,kegg:C01796 = kegg:C06463,MAN_10212 = MAN_10213,D-erythrose(aq) = D-threose(aq), ,02VUO/PAS, , ,298.15,7.2,0.96, ,chromatography, ,mol/L;maleate buffer=0.05  ,5.3.1.5, , , , , 
4824,42.0,3920.0,xylose isomerase,kegg:C00216 = kegg:C00309,CHB_46994 = CHB_28552,D-arabinose(aq) = D-ribulose(aq), ,02VUO/PAS, , ,298.15,7.2,0.038, ,chromatography, ,mol/L;maleate buffer=0.05  ,5.3.1.5, , , , , 
4825,46.0,3921.0,xylose isomerase,kegg:C00216 = kegg:C00309,CHB_46994 = CHB_28552,D-arabinose(aq) = D-ribulose(aq), ,02VUO/PAS, , ,343.15,7.2,0.14, ,chromatography, ,mol/L;maleate buffer=0.05  ,5.3.1.5, , , , , 
4826,44.0,3922.0,xylose isomerase,kegg:C00216 = kegg:C00309,CHB_46994 = CHB_28552,D-arabinose(aq) = D-ribulose(aq), ,02VUO/PAS, , ,323.15,7.2,0.085, ,chromatography, ,mol/L;maleate buffer=0.05  ,5.3.1.5, , , , , 
4827,43,3923.0,xylose isomerase,kegg:C00216 = kegg:C00309,CHB_46994 = CHB_28552,D-arabinose(aq) = D-ribulose(aq), ,02VUO/PAS, , ,313.15,7.2,0.067, ,chromatography, ,mol/L;maleate buffer=0.05 _ nan _ ,5.3.1.5, , ,, , 
4828,45.0,3924.0,xylose isomerase,kegg:C00216 = kegg:C00309,CHB_46994 = CHB_28552,D-arabinose(aq) = D-ribulose(aq), ,02VUO/PAS, , ,333.15,7.2,0.12, ,chromatography, ,mol/L;maleate buffer=0.05  ,5.3.1.5, , , , , 
4829,58.0,3925.0,xylose isomerase,kegg:C00031 = kegg:C00159,CHB_4167 = CHB_4208,D-glucose(aq) = D-mannose(aq), ,02VUO/PAS, , ,333.15,7.2,0.48, ,chromatography, ,mol/L;maleate buffer=0.05  ,5.3.1.5, , , , , 
4830,50.0,3926.0,xylose isomerase,kegg:C01796 = kegg:C02022,MAN_10212 = CHB_16023,D-erythrose(aq) = D-erythrulose(aq), ,02VUO/PAS, , ,333.15,7.2,2.67, ,chromatography, ,mol/L;maleate buffer=0.05  ,5.3.1.5, , , , , 
4831,49.0,3927.0,xylose isomerase,kegg:C01796 = kegg:C02022,MAN_10212 = CHB_16023,D-erythrose(aq) = D-erythrulose(aq), ,02VUO/PAS, , ,323.15,7.2,2.73, ,chromatography, ,mol/L;maleate buffer=0.05  ,5.3.1.5, , , , , 
4832,47.0,3928.0,xylose isomerase,kegg:C01796 = kegg:C02022,MAN_10212 = CHB_16023,D-erythrose(aq) = D-erythrulose(aq), ,02VUO/PAS, , ,298.15,7.2,2.04, ,chromatography, ,mol/L;maleate buffer=0.05  ,5.3.1.5, , , , , 
4833,48.0,3929.0,xylose isomerase,kegg:C01796 = kegg:C02022,MAN_10212 = CHB_16023,D-erythrose(aq) = D-erythrulose(aq), ,02VUO/PAS, , ,313.15,7.2,2.3, ,chromatography, ,mol/L;maleate buffer=0.05  ,5.3.1.5, , , , , 
4834,51.0,3930.0,xylose isomerase,kegg:C01796 = kegg:C02022,MAN_10212 = CHB_16023,D-erythrose(aq) = D-erythrulose(aq), ,02VUO/PAS, , ,343.15,7.2,3.0, ,chromatography, ,mol/L;maleate buffer=0.05  ,5.3.1.5, , , , , 
4835,,4005.0,"glucan 1,4--glucosidase",kegg:C01835 + 2 kegg:C00001 = 3 kegg:C00031, ,maltotriose(aq) + 2 H2O(l) = 3 D-glucose(aq), ,65TAK/HIR, , ,298.15,4.5, , ,calorimetry, , ,3.2.1.3, , , , , 
4836,691.0,4007.0,creatine kinase,kegg:C00002 + kegg:C00300 = kegg:C00008 + kegg:C02305,CHB_15422 + CHB_16919 = CHB_16761 + CHB_17287,ATP(aq) + creatine(aq) = ADP(aq) + phosphocreatine(aq), ,54NOD/KUB, , ,293.15,9.02,0.3, ,spectrophotometry, ,1.7 = -log[Mg+2] _ mol/L;glycine buffer=0.1;(Mg)1(SO4)1=0.02 _ MgSO4 (0.02 mol/L) _ ,2.7.3.2, , , , , 
4837,689.0,4008.0,creatine kinase,kegg:C00002 + kegg:C00300 = kegg:C00008 + kegg:C02305,CHB_15422 + CHB_16919 = CHB_16761 + CHB_17287,ATP(aq) + creatine(aq) = ADP(aq) + phosphocreatine(aq), ,54NOD/KUB, , ,293.15,9.02,0.35, ,spectrophotometry, ,2.22 = -log[Mg+2] _ mol/L;glycine buffer=0.1;(Mg)1(SO4)1=0.006 _ MgSO4 (0.006 mol/L) _ ,2.7.3.2, , , , , 
4838,697.0,4009.0,creatine kinase,kegg:C00002 + kegg:C00300 = kegg:C00008 + kegg:C02305,CHB_15422 + CHB_16919 = CHB_16761 + CHB_17287,ATP(aq) + creatine(aq) = ADP(aq) + phosphocreatine(aq), ,54NOD/KUB, , ,303.15,7.4,0.01, ,spectrophotometry, ,2.0 = -log[Mg+2] _ mol/L;glycylglycine buffer=0.1;(Mg)1(SO4)1=0.006 _ MgSO4 (0.006 mol/L) _ ,2.7.3.2, , , , , 
4839,698.0,4010.0,creatine kinase,kegg:C00002 + kegg:C00300 = kegg:C00008 + kegg:C02305,CHB_15422 + CHB_16919 = CHB_16761 + CHB_17287,ATP(aq) + creatine(aq) = ADP(aq) + phosphocreatine(aq), ,54NOD/KUB, , ,303.15,7.4,0.01, ,spectrophotometry, ,2.22 = -log[Mg+2] _ mol/L;glycylglycine buffer=0.1;(Mg)1(SO4)1=0.01 _ MgSO4 (0.01 mol/L) _ ,2.7.3.2, , , , , 
4840,703.0,4011.0,creatine kinase,kegg:C00002 + kegg:C00300 = kegg:C00008 + kegg:C02305,CHB_15422 + CHB_16919 = CHB_16761 + CHB_17287,ATP(aq) + creatine(aq) = ADP(aq) + phosphocreatine(aq), ,54NOD/KUB, , ,303.15,8.0,0.037, ,spectrophotometry, ,1.7 = -log[Mg+2] _ mol/L;glycylglycine buffer=0.1;(Mg)1(SO4)1=0.02 _ MgSO4 (0.02 mol/L) _ ,2.7.3.2, , , , , 
4841,702.0,4012.0,creatine kinase,kegg:C00002 + kegg:C00300 = kegg:C00008 + kegg:C02305,CHB_15422 + CHB_16919 = CHB_16761 + CHB_17287,ATP(aq) + creatine(aq) = ADP(aq) + phosphocreatine(aq), ,54NOD/KUB, , ,303.15,8.0,0.038, ,spectrophotometry, ,2.0 = -log[Mg+2] _ mol/L;glycylglycine buffer=0.1;(Mg)1(SO4)1=0.01 _ MgSO4 (0.01 mol/L) _ ,2.7.3.2, , , , , 
4842,700.0,4013.0,creatine kinase,kegg:C00002 + kegg:C00300 = kegg:C00008 + kegg:C02305,CHB_15422 + CHB_16919 = CHB_16761 + CHB_17287,ATP(aq) + creatine(aq) = ADP(aq) + phosphocreatine(aq), ,54NOD/KUB, , ,303.15,8.0,0.078, ,spectrophotometry, ,2.7 = -log[Mg+2] _ mol/L;glycylglycine buffer=0.1;(Mg)1(SO4)1=0.002 _ MgSO4 (0.002 mol/L) _ ,2.7.3.2, , , , , 
4843,708.0,4014.0,creatine kinase,kegg:C00002 + kegg:C00300 = kegg:C00008 + kegg:C02305,CHB_15422 + CHB_16919 = CHB_16761 + CHB_17287,ATP(aq) + creatine(aq) = ADP(aq) + phosphocreatine(aq), ,54NOD/KUB, , ,303.15,8.9,0.22, ,spectrophotometry, ,1.7 = -log[Mg+2] _ mol/L;glycine buffer=0.1;(Mg)1(SO4)1=0.02 _ MgSO4 (0.02 mol/L) _ ,2.7.3.2, , , , , 
4844,704.0,4015.0,creatine kinase,kegg:C00002 + kegg:C00300 = kegg:C00008 + kegg:C02305,CHB_15422 + CHB_16919 = CHB_16761 + CHB_17287,ATP(aq) + creatine(aq) = ADP(aq) + phosphocreatine(aq), ,54NOD/KUB, , ,303.15,8.9,0.78, ,spectrophotometry, ,3.0 = -log[Mg+2] _ mol/L;glycine buffer=0.1;(Mg)1(SO4)1=0.001 _ MgSO4 (0.001 mol/L) _ ,2.7.3.2, , , , , 
4845,712.0,4016.0,creatine kinase,kegg:C00002 + kegg:C00300 = kegg:C00008 + kegg:C02305,CHB_15422 + CHB_16919 = CHB_16761 + CHB_17287,ATP(aq) + creatine(aq) = ADP(aq) + phosphocreatine(aq), ,54NOD/KUB, , ,303.15,9.8,1.3, ,spectrophotometry, ,1.7 = -log[Mg+2] _ mol/L;glycine buffer=0.1;(Mg)1(SO4)1=0.02 _ MgSO4 (0.02 mol/L) _ ,2.7.3.2, , , , , 
4846,709.0,4017.0,creatine kinase,kegg:C00002 + kegg:C00300 = kegg:C00008 + kegg:C02305,CHB_15422 + CHB_16919 = CHB_16761 + CHB_17287,ATP(aq) + creatine(aq) = ADP(aq) + phosphocreatine(aq), ,54NOD/KUB, , ,303.15,9.8,2.7, ,spectrophotometry, ,2.7 = -log[Mg+2] _ mol/L;glycine buffer=0.1;(Mg)1(SO4)1=0.002 _ MgSO4 (0.002 mol/L) _ ,2.7.3.2, , , , , 
4847,686.0,4018.0,creatine kinase,kegg:C00002 + kegg:C00300 = kegg:C00008 + kegg:C02305,CHB_15422 + CHB_16919 = CHB_16761 + CHB_17287,ATP(aq) + creatine(aq) = ADP(aq) + phosphocreatine(aq), ,54NOD/KUB, , ,303.15,8.6,0.12, ,spectrophotometry, ,mol/L;glycine buffer=0.1;(Mn)1(SO4)1=0.01 _ MnSO4 (0.01 mol/L) _ ,2.7.3.2, , , , , 
4848,687.0,4019.0,creatine kinase,kegg:C00002 + kegg:C00300 = kegg:C00008 + kegg:C02305,CHB_15422 + CHB_16919 = CHB_16761 + CHB_17287,ATP(aq) + creatine(aq) = ADP(aq) + phosphocreatine(aq), ,54NOD/KUB, , ,303.15,8.77,0.17, ,spectrophotometry, ,mol/L;glycine buffer=0.1;(Mn)1(SO4)1=0.01 _ MnSO4 (0.01 mol/L) _ ,2.7.3.2, , , , , 
4849,684.0,4020.0,creatine kinase,kegg:C00002 + kegg:C00300 = kegg:C00008 + kegg:C02305,CHB_15422 + CHB_16919 = CHB_16761 + CHB_17287,ATP(aq) + creatine(aq) = ADP(aq) + phosphocreatine(aq), ,54NOD/KUB, , ,303.15,8.78,0.18, ,spectrophotometry, ,mol/L;glycine buffer=0.1;(Mn)1(SO4)1=0.006 _ MnSO4 (0.006 mol/L) _ ,2.7.3.2, , , , , 
4850,683.0,4021.0,creatine kinase,kegg:C00002 + kegg:C00300 = kegg:C00008 + kegg:C02305,CHB_15422 + CHB_16919 = CHB_16761 + CHB_17287,ATP(aq) + creatine(aq) = ADP(aq) + phosphocreatine(aq), ,54NOD/KUB, , ,303.15,8.87,0.88, ,spectrophotometry, ,mol/L;glycine buffer=0.1;(Mn)1(SO4)1=0.002 _ MnSO4 (0.002 mol/L) _ ,2.7.3.2, , , , , 
4851,692.0,4022.0,creatine kinase,kegg:C00002 + kegg:C00300 = kegg:C00008 + kegg:C02305,CHB_15422 + CHB_16919 = CHB_16761 + CHB_17287,ATP(aq) + creatine(aq) = ADP(aq) + phosphocreatine(aq), ,54NOD/KUB, , ,311.15,8.82,0.52, ,spectrophotometry, ,2.7 = -log[Mg+2] _ mol/L;glycine buffer=0.1;(Mg)1(SO4)1=0.002 _ MgSO4 (0.002 mol/L) _ ,2.7.3.2, , , , , 
4852,699.0,4023.0,creatine kinase,kegg:C00002 + kegg:C00300 = kegg:C00008 + kegg:C02305,CHB_15422 + CHB_16919 = CHB_16761 + CHB_17287,ATP(aq) + creatine(aq) = ADP(aq) + phosphocreatine(aq), ,54NOD/KUB, , ,303.15,7.4,0.0096, ,spectrophotometry, ,1.7 = -log[Mg+2] _ mol/L;glycylglycine buffer=0.1;(Mg)1(SO4)1=0.02 _ MgSO4 (0.02 mol/L) _ ,2.7.3.2, , , , , 
4853,694.0,4024.0,creatine kinase,kegg:C00002 + kegg:C00300 = kegg:C00008 + kegg:C02305,CHB_15422 + CHB_16919 = CHB_16761 + CHB_17287,ATP(aq) + creatine(aq) = ADP(aq) + phosphocreatine(aq), ,54NOD/KUB, , ,311.15,8.82,0.19, ,spectrophotometry, ,2.0 = -log[Mg+2] _ mol/L;glycine buffer=0.1;(Mg)1(SO4)1=0.01 _ MgSO4 (0.01 mol/L) _ ,2.7.3.2, , , , , 
4854,696.0,4025.0,creatine kinase,kegg:C00002 + kegg:C00300 = kegg:C00008 + kegg:C02305,CHB_15422 + CHB_16919 = CHB_16761 + CHB_17287,ATP(aq) + creatine(aq) = ADP(aq) + phosphocreatine(aq), ,54NOD/KUB, , ,303.15,7.4,0.032, ,spectrophotometry, ,2.7 = -log[Mg+2] _ mol/L;glycylglycine buffer=0.1;(Mg)1(SO4)1=0.002 _ MgSO4 (0.002 mol/L) _ ,2.7.3.2, , , , , 
4855,685.0,4026.0,creatine kinase,kegg:C00002 + kegg:C00300 = kegg:C00008 + kegg:C02305,CHB_15422 + CHB_16919 = CHB_16761 + CHB_17287,ATP(aq) + creatine(aq) = ADP(aq) + phosphocreatine(aq), ,54NOD/KUB, , ,303.15,8.82,0.29, ,spectrophotometry, ,mol/L;glycine buffer=0.1;(Mn)1(SO4)1=0.006 _ MnSO4 (0.006 mol/L) _ ,2.7.3.2, , , , , 
4856,711.0,4027.0,creatine kinase,kegg:C00002 + kegg:C00300 = kegg:C00008 + kegg:C02305,CHB_15422 + CHB_16919 = CHB_16761 + CHB_17287,ATP(aq) + creatine(aq) = ADP(aq) + phosphocreatine(aq), ,54NOD/KUB, , ,303.15,9.8,1.4, ,spectrophotometry, ,2.0 = -log[Mg+2] _ mol/L;glycine buffer=0.1;(Mg)1(SO4)1=0.01 _ MgSO4 (0.01 mol/L) _ ,2.7.3.2, , , , , 
4857,,4028.0,creatine kinase,kegg:C00002 + kegg:C00300 = kegg:C00008 + kegg:C02305, ,ATP(aq) + creatine(aq) = ADP(aq) + phosphocreatine(aq), ,54NOD/KUB, , ,303.15,9.8,1.4, ,spectrophotometry, ,2.0 = -log[Mg+2],2.7.3.2, , , , , 
4858,695.0,4029.0,creatine kinase,kegg:C00002 + kegg:C00300 = kegg:C00008 + kegg:C02305,CHB_15422 + CHB_16919 = CHB_16761 + CHB_17287,ATP(aq) + creatine(aq) = ADP(aq) + phosphocreatine(aq), ,54NOD/KUB, , ,311.15,8.82,0.18, ,spectrophotometry, ,1.7 = -log[Mg+2] _ mol/L;glycine buffer=0.1;(Mg)1(SO4)1=0.02 _ MgSO4 (0.02 mol/L) _ ,2.7.3.2, , , , , 
4859,705.0,4030.0,creatine kinase,kegg:C00002 + kegg:C00300 = kegg:C00008 + kegg:C02305,CHB_15422 + CHB_16919 = CHB_16761 + CHB_17287,ATP(aq) + creatine(aq) = ADP(aq) + phosphocreatine(aq), ,54NOD/KUB, , ,303.15,8.9,0.61, ,spectrophotometry, ,2.7 = -log[Mg+2] _ mol/L;glycine buffer=0.1;(Mg)1(SO4)1=0.002 _ MgSO4 (0.002 mol/L) _ ,2.7.3.2, , , , , 
4860,701.0,4031.0,creatine kinase,kegg:C00002 + kegg:C00300 = kegg:C00008 + kegg:C02305,CHB_15422 + CHB_16919 = CHB_16761 + CHB_17287,ATP(aq) + creatine(aq) = ADP(aq) + phosphocreatine(aq), ,54NOD/KUB, , ,303.15,8.0,0.044, ,spectrophotometry, ,2.22 = -log[Mg+2] _ mol/L;glycylglycine buffer=0.1;(Mg)1(SO4)1=0.006 _ MgSO4 (0.006 mol/L) _ ,2.7.3.2, , , , , 
4861,693.0,4032.0,creatine kinase,kegg:C00002 + kegg:C00300 = kegg:C00008 + kegg:C02305,CHB_15422 + CHB_16919 = CHB_16761 + CHB_17287,ATP(aq) + creatine(aq) = ADP(aq) + phosphocreatine(aq), ,54NOD/KUB, , ,311.15,8.82,0.22, ,spectrophotometry, ,2.22 = -log[Mg+2] _ mol/L;glycine buffer=0.1;(Mg)1(SO4)1=0.006 _ MgSO4 (0.006 mol/L) _ ,2.7.3.2, , , , , 
4862,688.0,4033.0,creatine kinase,kegg:C00002 + kegg:C00300 = kegg:C00008 + kegg:C02305,CHB_15422 + CHB_16919 = CHB_16761 + CHB_17287,ATP(aq) + creatine(aq) = ADP(aq) + phosphocreatine(aq), ,54NOD/KUB, , ,293.15,9.02,0.78, ,spectrophotometry, ,2.7 = -log[Mg+2] _ mol/L;glycine buffer=0.1;(Mg)1(SO4)1=0.002 _ MgSO4 (0.002 mol/L) _ ,2.7.3.2, , , , , 
4863,710.0,4034.0,creatine kinase,kegg:C00002 + kegg:C00300 = kegg:C00008 + kegg:C02305,CHB_15422 + CHB_16919 = CHB_16761 + CHB_17287,ATP(aq) + creatine(aq) = ADP(aq) + phosphocreatine(aq), ,54NOD/KUB, , ,303.15,9.8,1.7, ,spectrophotometry, ,2.22 = -log[Mg+2] _ mol/L;glycine buffer=0.1;(Mg)1(SO4)1=0.006 _ MgSO4 (0.006 mol/L) _ ,2.7.3.2, , , , , 
4864,707.0,4035.0,creatine kinase,kegg:C00002 + kegg:C00300 = kegg:C00008 + kegg:C02305,CHB_15422 + CHB_16919 = CHB_16761 + CHB_17287,ATP(aq) + creatine(aq) = ADP(aq) + phosphocreatine(aq), ,54NOD/KUB, , ,303.15,8.9,0.24, ,spectrophotometry, ,2.0 = -log[Mg+2] _ mol/L;glycine buffer=0.1;(Mg)1(SO4)1=0.01 _ MgSO4 (0.01 mol/L) _ ,2.7.3.2, , , , , 
4865,690.0,4036.0,creatine kinase,kegg:C00002 + kegg:C00300 = kegg:C00008 + kegg:C02305,CHB_15422 + CHB_16919 = CHB_16761 + CHB_17287,ATP(aq) + creatine(aq) = ADP(aq) + phosphocreatine(aq), ,54NOD/KUB, , ,293.15,9.02,0.31, ,spectrophotometry, ,2.0 = -log[Mg+2] _ mol/L;glycine buffer=0.1;(Mg)1(SO4)1=0.01 _ MgSO4 (0.01 mol/L) _ ,2.7.3.2, , , , , 
4866,706,4037.0,creatine kinase,kegg:C00002 + kegg:C00300 = kegg:C00008 + kegg:C02305,CHB_15422 + CHB_16919 = CHB_16761 + CHB_17287,ATP(aq) + creatine(aq) = ADP(aq) + phosphocreatine(aq), ,54NOD/KUB, , ,303.15,8.9,0.29, ,spectrophotometry, ,2.22 = -log[Mg+2] _ mol/L;glycine buffer=0.1;(Mg)1(SO4)1=0.006 _ MgSO4 (0.006 mol/L) _ ,2.7.3.2, , ,, , 
4867,126.0,4049.0,alanine racemase,kegg:C00041 = kegg:C00133,CHB_16977 = CHB_15570,L-alanine(aq) = D-alanine(aq), ,06ONO/YAN, , ,310.15,9.0,1.0, ,chromatography, ,   ,5.1.1.1, , , , , 
4868,,4070.0,"3 ', 5 '-cyclic-GMP phosphodiesterase",kegg:C00942 + kegg:C00001 = kegg:C00144, ,"guanosine 3 ',5 '-cyclic phosphate(aq) + H2O(l) = guanosine 5 '-phosphate(aq)", ,89HAG/ROS, , ,298.15,7.15, , ,calorimetry, , ,3.1.4.35, , , , , 
4869,,4090.0,tyrosine-tRNA ligase,kegg:C00002 + kegg:C00082 + kegg:C00787 = kegg:C00020 + kegg:C00013 + kegg:C02839, ,ATP(aq) + L-tyrosine(aq) + tRNA-Tyr(aq) = AMP(aq) + pyrophosphate(aq) + L-tyrosyl-tRNA-Tyr(aq), ,06AIR2, , ,303.15,7.4,2.91, ,radioactivity, ,1.74 = -log[Mg+2],6.1.1.1, , , , , 
4870,,4091.0,tyrosine-tRNA ligase,kegg:C00002 + kegg:C00082 + kegg:C00787 = kegg:C00020 + kegg:C00013 + kegg:C02839, ,ATP(aq) + L-tyrosine(aq) + tRNA-Tyr(aq) = AMP(aq) + pyrophosphate(aq) + L-tyrosyl-tRNA-Tyr(aq), ,06AIR2, , ,303.15,7.4,2.46, ,radioactivity, ,1.85 = -log[Mg+2],6.1.1.1, , , , , 
4871,,4092.0,tyrosine-tRNA ligase,kegg:C00002 + kegg:C00082 + kegg:C00787 = kegg:C00020 + kegg:C00013 + kegg:C02839, ,ATP(aq) + L-tyrosine(aq) + tRNA-Tyr(aq) = AMP(aq) + pyrophosphate(aq) + L-tyrosyl-tRNA-Tyr(aq), ,06AIR2, , ,303.15,7.4,1.07, ,radioactivity, ,2.7 = -log[Mg+2],6.1.1.1, , , , , 
4872,,4093.0,tyrosine-tRNA ligase,kegg:C00002 + kegg:C00082 + kegg:C00787 = kegg:C00020 + kegg:C00013 + kegg:C02839, ,ATP(aq) + L-tyrosine(aq) + tRNA-Tyr(aq) = AMP(aq) + pyrophosphate(aq) + L-tyrosyl-tRNA-Tyr(aq), ,06AIR2, , ,303.15,7.4,0.91, ,radioactivity, ,3.49 = -log[Mg+2],6.1.1.1, , , , , 
4873,,4094.0,tyrosine-tRNA ligase,kegg:C00002 + kegg:C00082 + kegg:C00787 = kegg:C00020 + kegg:C00013 + kegg:C02839, ,ATP(aq) + L-tyrosine(aq) + tRNA-Tyr(aq) = AMP(aq) + pyrophosphate(aq) + L-tyrosyl-tRNA-Tyr(aq), ,06AIR2, , ,303.15,7.4,0.98, ,radioactivity, ,3.18 = -log[Mg+2],6.1.1.1, , , , , 
4874,,4095.0,tyrosine-tRNA ligase,kegg:C00002 + kegg:C00082 + kegg:C00787 = kegg:C00020 + kegg:C00013 + kegg:C02839, ,ATP(aq) + L-tyrosine(aq) + tRNA-Tyr(aq) = AMP(aq) + pyrophosphate(aq) + L-tyrosyl-tRNA-Tyr(aq), ,06AIR2, , ,303.15,7.4,2.69, ,radioactivity, ,1.85 = -log[Mg+2],6.1.1.1, , , , , 
4875,,4096.0,tyrosine-tRNA ligase,kegg:C00002 + kegg:C00082 + kegg:C00787 = kegg:C00020 + kegg:C00013 + kegg:C02839, ,ATP(aq) + L-tyrosine(aq) + tRNA-Tyr(aq) = AMP(aq) + pyrophosphate(aq) + L-tyrosyl-tRNA-Tyr(aq), ,06AIR2, , ,303.15,7.4,1.21, ,radioactivity, ,2.52 = -log[Mg+2],6.1.1.1, , , , , 
4876,,4097.0,tyrosine-tRNA ligase,kegg:C00002 + kegg:C00082 + kegg:C00787 = kegg:C00020 + kegg:C00013 + kegg:C02839, ,ATP(aq) + L-tyrosine(aq) + tRNA-Tyr(aq) = AMP(aq) + pyrophosphate(aq) + L-tyrosyl-tRNA-Tyr(aq), ,06AIR2, , ,303.15,7.4,0.96, ,radioactivity, ,3.18 = -log[Mg+2],6.1.1.1, , , , , 
4877,,4098.0,tyrosine-tRNA ligase,kegg:C00002 + kegg:C00082 + kegg:C00787 = kegg:C00020 + kegg:C00013 + kegg:C02839, ,ATP(aq) + L-tyrosine(aq) + tRNA-Tyr(aq) = AMP(aq) + pyrophosphate(aq) + L-tyrosyl-tRNA-Tyr(aq), ,06AIR2, , ,303.15,7.4,1.31, ,radioactivity, ,2.4 = -log[Mg+2],6.1.1.1, , , , , 
4878,,4099.0,tyrosine-tRNA ligase,kegg:C00002 + kegg:C00082 + kegg:C00787 = kegg:C00020 + kegg:C00013 + kegg:C02839, ,ATP(aq) + L-tyrosine(aq) + tRNA-Tyr(aq) = AMP(aq) + pyrophosphate(aq) + L-tyrosyl-tRNA-Tyr(aq), ,06AIR2, , ,303.15,7.4,1.09, ,radioactivity, ,2.7 = -log[Mg+2],6.1.1.1, , , , , 
4879,,4100.0,tyrosine-tRNA ligase,kegg:C00002 + kegg:C00082 + kegg:C00787 = kegg:C00020 + kegg:C00013 + kegg:C02839, ,ATP(aq) + L-tyrosine(aq) + tRNA-Tyr(aq) = AMP(aq) + pyrophosphate(aq) + L-tyrosyl-tRNA-Tyr(aq), ,06AIR2, , ,303.15,7.4,1.56, ,radioactivity, ,2.22 = -log[Mg+2],6.1.1.1, , , , , 
4880,,4101.0,tyrosine-tRNA ligase,kegg:C00002 + kegg:C00082 + kegg:C00787 = kegg:C00020 + kegg:C00013 + kegg:C02839, ,ATP(aq) + L-tyrosine(aq) + tRNA-Tyr(aq) = AMP(aq) + pyrophosphate(aq) + L-tyrosyl-tRNA-Tyr(aq), ,06AIR2, , ,303.15,7.4,0.96, ,radioactivity, ,2.96 = -log[Mg+2],6.1.1.1, , , , , 
4881,,4102.0,tyrosine-tRNA ligase,kegg:C00002 + kegg:C00082 + kegg:C00787 = kegg:C00020 + kegg:C00013 + kegg:C02839, ,ATP(aq) + L-tyrosine(aq) + tRNA-Tyr(aq) = AMP(aq) + pyrophosphate(aq) + L-tyrosyl-tRNA-Tyr(aq), ,06AIR2, , ,303.15,7.4,1.8, ,radioactivity, ,2.22 = -log[Mg+2],6.1.1.1, , , , , 
4882,,4103.0,tyrosine-tRNA ligase,kegg:C00002 + kegg:C00082 + kegg:C00787 = kegg:C00020 + kegg:C00013 + kegg:C02839, ,ATP(aq) + L-tyrosine(aq) + tRNA-Tyr(aq) = AMP(aq) + pyrophosphate(aq) + L-tyrosyl-tRNA-Tyr(aq), ,06AIR2, , ,303.15,7.4,1.35, ,radioactivity, ,2.4 = -log[Mg+2],6.1.1.1, , , , , 
4883,,4104.0,tyrosine-tRNA ligase,kegg:C00002 + kegg:C00082 + kegg:C00787 = kegg:C00020 + kegg:C00013 + kegg:C02839, ,ATP(aq) + L-tyrosine(aq) + tRNA-Tyr(aq) = AMP(aq) + pyrophosphate(aq) + L-tyrosyl-tRNA-Tyr(aq), ,06AIR2, , ,303.15,7.4,1.09, ,radioactivity, ,2.96 = -log[Mg+2],6.1.1.1, , , , , 
4884,,4105.0,tyrosine-tRNA ligase,kegg:C00002 + kegg:C00082 + kegg:C00787 = kegg:C00020 + kegg:C00013 + kegg:C02839, ,ATP(aq) + L-tyrosine(aq) + tRNA-Tyr(aq) = AMP(aq) + pyrophosphate(aq) + L-tyrosyl-tRNA-Tyr(aq), ,06AIR2, , ,303.15,7.4,1.21, ,radioactivity, ,2.52 = -log[Mg+2],6.1.1.1, , , , , 
4885,,4106.0,tyrosine-tRNA ligase,kegg:C00002 + kegg:C00082 + kegg:C00787 = kegg:C00020 + kegg:C00013 + kegg:C02839, ,ATP(aq) + L-tyrosine(aq) + tRNA-Tyr(aq) = AMP(aq) + pyrophosphate(aq) + L-tyrosyl-tRNA-Tyr(aq), ,06AIR2, , ,303.15,7.4,1.99, ,radioactivity, ,2.0 = -log[Mg+2],6.1.1.1, , , , , 
4886,,4107.0,tyrosine-tRNA ligase,kegg:C00002 + kegg:C00082 + kegg:C00787 = kegg:C00020 + kegg:C00013 + kegg:C02839, ,ATP(aq) + L-tyrosine(aq) + tRNA-Tyr(aq) = AMP(aq) + pyrophosphate(aq) + L-tyrosyl-tRNA-Tyr(aq), ,06AIR2, , ,303.15,7.4,2.16, ,radioactivity, ,2.0 = -log[Mg+2],6.1.1.1, , , , , 
4887,,4108.0,tyrosine-tRNA ligase,kegg:C00002 + kegg:C00082 + kegg:C00787 = kegg:C00020 + kegg:C00013 + kegg:C02839, ,ATP(aq) + L-tyrosine(aq) + tRNA-Tyr(aq) = AMP(aq) + pyrophosphate(aq) + L-tyrosyl-tRNA-Tyr(aq), ,06AIR2, , ,303.15,7.4,0.95, ,radioactivity, ,3.49 = -log[Mg+2],6.1.1.1, , , , , 
4888,,4109.0,tyrosine-tRNA ligase,kegg:C00002 + kegg:C00082 + kegg:C00787 = kegg:C00020 + kegg:C00013 + kegg:C02839, ,ATP(aq) + L-tyrosine(aq) + tRNA-Tyr(aq) = AMP(aq) + pyrophosphate(aq) + L-tyrosyl-tRNA-Tyr(aq), ,06AIR2, , ,303.15,7.4,0.95, ,radioactivity, ,3.49 = -log[Mg+2],6.1.1.1, , , , , 
4889,,4128.0,threonin-tRNA ligase,kegg:C00002 + kegg:C00188 + kegg:C01651 = kegg:C00020 + kegg:C00013 + kegg:C02992, ,ATP(aq) + L-threonine(aq) + tRNA-Thr(aq) = AMP(aq) + pyrophosphate(aq) + L-threonyl-tRNA-Thr(aq), ,60LEA/GLA, , ,310.16,7.0,0.37, ,radioactivity, , ,6.1.1.3, , , , , 
4890,4195.0,4258.0,xylose isomerase,kegg:C00031 = kegg:C00095,CHB_4167 = CHB_37721,D-glucose(aq) = D-fructose(aq), ,98CON/DEL, , ,348.15,7.0,1.21, ,chromatography, ,mol/L;(Mg)1(SO4)1=0.004;(Na)2(SO3)1=0.008;Tris=0.05  ,5.3.1.5, , , , , 
4891,4196.0,4259.0,xylose isomerase,kegg:C00031 = kegg:C00095,CHB_4167 = CHB_37721,D-glucose(aq) = D-fructose(aq), ,98CON/DEL, , ,353.15,7.0,1.39, ,chromatography, ,mol/L;(Mg)1(SO4)1=0.004;(Na)2(SO3)1=0.008;Tris=0.05  ,5.3.1.5, , , , , 
4892,4192,4260.0,xylose isomerase,kegg:C00031 = kegg:C00095,CHB_4167 = CHB_37721,D-glucose(aq) = D-fructose(aq), ,98CON/DEL, , ,333.15,7.0,0.99, ,chromatography, ,mol/L;(Mg)1(SO4)1=0.004;(Na)2(SO3)1=0.008;Tris=0.05 _ nan _ ,5.3.1.5, , ,, , 
4893,4193.0,4261.0,xylose isomerase,kegg:C00031 = kegg:C00095,CHB_4167 = CHB_37721,D-glucose(aq) = D-fructose(aq), ,98CON/DEL, , ,338.15,7.0,1.02, ,chromatography, ,mol/L;(Mg)1(SO4)1=0.004;(Na)2(SO3)1=0.008;Tris=0.05  ,5.3.1.5, , , , , 
4894,4194.0,4262.0,xylose isomerase,kegg:C00031 = kegg:C00095,CHB_4167 = CHB_37721,D-glucose(aq) = D-fructose(aq), ,98CON/DEL, , ,343.15,7.0,1.14, ,chromatography, ,mol/L;(Mg)1(SO4)1=0.004;(Na)2(SO3)1=0.008;Tris=0.05  ,5.3.1.5, , , , , 
4895,3381,4269.0,inorganic pyrophosphatase,kegg:C00013 + kegg:C00001 = 2 kegg:C00009,CHB_15377 + CHB_18361 = 2 CHB_26078,pyrophosphate(aq) + H2O(l) = 2 orthophosphate(aq), ,85DEM/BEH, , ,303.15,6.2,329.0, ,radioactivity, ,"2.4 = -log[Mg+2] _ mol/L;MES buffer=0.05;pyrophosphate=0.001;orthophosphate=0;(Mg)1(Cl)2=0.01 _ MgCl2 (0.01 mol/L), orthophosphate (0.001 mol/L) _ ",3.6.1.1, , ,, , 
4896,3382,4270.0,inorganic pyrophosphatase,kegg:C00013 + kegg:C00001 = 2 kegg:C00009,CHB_15377 + CHB_18361 = 2 CHB_26078,pyrophosphate(aq) + H2O(l) = 2 orthophosphate(aq), ,85DEM/BEH, , ,303.15,6.2,133.0, ,radioactivity, ,"2.0 = -log[Mg+2] _ mol/L;MES buffer=0.05;pyrophosphate=0.001;orthophosphate=0;(Mg)1(Cl)2=0.025 _ MgCl2 (0.02 mol/L), orthophosphate (0.001 mol/L) _ ",3.6.1.1, , ,, , 
4897,,4271.0,inorganic pyrophosphatase,kegg:C00013 + kegg:C00001 = 2 kegg:C00009, ,pyrophosphate(aq) + H2O(l) = 2 orthophosphate(aq), ,85DEM/BEH, , ,303.15,6.2,100.0, ,radioactivity, ,1.7 = -log[Mg+2],3.6.1.1, , , , , 
4898,3380,4272.0,inorganic pyrophosphatase,kegg:C00013 + kegg:C00001 = 2 kegg:C00009,CHB_15377 + CHB_18361 = 2 CHB_26078,pyrophosphate(aq) + H2O(l) = 2 orthophosphate(aq), ,85DEM/BEH, , ,303.15,7.2,619.0, ,radioactivity, ,"3.0 = -log[Mg+2] _ mol/L;MOPS buffer=0.05;pyrophosphate=0.001;orthophosphate=0;(Mg)1(Cl)2=0.001 _ MgCl2 (0.001 mol/L), orthophosphate (0.001 mol/L) _ ",3.6.1.1, , ,, , 
4899,3378.0,4273.0,inorganic pyrophosphatase,kegg:C00013 + kegg:C00001 = 2 kegg:C00009,CHB_15377 + CHB_18361 = 2 CHB_26078,pyrophosphate(aq) + H2O(l) = 2 orthophosphate(aq), ,85DEM/BEH, , ,303.15,7.2,224.0, ,radioactivity, ,"2.4 = -log[Mg+2] _ mol/L;MOPS buffer=0.05;pyrophosphate=0.001;orthophosphate=0;(Mg)1(Cl)2=0.004 _ MgCl2 (0.004 mol/L), orthophosphate (0.001 mol/L) _ ",3.6.1.1, , , , , 
4900,3375,4274.0,inorganic pyrophosphatase,kegg:C00013 + kegg:C00001 = 2 kegg:C00009,CHB_15377 + CHB_18361 = 2 CHB_26078,pyrophosphate(aq) + H2O(l) = 2 orthophosphate(aq), ,85DEM/BEH, , ,303.15,7.2,79.0, ,radioactivity, ,"2.0 = -log[Mg+2] _ mol/L;MOPS buffer=0.05;pyrophosphate=0.001;orthophosphate=0;(Mg)1(Cl)2=0.01 _ MgCl2 (0.01 mol/L), orthophosphate (0.001 mol/L) _ ",3.6.1.1, , ,, , 
4901,3371,4275.0,inorganic pyrophosphatase,kegg:C00013 + kegg:C00001 = 2 kegg:C00009,CHB_15377 + CHB_18361 = 2 CHB_26078,pyrophosphate(aq) + H2O(l) = 2 orthophosphate(aq), ,85DEM/BEH, , ,303.15,8.0,584.0, ,radioactivity, ,"2.3 = -log[Mg+2] _ mol/L;Tris-HCl=0.05;pyrophosphate=0.001;orthophosphate=0;(Mg)1(Cl)2=0.0005 _ MgCl2 (0.005 mol/L), orthophosphate (0.001 mol/L) _ ",3.6.1.1, , ,, , 
4902,,4276.0,inorganic pyrophosphatase,kegg:C00013 + kegg:C00001 = 2 kegg:C00009, ,pyrophosphate(aq) + H2O(l) = 2 orthophosphate(aq), ,85DEM/BEH, , ,303.15,8.0,413.0, ,radioactivity, ,2.15 = -log[Mg+2],3.6.1.1, , , , , 
4903,3377.0,4277.0,inorganic pyrophosphatase,kegg:C00013 + kegg:C00001 = 2 kegg:C00009,CHB_15377 + CHB_18361 = 2 CHB_26078,pyrophosphate(aq) + H2O(l) = 2 orthophosphate(aq), ,85DEM/BEH, , ,303.15,7.2,136.0, ,radioactivity, ,"2.22 = -log[Mg+2] _ mol/L;MOPS buffer=0.05;pyrophosphate=0.001;orthophosphate=0;(Mg)1(Cl)2=0.006 _ MgCl2 (0.006 mol/L), orthophosphate (0.001 mol/L) _ ",3.6.1.1, , , , , 
4904,3379,4278.0,inorganic pyrophosphatase,kegg:C00013 + kegg:C00001 = 2 kegg:C00009,CHB_15377 + CHB_18361 = 2 CHB_26078,pyrophosphate(aq) + H2O(l) = 2 orthophosphate(aq), ,85DEM/BEH, , ,303.15,7.2,406.0, ,radioactivity, ,"2.7 = -log[Mg+2] _ mol/L;MOPS buffer=0.05;pyrophosphate=0.001;orthophosphate=0;(Mg)1(Cl)2=0.002 _ MgCl2 (0.002 mol/L), orthophosphate (0.001 mol/L) _ ",3.6.1.1, , ,, , 
4905,3374.0,4279.0,inorganic pyrophosphatase,kegg:C00013 + kegg:C00001 = 2 kegg:C00009,CHB_15377 + CHB_18361 = 2 CHB_26078,pyrophosphate(aq) + H2O(l) = 2 orthophosphate(aq), ,85DEM/BEH, , ,303.15,8.0,345.6, ,radioactivity, ,"3.0 = -log[Mg+2] _   _ MgCl2 (0.001 mol/L), orthophosphate (0.001 mol/L) _ ",3.6.1.1, , , , , 
4906,3372.0,4280.0,inorganic pyrophosphatase,kegg:C00013 + kegg:C00001 = 2 kegg:C00009,CHB_15377 + CHB_18361 = 2 CHB_26078,pyrophosphate(aq) + H2O(l) = 2 orthophosphate(aq), ,85DEM/BEH, , ,303.15,8.0,400.0, ,radioactivity, ,"2.05 = -log[Mg+2] _ mol/L;Tris-HCl=0.05;pyrophosphate=0.001;orthophosphate=0;(Mg)1(Cl)2=0.0007 _ MgCl2 (0.007 mol/L), orthophosphate (0.001 mol/L) _ ",3.6.1.1, , , , , 
4907,3376.0,4281.0,inorganic pyrophosphatase,kegg:C00013 + kegg:C00001 = 2 kegg:C00009,CHB_15377 + CHB_18361 = 2 CHB_26078,pyrophosphate(aq) + H2O(l) = 2 orthophosphate(aq), ,85DEM/BEH, , ,303.15,7.2,85.5, ,radioactivity, ,"2.1 = -log[Mg+2] _ mol/L;MOPS buffer=0.05;pyrophosphate=0.001;orthophosphate=0;(Mg)1(Cl)2=0.008 _ MgCl2 (0.008 mol/L), orthophosphate (0.001 mol/L) _ ",3.6.1.1, , , , , 
4908,,4315.0,superoxide dismutase,2 kegg:C00704 = kegg:C00007 + kegg:C00027, ,2 O2- = O2 + H2O2, ,98LIA/QU, , ,298.15,8.0, , ,calorimetry, , ,1.15.1.1, , , , , 
4909,,4344.0,succinate-semialdehyde reductase,kegg:C00232 + kegg:C00005 = kegg:C00989 + kegg:C00006, ,4-oxobutanoate(aq) + NADP(red)(aq) = 4-hydroxybutanoate(aq) + NADP(ox)(aq), ,85HEA/CHU, , ,298.15,7.0,3.7, ,spectrophotometry, , ,1.2.1. & 1.2.1.a, , , , , 
4910,3579.0,4375.0,5 '-methylthioadenosine phosphorylase,kegg:C00170 + kegg:C00009 = kegg:C00147 + kegg:C04188,CHB_17509 + CHB_26078 = CHB_16708 + CHB_27859,5 '-methylthioadenosine(aq) + orthophosphate(aq) = adenine(aq) + 5-methylthio-D-ribose 1-phosphate(aq), ,86RAG/CAR, , ,310.15,7.4,0.0139, ,chromatography and radioactivity, ,mol/L;Tris-HCl=0.05  ,2.4.2.28, , , , , 
4911,3248.0,4403.0,uridine phosphorylase,kegg:C00299 + kegg:C00009 = kegg:C00106 + kegg:C00620,CHB_16704 + CHB_26078 = CHB_17568 + CHB_35425,uridine(aq) + orthophosphate(aq) = uracil(aq) + D-ribose 1-phosphate(aq), ,83VIT/HUA, , ,303.15,7.56,0.58, ,spectrophotometry, ,mol/L;HEPES=0.05;(K)1(Cl)1=0.01  ,2.4.2.3, , , , , 
4912,,4420.0,1-piperidine-2-carboxylate reductase,kegg:C00408 + kegg:C00006 = kegg:C04092 + kegg:C00005, ,L-pipecolate(aq) + NADP(aq) =D-1-piperidine-2-carboxylate(aq) + NADPH(aq), ,91SRI/NAM, , ,291.1,9.1,0.00775, ,spectrophotometry, , ,1.5.1.21, , , , , 
4913,,4421.0,1-piperidine-2-carboxylate reductase,kegg:C00408 + kegg:C00006 = kegg:C04092 + kegg:C00005, ,L-pipecolate(aq) + NADP(aq) =D-1-piperidine-2-carboxylate(aq) + NADPH(aq), ,91SRI/NAM, , ,297.6,9.1,0.00585, ,spectrophotometry, , ,1.5.1.21, , , , , 
4914,,4422.0,1-piperidine-2-carboxylate reductase,kegg:C00408 + kegg:C00006 = kegg:C04092 + kegg:C00005, ,L-pipecolate(aq) + NADP(aq) =D-1-piperidine-2-carboxylate(aq) + NADPH(aq), ,91SRI/NAM, , ,281.2,9.1,0.0103, ,spectrophotometry, , ,1.5.1.21, , , , , 
4915,,4423.0,1-piperidine-2-carboxylate reductase,kegg:C00408 + kegg:C00006 = kegg:C04092 + kegg:C00005, ,L-pipecolate(aq) + NADP(aq) =D-1-piperidine-2-carboxylate(aq) + NADPH(aq), ,91SRI/NAM, , ,285.3,9.1,0.00719, ,spectrophotometry, , ,1.5.1.21, , , , , 
4916,,4424.0,1-piperidine-2-carboxylate reductase,kegg:C00408 + kegg:C00006 = kegg:C04092 + kegg:C00005, ,L-pipecolate(aq) + NADP(aq) =D-1-piperidine-2-carboxylate(aq) + NADPH(aq), ,91SRI/NAM, , ,305.0,9.1,0.00526, ,spectrophotometry, , ,1.5.1.21, , , , , 
4917,,4425.0,1-piperidine-2-carboxylate reductase,kegg:C00408 + kegg:C00006 = kegg:C04092 + kegg:C00005, ,L-pipecolate(aq) + NADP(aq) =D-1-piperidine-2-carboxylate(aq) + NADPH(aq), ,91SRI/NAM, , ,277.8,9.1,0.0111, ,spectrophotometry, , ,1.5.1.21, , , , , 
4918,35.0,4429.0,cholestenol  -isomerase,kegg:C05439 = kegg:C05437,CHB_16290 = CHB_18252,"(3,5)-cholesta-7,24-diene-3-ol(aq) = (3,5)-cholesta-8,24-diene-3-ol(aq)", ,02NES/ZHO, , ,310.15,7.5,14.0, ,chromatography and radioactivituy, ,   ,5.3.3.5, , , , , 
4919,1064.0,4496.0,",-trehalose-phosphate synthase (UDP-forming)",kegg:C00029 + kegg:C00092 = kegg:C00015 + kegg:C00689,CHB_18066 + CHB_4170 = CHB_17659 + CHB_18283,"UDP-glucose + D-glucose 6-phosphate = UDP + alpha,alpha'-trehalose 6-phosphate", ,58CAB/LEL, , ,310.15,6.1,40.0, ,enzymatic assay and spectrophotometry, ,mol/L;EDTA=0.001;(Mg)1(SO4)1=0.025;UDPglucose=0.00444;D-glucose 6-phosphate=0.008;UDP=0;trehalose 6-phosphate=0  ,2.4.1.15, , , , , 
4920,29.0,4497.0,pyruvate kinase,kegg:C00002 + kegg:C00022 = kegg:C00074 + kegg:C00008,CHB_15361 + CHB_15422 = CHB_16761 + CHB_18021,ATP(aq) + pyruvate(aq) = phosphoenolpyruvate(aq) + ADP(aq), ,02DOB/HIT, , ,318.14,7.0,2.84e-05, ,spectrophotometry and enzymatic assay, ,3.0 = -log[Mg+2] _ mol/L;IS=0.25;Mg2+_free=0.001  ,2.7.1.40, , ,0.25,0.25, 
4921,31.0,4498.0,pyruvate kinase,kegg:C00002 + kegg:C00022 = kegg:C00074 + kegg:C00008,CHB_15361 + CHB_15422 = CHB_16761 + CHB_18021,ATP(aq) + pyruvate(aq) = phosphoenolpyruvate(aq) + ADP(aq), ,02DOB/HIT, , ,298.15,6.94,2.82e-05, ,spectrophotometry and enzymatic assay, ,3.26 = -log[Mg+2] _    ,2.7.1.40, , , , , 
4922,26.0,4499.0,pyruvate kinase,kegg:C00002 + kegg:C00022 = kegg:C00074 + kegg:C00008,CHB_15361 + CHB_15422 = CHB_16761 + CHB_18021,ATP(aq) + pyruvate(aq) = phosphoenolpyruvate(aq) + ADP(aq), ,02DOB/HIT, , ,278.43,7.0,2.25e-05, ,spectrophotometry and enzymatic assay, ,3.0 = -log[Mg+2] _ mol/L;IS=0.25;Mg2+_free=0.001  ,2.7.1.40, , ,0.25,0.25, 
4923,23.0,4500.0,pyruvate kinase,kegg:C00002 + kegg:C00022 = kegg:C00074 + kegg:C00008,CHB_15361 + CHB_15422 = CHB_16761 + CHB_18021,ATP(aq) + pyruvate(aq) = phosphoenolpyruvate(aq) + ADP(aq), ,02DOB/HIT, , ,298.15,7.0,2.78e-05, ,spectrophotometry and enzymatic assay, ,3.0 = -log[Mg+2] _ mol/L;IS=0.25;Mg2+_free=0.001  ,2.7.1.40, , ,0.25,0.25, 
4924,30.0,4501.0,pyruvate kinase,kegg:C00002 + kegg:C00022 = kegg:C00074 + kegg:C00008,CHB_15361 + CHB_15422 = CHB_16761 + CHB_18021,ATP(aq) + pyruvate(aq) = phosphoenolpyruvate(aq) + ADP(aq), ,02DOB/HIT, , ,298.15,6.98,3.01e-05, ,spectrophotometry and enzymatic assay, ,3.22 = -log[Mg+2] _    ,2.7.1.40, , , , , 
4925,,4502.0,pyruvate kinase,kegg:C00002 + kegg:C00022 = kegg:C00074 + kegg:C00008, ,ATP(aq) + pyruvate(aq) = phosphoenolpyruvate(aq) + ADP(aq), ,02DOB/HIT, , ,298.15,7.8,1.03e-05, ,spectrophotometry and enzymatic assay, ,3.0 = -log[Mg+2],2.7.1.40, , ,0.25,0.25, 
4926,20.0,4503.0,pyruvate kinase,kegg:C00002 + kegg:C00022 = kegg:C00074 + kegg:C00008,CHB_15361 + CHB_15422 = CHB_16761 + CHB_18021,ATP(aq) + pyruvate(aq) = phosphoenolpyruvate(aq) + ADP(aq), ,02DOB/HIT, , ,298.15,7.0,2.65e-05, ,spectrophotometry and enzymatic assay, ,3.0 = -log[Mg+2] _ mol/L;IS=0.25;Mg2+_free=0.001  ,2.7.1.40, , ,0.25,0.25, 
4927,,4504.0,pyruvate kinase,kegg:C00002 + kegg:C00022 = kegg:C00074 + kegg:C00008, ,ATP(aq) + pyruvate(aq) = phosphoenolpyruvate(aq) + ADP(aq), ,02DOB/HIT, , ,298.15,6.7,6.98e-05, ,spectrophotometry and enzymatic assay, ,3.0 = -log[Mg+2],2.7.1.40, , ,0.25,0.25, 
4928,,4505.0,pyruvate kinase,kegg:C00002 + kegg:C00022 = kegg:C00074 + kegg:C00008, ,ATP(aq) + pyruvate(aq) = phosphoenolpyruvate(aq) + ADP(aq), ,02DOB/HIT, , ,280.13,7.0,2.46e-05, ,spectrophotometry and enzymatic assay, ,3.0 = -log[Mg+2],2.7.1.40, , ,0.25,0.25, 
4929,,4506.0,pyruvate kinase,kegg:C00002 + kegg:C00022 = kegg:C00074 + kegg:C00008, ,ATP(aq) + pyruvate(aq) = phosphoenolpyruvate(aq) + ADP(aq), ,02DOB/HIT, , ,298.15,6.4,0.000111, ,spectrophotometry and enzymatic assay, ,3.0 = -log[Mg+2],2.7.1.40, , ,0.25,0.25, 
4930,28.0,4507.0,pyruvate kinase,kegg:C00002 + kegg:C00022 = kegg:C00074 + kegg:C00008,CHB_15361 + CHB_15422 = CHB_16761 + CHB_18021,ATP(aq) + pyruvate(aq) = phosphoenolpyruvate(aq) + ADP(aq), ,02DOB/HIT, , ,307.93,7.0,2.74e-05, ,spectrophotometry and enzymatic assay, ,3.0 = -log[Mg+2] _ mol/L;IS=0.25;Mg2+_free=0.001  ,2.7.1.40, , ,0.25,0.25, 
4931,,4508.0,pyruvate kinase,kegg:C00002 + kegg:C00022 = kegg:C00074 + kegg:C00008, ,ATP(aq) + pyruvate(aq) = phosphoenolpyruvate(aq) + ADP(aq), ,02DOB/HIT, , ,298.15,7.4,1.58e-05, ,spectrophotometry and enzymatic assay, ,3.0 = -log[Mg+2],2.7.1.40, , ,0.25,0.25, 
4932,4280.0,4536.0,glycine cleavage system,kegg:C00037 + kegg:C00003 + kegg:C00101 = kegg:C00143 + kegg:C00004 + kegg:C00014 + kegg:C00288,CHB_15428 + CHB_15635 + CHB_15846 = CHB_16134 + CHB_16526 + CHB_16908 + CHB_1989,"glycine(aq) + NAD+(aq) + THF(aq) = 5,10-CH2-THF(aq) + NADH(aq) + NH3(aq) + CO2(aq)", ,85LIE, , ,311.15,7.0,0.00156, , , ,mol/L;IS=0.25  ,1.1.-.-, , ,0.25,0.25, 
4933,4281.0,4537.0,formaldehyde condensation with THF,kegg:C00101 + kegg:C00067 = kegg:C00143,CHB_15635 + CHB_16842 = CHB_15377 + CHB_1989,"THF(aq) + formaldehyde(aq) = 5,10-CH2-THF(aq)", ,85LIE, , ,311.15,7.0,30000.0, , , ,mol/L;IS=0.25  ,4.3.-.-, , ,0.25,0.25, 
4934,,4538.0,formaldehyde condensation with THF,kegg:C00101 + kegg:C00067 = kegg:C00143, ,"THF(aq) + formaldehyde(aq) = 5,10-CH2-THF(aq)", ,+66KAL/JEN, , ,298.15,7.0,32000.0, , , , ,4.3.-.-, , ,1.0,1.0, 
4935,,4539.0,phosphoribosylaminoimidazole carboxylase,kegg:C03373 + kegg:C00288 = kegg:C04751 + kegg:C00001, ,Aminoimidazole ribotide + CO2 = 1-(5-Phospho-D-ribosyl)-5-amino-4-imidazolecarboxylate, ,+92MEY, , ,310.15,7.8,1.8, , , , ,4.1.1.21, , , , , 
4936,,4540.0,phosphoribosylaminoimidazolecarboxamide formyltransferase,kegg:C00234 + kegg:C04677 = kegg:C00101 + kegg:C04734, ,10-Formyltetrahydrofolate + 1-(5'-Phosphoribosyl)-5-amino-4-imidazolecarboxamide = Tetrahydrofolate + 1-(5'-Phosphoribosyl)-5-formamido-4-imidazolecarboxamide, ,+00WAL, , ,298.15,7.5,0.024, , , , ,2.1.2.3, , , , , 
4937,,4541.0,formaldehyde condensation with THF,kegg:C00101 + kegg:C00067 = kegg:C00143, ,"THF(aq) + formaldehyde(aq) = 5,10-CH2-THF(aq)", ,+59BLA, , ,293.15,7.2,7700.0, , , , ,4.3.-.-, , , , , 
4938,,4542.0,3-Hexulose-6-Phosphate synthase,kegg:C00199 + kegg:C00067 = kegg:C06019, ,D-Ribulose 5-phosphate + Formaldehyde = D-arabino-Hex-3-ulose 6-phosphate, ,+74FER, , ,303.15,7.0,25000.0, , , , ,4.1.2.43, , , , , 
4939,,4543.0,3-Hexulose-6-Phosphate Isomerase,kegg:C06019 = kegg:C00085, ,D-arabino-Hex-3-ulose 6-phosphate = D-Fructose 6-phosphate, ,+74FER, , ,303.15,7.0,188.0, , , , ,5.3.1.27, , , , , 
4940,2895.0,1051.0,alkaline phosphatase,kegg:C00092 + kegg:C00001 = kegg:C00031 + kegg:C00009,CHB_15377 + CHB_4170 = CHB_26078 + CHB_4167,D-glucose 6-phosphate(aq) + H2O(l) = D-glucose(aq) + orthophosphate(aq), ,79LAW/VEE, , ,310.15,6.99,109.0, ,enzymatic assay; spectrophotometry, ,mol/L;D-glucose 6-phosphate=0.0000922;D-glucose=0.102;orthophosphate=0.0968;IS=0.25;Zn2+_tot=0.000025;K+_tot=0.249925  ,3.1.3.1, , ,0.25,0.25, 
4941,2896.0,1052.0,alkaline phosphatase,kegg:C00092 + kegg:C00001 = kegg:C00031 + kegg:C00009,CHB_15377 + CHB_4170 = CHB_26078 + CHB_4167,D-glucose 6-phosphate(aq) + H2O(l) = D-glucose(aq) + orthophosphate(aq), ,79LAW/VEE, , ,310.15,6.99,110.0, ,enzymatic assay; spectrophotometry, ,2.22 _ mol/L;D-glucose 6-phosphate=0.0000947;D-glucose=0.105;orthophosphate=0.0977;IS=0.25;Zn2+_tot=0.000025;K+_tot=0.249925  ,3.1.3.1, , ,0.25,0.25, 
4942,2408.0,1096.0,adenylate kinase,2 kegg:C00008 = kegg:C00020 + kegg:C00002,2 CHB_16761 = CHB_15422 + CHB_16027,2 ADP(aq) = AMP(aq) + ATP(aq), ,74LAN, , ,298.15,7.4,0.508, ,enzymatic assay and spectrophotometry, ,"1.41 _ mol/L;IS=0.266;(Mg)1=0.0086 _ MgCl2 (0.03 mol/L), Mg2+ (0.0086 mol/L) _ ",2.7.4.3, , ,0.266,0.266, 
4943,2407.0,1097.0,adenylate kinase,2 kegg:C00008 = kegg:C00020 + kegg:C00002,2 CHB_16761 = CHB_15422 + CHB_16027,2 ADP(aq) = AMP(aq) + ATP(aq), ,74LAN, , ,298.15,7.4,0.357, ,enzymatic assay and spectrophotometry, ,"1.24 _ mol/L;IS=0.287;(Mg)1=0.0191 _ MgCl2 (0.04 mol/L), Mg2+ (0.0174 mol/L) _ ",2.7.4.3, , ,0.287,0.287, 
4944,2396.0,1098.0,adenylate kinase,2 kegg:C00008 = kegg:C00020 + kegg:C00002,2 CHB_16761 = CHB_15422 + CHB_16027,2 ADP(aq) = AMP(aq) + ATP(aq), ,74LAN, , ,298.15,7.4,0.233, ,enzymatic assay and spectrophotometry, ,"0.88 _ mol/L;IS=0.395;(Mg)1=0.0527 _ MgCl2 (0.08 mol/L), Mg2+ (0.0527 mol/L) _ ",2.7.4.3, , ,0.395,0.395, 
4945,2391.0,1099.0,adenylate kinase,2 kegg:C00008 = kegg:C00020 + kegg:C00002,2 CHB_16761 = CHB_15422 + CHB_16027,2 ADP(aq) = AMP(aq) + ATP(aq), ,74LAN, , ,298.15,7.4,0.206, ,enzymatic assay and spectrophotometry, ,"0.63 _ mol/L;IS=0.541;(Mg)1=0.102 _ MgCl2 (0.13 mol/L), Mg2+ (0.102 mol/L) _ ",2.7.4.3, , ,0.541,0.541, 
4946,2393.0,1100.0,adenylate kinase,2 kegg:C00008 = kegg:C00020 + kegg:C00002,2 CHB_16761 = CHB_15422 + CHB_16027,2 ADP(aq) = AMP(aq) + ATP(aq), ,74LAN, , ,298.15,7.4,0.186, ,enzymatic assay and spectrophotometry, ,"0.64 _ mol/L;IS=0.54;(Mg)1=0.099 _ MgCl2 (0.13 mol/L), Mg2+ (0.0999 mol/L) _ ",2.7.4.3, , ,0.54,0.54, 
4947,2389.0,1101.0,adenylate kinase,2 kegg:C00008 = kegg:C00020 + kegg:C00002,2 CHB_16761 = CHB_15422 + CHB_16027,2 ADP(aq) = AMP(aq) + ATP(aq), ,74LAN, , ,298.15,7.4,0.143, ,enzymatic assay and spectrophotometry, ,"0.43 _ mol/L;IS=0.748;(Mg)1=0.171 _ MgCl2 (0.2 mol/L), Mg2+ (0.171 mol/L) _ ",2.7.4.3, , ,0.748,0.748, 
4948,2383.0,1102.0,adenylate kinase,2 kegg:C00008 = kegg:C00020 + kegg:C00002,2 CHB_16761 = CHB_15422 + CHB_16027,2 ADP(aq) = AMP(aq) + ATP(aq), ,74LAN, , ,298.15,7.4,0.123, ,enzymatic assay and spectrophotometry, ,"0.01 _ mol/L;IS=1.65;(Mg)1=0.477 _ MgCl2 (0.5 mol/L), Mg2+ (0.477 mol/L) _ ",2.7.4.3, , ,1.65,1.65, 
4949,2381.0,1103.0,adenylate kinase,2 kegg:C00008 = kegg:C00020 + kegg:C00002,2 CHB_16761 = CHB_15422 + CHB_16027,2 ADP(aq) = AMP(aq) + ATP(aq), ,74LAN, , ,298.15,7.4,0.112, ,enzymatic assay and spectrophotometry, ,"-0.03 _ mol/L;IS=3.15;(Mg)1=0.975 _ MgCl2 (0.1 mol/L), Mg2+ (0.975 mol/L) _ ",2.7.4.3, , ,3.15,3.15, 
4950,2439.0,1104.0,adenylate kinase,2 kegg:C00008 = kegg:C00020 + kegg:C00002,2 CHB_16761 = CHB_15422 + CHB_16027,2 ADP(aq) = AMP(aq) + ATP(aq), ,74LAN, , ,298.15,8.4,0.417, ,enzymatic assay and spectrophotometry, ,"3.3 _ mol/L;IS=0.216;(Mg)1=0.00000574 _ MgCl2 (0.0005 mol/L), Mg2+ (0.00000574 mol/L) _ ",2.7.4.3, , ,0.216,0.216, 
4951,2437.0,1105.0,adenylate kinase,2 kegg:C00008 = kegg:C00020 + kegg:C00002,2 CHB_16761 = CHB_15422 + CHB_16027,2 ADP(aq) = AMP(aq) + ATP(aq), ,74LAN, , ,298.15,8.4,0.465, ,enzymatic assay and spectrophotometry, ,"2.69 _ mol/L;IS=0.208;(Mg)1=0.0000268 _ MgCl2 (0.002 mol/L), Mg2+ (0.0000268 mol/L) _ ",2.7.4.3, , ,0.208,0.208, 
4952,2433.0,1106.0,adenylate kinase,2 kegg:C00008 = kegg:C00020 + kegg:C00002,2 CHB_16761 = CHB_15422 + CHB_16027,2 ADP(aq) = AMP(aq) + ATP(aq), ,74LAN, , ,298.15,6.4,0.49, ,enzymatic assay and spectrophotometry, ,"2.81 _ mol/L;IS=0.296;(Mg)1=0.0000623 _ MgCl2 (0.0015 mol/L), Mg2+ (0.0000623 mol/L) _ ",2.7.4.3, , ,0.296,0.296, 
4953,2435.0,1107.0,adenylate kinase,2 kegg:C00008 = kegg:C00020 + kegg:C00002,2 CHB_16761 = CHB_15422 + CHB_16027,2 ADP(aq) = AMP(aq) + ATP(aq), ,74LAN, , ,298.15,6.4,0.515, ,enzymatic assay and spectrophotometry, ,"2.81 _ mol/L;IS=0.311;(Mg)1=0.0000511 _ MgCl2 (0.0015 mol/L), Mg2+ (0.0000511 mol/L) _ ",2.7.4.3, , ,0.311,0.311, 
4954,2410.0,1108.0,adenylate kinase,2 kegg:C00008 = kegg:C00020 + kegg:C00002,2 CHB_16761 = CHB_15422 + CHB_16027,2 ADP(aq) = AMP(aq) + ATP(aq), ,74LAN, , ,298.15,6.4,0.763, ,enzymatic assay and spectrophotometry, ,"1.96 _ mol/L;IS=0.284;(Mg)1=0.0036 _ MgCl2 (0.02 mol/L), Mg2+ (0.0036 mol/L) _ ",2.7.4.3, , ,0.284,0.283, 
4955,2417.0,1109.0,adenylate kinase,2 kegg:C00008 = kegg:C00020 + kegg:C00002,2 CHB_16761 = CHB_15422 + CHB_16027,2 ADP(aq) = AMP(aq) + ATP(aq), ,74LAN, , ,298.15,6.4,0.671, ,enzymatic assay and spectrophotometry, ,"1.97 _ mol/L;IS=0.288;(Mg)1=0.000764 _ MgCl2 (0.01 mol/L), Mg2+ (0.000764 mol/L) _ ",2.7.4.3, , ,0.288,0.288, 
4956,2411.0,1110.0,adenylate kinase,2 kegg:C00008 = kegg:C00020 + kegg:C00002,2 CHB_16761 = CHB_15422 + CHB_16027,2 ADP(aq) = AMP(aq) + ATP(aq), ,74LAN, , ,298.15,6.4,0.709, ,enzymatic assay and spectrophotometry, ,"1.63 _ mol/L;IS=0.287;(Mg)1=0.00333 _ MgCl2 (0.02 mol/L), Mg2+ (0.00333 mol/L) _ ",2.7.4.3, , ,0.287,0.287, 
4957,2402.0,1111.0,adenylate kinase,2 kegg:C00008 = kegg:C00020 + kegg:C00002,2 CHB_16761 = CHB_15422 + CHB_16027,2 ADP(aq) = AMP(aq) + ATP(aq), ,74LAN, , ,298.15,6.4,0.429, ,enzymatic assay and spectrophotometry, ,"1.12 _ mol/L;IS=0.343;(Mg)1=0.026 _ MgCl2 (0.05 mol/L), Mg2+ (0.026 mol/L) _ ",2.7.4.3, , ,0.343,0.343, 
4958,2403.0,1112.0,adenylate kinase,2 kegg:C00008 = kegg:C00020 + kegg:C00002,2 CHB_16761 = CHB_15422 + CHB_16027,2 ADP(aq) = AMP(aq) + ATP(aq), ,74LAN, , ,298.15,6.4,0.459, ,enzymatic assay and spectrophotometry, ,"1.12 _ mol/L;IS=0.343;(Mg)1=0.0253 _ MgCl2 (0.05 mol/L), Mg2+ (0.0253 mol/L) _ ",2.7.4.3, , ,0.343,0.343, 
4959,2395.0,1113.0,adenylate kinase,2 kegg:C00008 = kegg:C00020 + kegg:C00002,2 CHB_16761 = CHB_15422 + CHB_16027,2 ADP(aq) = AMP(aq) + ATP(aq), ,74LAN, , ,298.15,6.4,0.292, ,enzymatic assay and spectrophotometry, ,"0.76 _ mol/L;IS=0.483;(Mg)1=0.0738 _ MgCl2 (0.1 mol/L), Mg2+ (0.0738 mol/L) _ ",2.7.4.3, , ,0.483,0.483, 
4960,2387.0,1114.0,adenylate kinase,2 kegg:C00008 = kegg:C00020 + kegg:C00002,2 CHB_16761 = CHB_15422 + CHB_16027,2 ADP(aq) = AMP(aq) + ATP(aq), ,74LAN, , ,298.15,6.4,0.2, ,enzymatic assay and spectrophotometry, ,"0.43 _ mol/L;IS=0.777;(Mg)1=0.173 _ MgCl2 (0.2 mol/L), Mg2+ (0.173 mol/L) _ ",2.7.4.3, , ,0.777,0.777, 
4961,2430.0,1115.0,adenylate kinase,2 kegg:C00008 = kegg:C00020 + kegg:C00002,2 CHB_16761 = CHB_15422 + CHB_16027,2 ADP(aq) = AMP(aq) + ATP(aq), ,74LAN, , ,298.15,7.4,0.541, ,enzymatic assay and spectrophotometry, ,"2.29 _ mol/L;IS=0.286;(Mg)1=0.000113 _ MgCl2 (0.005 mol/L), Mg2+ (0.00011 mol/L) _ ",2.7.4.3, , ,0.286,0.286, 
4962,2426.0,1116.0,adenylate kinase,2 kegg:C00008 = kegg:C00020 + kegg:C00002,2 CHB_16761 = CHB_15422 + CHB_16027,2 ADP(aq) = AMP(aq) + ATP(aq), ,74LAN, , ,298.15,7.4,0.662, ,enzymatic assay and spectrophotometry, ,"2.11 _ mol/L;IS=0.276;(Mg)1=0.000216 _ MgCl2 (0.0075 mol/L), Mg2+ (0.000216 mol/L) _ ",2.7.4.3, , ,0.276,0.276, 
4963,2427.0,1117.0,adenylate kinase,2 kegg:C00008 = kegg:C00020 + kegg:C00002,2 CHB_16761 = CHB_15422 + CHB_16027,2 ADP(aq) = AMP(aq) + ATP(aq), ,74LAN, , ,298.15,7.4,0.662, ,enzymatic assay and spectrophotometry, ,"2.11 _ mol/L;IS=0.276;(Mg)1=0.000215 _ MgCl2 (0.0075 mol/L), Mg2+ (0.000215 mol/L) _ ",2.7.4.3, , ,0.276,0.276, 
4964,2420.0,1118.0,adenylate kinase,2 kegg:C00008 = kegg:C00020 + kegg:C00002,2 CHB_16761 = CHB_15422 + CHB_16027,2 ADP(aq) = AMP(aq) + ATP(aq), ,74LAN, , ,298.15,7.4,0.741, ,enzymatic assay and spectrophotometry, ,"1.98 _ mol/L;IS=0.272;(Mg)1=0.000365 _ MgCl2 (0.01 mol/L), Mg2+ (0.000365 mol/L) _ ",2.7.4.3, , ,0.272,0.272, 
4965,2421.0,1119.0,adenylate kinase,2 kegg:C00008 = kegg:C00020 + kegg:C00002,2 CHB_16761 = CHB_15422 + CHB_16027,2 ADP(aq) = AMP(aq) + ATP(aq), ,74LAN, , ,298.15,7.4,0.725, ,enzymatic assay and spectrophotometry, ,"1.99 _ mol/L;IS=0.274;(Mg)1=0.000351 _ MgCl2 (0.01 mol/L), Mg2+ (0.000351 mol/L) _ ",2.7.4.3, , ,0.274,0.274, 
4966,2418.0,1120.0,adenylate kinase,2 kegg:C00008 = kegg:C00020 + kegg:C00002,2 CHB_16761 = CHB_15422 + CHB_16027,2 ADP(aq) = AMP(aq) + ATP(aq), ,74LAN, , ,298.15,7.4,0.758, ,enzymatic assay and spectrophotometry, ,"1.88 _ mol/L;IS=0.263;(Mg)1=0.00066 _ MgCl2 (0.0125 mol/L), Mg2+ (0.00066 mol/L) _ ",2.7.4.3, , ,0.263,0.268, 
4967,2438.0,1121.0,adenylate kinase,2 kegg:C00008 = kegg:C00020 + kegg:C00002,2 CHB_16761 = CHB_15422 + CHB_16027,2 ADP(aq) = AMP(aq) + ATP(aq), ,74LAN, , ,298.15,8.4,0.465, ,enzymatic assay and spectrophotometry, ,"2.69 _ mol/L;IS=0.214;(Mg)1=0.000025 _ MgCl2 (0.002 mol/L), Mg2+ (0.000025 mol/L) _ ",2.7.4.3, , ,0.214,0.214, 
4968,2432.0,1122.0,adenylate kinase,2 kegg:C00008 = kegg:C00020 + kegg:C00002,2 CHB_16761 = CHB_15422 + CHB_16027,2 ADP(aq) = AMP(aq) + ATP(aq), ,74LAN, , ,298.15,8.4,0.568, ,enzymatic assay and spectrophotometry, ,"2.29 _ mol/L;IS=0.193;(Mg)1=0.0000894 _ MgCl2 (0.005 mol/L), Mg2+ (0.0000894 mol/L) _ ",2.7.4.3, , ,0.193,0.193, 
4969,2422.0,1123.0,adenylate kinase,2 kegg:C00008 = kegg:C00020 + kegg:C00002,2 CHB_16761 = CHB_15422 + CHB_16027,2 ADP(aq) = AMP(aq) + ATP(aq), ,74LAN, , ,298.15,8.4,0.769, ,enzymatic assay and spectrophotometry, ,"1.99 _ mol/L;IS=0.179;(Mg)1=0.000319 _ MgCl2 (0.01 mol/L), Mg2+ (0.000319 mol/L) _ ",2.7.4.3, , ,0.179,0.179, 
4970,2405.0,1124.0,adenylate kinase,2 kegg:C00008 = kegg:C00020 + kegg:C00002,2 CHB_16761 = CHB_15422 + CHB_16027,2 ADP(aq) = AMP(aq) + ATP(aq), ,74LAN, , ,298.15,8.4,0.274, ,enzymatic assay and spectrophotometry, ,"1.13 _ mol/L;IS=0.216;(Mg)1=0.0233 _ MgCl2 (0.05 mol/L), Mg2+ (0.0233 mol/L) _ ",2.7.4.3, , ,0.216,0.216, 
4971,2386.0,1125.0,adenylate kinase,2 kegg:C00008 = kegg:C00020 + kegg:C00002,2 CHB_16761 = CHB_15422 + CHB_16027,2 ADP(aq) = AMP(aq) + ATP(aq), ,74LAN, , ,298.15,8.4,0.167, ,enzymatic assay and spectrophotometry, ,"0.43 _ mol/L;IS=0.654;(Mg)1=0.173 _ MgCl2 (0.2 mol/L), Mg2+ (0.173 mol/L) _ ",2.7.4.3, , ,0.654,0.654, 
4972,2461.0,1126.0,adenylate kinase,2 kegg:C00008 = kegg:C00020 + kegg:C00002,2 CHB_16761 = CHB_15422 + CHB_16027,2 ADP(aq) = AMP(aq) + ATP(aq), ,74LAN, , ,298.15,7.4,0.633, ,enzymatic assay and spectrophotometry, ,"2.29 _ mol/L;IS=0.283;(Mg)1=0.0000988 _ MgCl2 (0.005 mol/L), Mg2+ (0.0000988 mol/L) _ ",2.7.4.3, , ,0.283,0.283, 
4973,2460.0,1127.0,adenylate kinase,2 kegg:C00008 = kegg:C00020 + kegg:C00002,2 CHB_16761 = CHB_15422 + CHB_16027,2 ADP(aq) = AMP(aq) + ATP(aq), ,74LAN, , ,298.15,7.4,0.538, ,enzymatic assay and spectrophotometry, ,"2.29 _ mol/L;IS=0.281;(Mg)1=0.000102 _ MgCl2 (0.005 mol/L), Mg2+ (0.000102 mol/L) _ ",2.7.4.3, , ,0.281,0.281, 
4974,2458.0,1128.0,adenylate kinase,2 kegg:C00008 = kegg:C00020 + kegg:C00002,2 CHB_16761 = CHB_15422 + CHB_16027,2 ADP(aq) = AMP(aq) + ATP(aq), ,74LAN, , ,298.15,7.4,0.735, ,enzymatic assay and spectrophotometry, ,"1.88 _ mol/L;IS=0.255;(Mg)1=0.000695 _ MgCl2 (0.0125 mol/L), Mg2+ (0.000695 mol/L) _ ",2.7.4.3, , ,0.255,0.255, 
4975,2456.0,1129.0,adenylate kinase,2 kegg:C00008 = kegg:C00020 + kegg:C00002,2 CHB_16761 = CHB_15422 + CHB_16027,2 ADP(aq) = AMP(aq) + ATP(aq), ,74LAN, , ,298.15,7.4,0.334, ,enzymatic assay and spectrophotometry, ,"1.25 _ mol/L;IS=0.282;(Mg)1=0.0162 _ MgCl2 (0.04 mol/L), Mg2+ (0.0162 mol/L) _ ",2.7.4.3, , ,0.282,0.282, 
4976,2471.0,1130.0,adenylate kinase,2 kegg:C00008 = kegg:C00020 + kegg:C00002,2 CHB_16761 = CHB_15422 + CHB_16027,2 ADP(aq) = AMP(aq) + ATP(aq), ,74LAN, , ,298.15,7.4,0.474, ,enzymatic assay and spectrophotometry, ,"2.69 _ mol/L;IS=0.16;(Mg)1=0.0000322 _ MgCl2 (0.002 mol/L), Mg2+ (0.0000322 mol/L) _ ",2.7.4.3, , ,0.16,0.16, 
4977,2434.0,1131.0,adenylate kinase,2 kegg:C00008 = kegg:C00020 + kegg:C00002,2 CHB_16761 = CHB_15422 + CHB_16027,2 ADP(aq) = AMP(aq) + ATP(aq), ,74LAN, , ,298.15,7.4,0.488, ,enzymatic assay and spectrophotometry, ,"1.49 _ mol/L;IS=0.592;(Mg)1=0.0000522 _ MgCl2 (0.01 mol/L), Mg2+ (0.0000522 mol/L) _ ",2.7.4.3, , ,0.592,0.11, 
4978,2467.0,1132.0,adenylate kinase,2 kegg:C00008 = kegg:C00020 + kegg:C00002,2 CHB_16761 = CHB_15422 + CHB_16027,2 ADP(aq) = AMP(aq) + ATP(aq), ,74LAN, , ,298.15,7.4,0.261, ,enzymatic assay and spectrophotometry, ,"1.1 _ mol/L;IS=0.163;(Mg)1=0.0287 _ MgCl2 (0.05 mol/L), Mg2+ (0.0287 mol/L) _ ",2.7.4.3, , ,0.163,0.163, 
4979,2400.0,1133.0,adenylate kinase,2 kegg:C00008 = kegg:C00020 + kegg:C00002,2 CHB_16761 = CHB_15422 + CHB_16027,2 ADP(aq) = AMP(aq) + ATP(aq), ,74LAN, , ,298.15,7.4,0.293, ,enzymatic assay and spectrophotometry, ,"1.13 _ mol/L;IS=0.723;(Mg)1=0.027 _ MgCl2 (0.2 mol/L), Mg2+ (0.027 mol/L) _ ",2.7.4.3, , ,0.723,0.172, 
4980,2455.0,1134.0,adenylate kinase,2 kegg:C00008 = kegg:C00020 + kegg:C00002,2 CHB_16761 = CHB_15422 + CHB_16027,2 ADP(aq) = AMP(aq) + ATP(aq), ,74LAN, , ,298.15,7.4,1.54, ,enzymatic assay and spectrophotometry, ,"3.14 _ mol/L;IS=0.013;(Mg)1=0.000223 _ MgCl2 (0.0005 mol/L), Mg2+ (0.000223 mol/L) _ ",2.7.4.3, , ,0.013,0.013, 
4981,2453.0,1135.0,adenylate kinase,2 kegg:C00008 = kegg:C00020 + kegg:C00002,2 CHB_16761 = CHB_15422 + CHB_16027,2 ADP(aq) = AMP(aq) + ATP(aq), ,74LAN, , ,298.15,7.4,1.41, ,enzymatic assay and spectrophotometry, ,"2.91 _ mol/L;IS=0.013;(Mg)1=0.000426 _ MgCl2 (0.0008 mol/L), Mg2+ (0.000426 mol/L) _ ",2.7.4.3, , ,0.013,0.013, 
4982,2452.0,1136.0,adenylate kinase,2 kegg:C00008 = kegg:C00020 + kegg:C00002,2 CHB_16761 = CHB_15422 + CHB_16027,2 ADP(aq) = AMP(aq) + ATP(aq), ,74LAN, , ,298.15,7.4,1.61, ,enzymatic assay and spectrophotometry, ,"3.13 _ mol/L;IS=0.013;(Mg)1=0.000444 _ MgCl2 (0.0008 mol/L), Mg2+ (0.000444 mol/L) _ ",2.7.4.3, , ,0.013,0.012, 
4983,2463.0,1137.0,adenylate kinase,2 kegg:C00008 = kegg:C00020 + kegg:C00002,2 CHB_16761 = CHB_15422 + CHB_16027,2 ADP(aq) = AMP(aq) + ATP(aq), ,74LAN, , ,298.15,7.4,1.25, ,enzymatic assay and spectrophotometry, ,"2.91 _ mol/L;IS=0.012;(Mg)1=0.000436 _ MgCl2 (0.0008 mol/L), Mg2+ (0.000436 mol/L) _ ",2.7.4.3, , ,0.012,0.012, 
4984,2464.0,1138.0,adenylate kinase,2 kegg:C00008 = kegg:C00020 + kegg:C00002,2 CHB_16761 = CHB_15422 + CHB_16027,2 ADP(aq) = AMP(aq) + ATP(aq), ,74LAN, , ,298.15,7.4,1.25, ,enzymatic assay and spectrophotometry, ,"2.91 _ mol/L;IS=0.012;(Mg)1=0.000436 _ MgCl2 (0.0008 mol/L), Mg2+ (0.000436 mol/L) _ ",2.7.4.3, , ,0.012,0.012, 
4985,2451.0,1139.0,adenylate kinase,2 kegg:C00008 = kegg:C00020 + kegg:C00002,2 CHB_16761 = CHB_15422 + CHB_16027,2 ADP(aq) = AMP(aq) + ATP(aq), ,74LAN, , ,298.15,7.4,0.833, ,enzymatic assay and spectrophotometry, ,"3.13 _ mol/L;IS=0.093;(Mg)1=0.000235 _ MgCl2 (0.0005 mol/L), Mg2+ (0.000235 mol/L) _ ",2.7.4.3, , ,0.093,0.093, 
4986,2413.0,1140.0,adenylate kinase,2 kegg:C00008 = kegg:C00020 + kegg:C00002,2 CHB_16761 = CHB_15422 + CHB_16027,2 ADP(aq) = AMP(aq) + ATP(aq), ,74LAN, , ,298.15,7.4,0.667, ,enzymatic assay and spectrophotometry, ,"3.13 _ mol/L;IS=0.454;(Mg)1=0.00128 _ MgCl2 (0.05 mol/L), Mg2+ (0.00128 mol/L) _ ",2.7.4.3, , ,0.454,0.093, 
4987,2448.0,1141.0,adenylate kinase,2 kegg:C00008 = kegg:C00020 + kegg:C00002,2 CHB_16761 = CHB_15422 + CHB_16027,2 ADP(aq) = AMP(aq) + ATP(aq), ,74LAN, , ,298.15,7.4,0.781, ,enzymatic assay and spectrophotometry, ,"2.9 _ mol/L;IS=0.093;(Mg)1=0.000454 _ MgCl2 (0.0008 mol/L), Mg2+ (0.000454 mol/L) _ ",2.7.4.3, , ,0.093,0.093, 
4988,2444.0,1142.0,adenylate kinase,2 kegg:C00008 = kegg:C00020 + kegg:C00002,2 CHB_16761 = CHB_15422 + CHB_16027,2 ADP(aq) = AMP(aq) + ATP(aq), ,74LAN, , ,298.15,7.4,0.562, ,enzymatic assay and spectrophotometry, ,2.3 _ mol/L;Tris=0.2;(Mg)1=0.005 _ MgCl2 (0.005 mol/L) _ ,2.7.4.3, , ,not given, , 
4989,2445.0,1143.0,adenylate kinase,2 kegg:C00008 = kegg:C00020 + kegg:C00002,2 CHB_16761 = CHB_15422 + CHB_16027,2 ADP(aq) = AMP(aq) + ATP(aq), ,74LAN, , ,298.15,7.4,0.559, ,enzymatic assay and spectrophotometry, ,2.3 _ mol/L;Tris=0.2;(Mg)1=0.005 _ MgCl2 (0.005 mol/L) _ ,2.7.4.3, , ,not given, , 
4990,2442.0,1144.0,adenylate kinase,2 kegg:C00008 = kegg:C00020 + kegg:C00002,2 CHB_16761 = CHB_15422 + CHB_16027,2 ADP(aq) = AMP(aq) + ATP(aq), ,74LAN, , ,298.15,7.4,0.483, ,enzymatic assay and spectrophotometry, ,2.3 _ mol/L;Tris=0.2;(Mg)1=0.005 _ MgCl2 (0.005 mol/L) _ ,2.7.4.3, , ,not given, , 
4991,2415.0,1145.0,adenylate kinase,2 kegg:C00008 = kegg:C00020 + kegg:C00002,2 CHB_16761 = CHB_15422 + CHB_16027,2 ADP(aq) = AMP(aq) + ATP(aq), ,74LAN, , ,298.15,7.4,0.51, ,enzymatic assay and spectrophotometry, ,"2.0 _ mol/L;IS=1.67;(Mg)1=0.00125 _ MgCl2 (0.2 mol/L), Mg2+ (0.00125 mol/L) _ ",2.7.4.3, , ,1.67,0.594, 
4992,2469.0,1146.0,adenylate kinase,2 kegg:C00008 = kegg:C00020 + kegg:C00002,2 CHB_16761 = CHB_15422 + CHB_16027,2 ADP(aq) = AMP(aq) + ATP(aq), ,74LAN, , ,298.15,7.4,0.49, ,enzymatic assay and spectrophotometry, ,"2.0 _ mol/L;IS=0.11;(Mg)1=0.00769 _ MgCl2 (0.025 mol/L), Mg2+ (0.00769 mol/L) _ ",2.7.4.3, , ,0.11,0.592, 
4993,2450.0,1147.0,adenylate kinase,2 kegg:C00008 = kegg:C00020 + kegg:C00002,2 CHB_16761 = CHB_15422 + CHB_16027,2 ADP(aq) = AMP(aq) + ATP(aq), ,74LAN, , ,298.15,7.4,0.667, ,enzymatic assay and spectrophotometry, ,"1.29 _ mol/L;IS=0.093;(Mg)1=0.00024 _ MgCl2 (0.0005 mol/L), Mg2+ (0.00024 mol/L) _ ",2.7.4.3, , ,0.093,0.454, 
4994,2414.0,1148.0,adenylate kinase,2 kegg:C00008 = kegg:C00020 + kegg:C00002,2 CHB_16761 = CHB_15422 + CHB_16027,2 ADP(aq) = AMP(aq) + ATP(aq), ,74LAN, , ,298.15,7.4,0.645, ,enzymatic assay and spectrophotometry, ,"1.29 _ mol/L;IS=0.461;(Mg)1=0.00126 _ MgCl2 (0.05 mol/L), Mg2+ (0.00126 mol/L) _ ",2.7.4.3, , ,0.461,0.461, 
4995,2401.0,1149.0,adenylate kinase,2 kegg:C00008 = kegg:C00020 + kegg:C00002,2 CHB_16761 = CHB_15422 + CHB_16027,2 ADP(aq) = AMP(aq) + ATP(aq), ,74LAN, , ,298.15,7.4,0.322, ,enzymatic assay and spectrophotometry, ,"0.86 _ mol/L;IS=0.474;(Mg)1=0.0266 _ MgCl2 (0.11 mol/L), Mg2+ (0.0266 mol/L) _ ",2.7.4.3, , ,0.474,0.474, 
4996,2392.0,1150.0,adenylate kinase,2 kegg:C00008 = kegg:C00020 + kegg:C00002,2 CHB_16761 = CHB_15422 + CHB_16027,2 ADP(aq) = AMP(aq) + ATP(aq), ,74LAN, , ,298.15,7.4,0.182, ,enzymatic assay and spectrophotometry, ,"0.52 _ mol/L;IS=0.704;(Mg)1=0.1 _ MgCl2 (0.2 mol/L), Mg2+ (0.1 mol/L) _ ",2.7.4.3, , ,0.704,0.704, 
4997,2468.0,1151.0,adenylate kinase,2 kegg:C00008 = kegg:C00020 + kegg:C00002,2 CHB_16761 = CHB_15422 + CHB_16027,2 ADP(aq) = AMP(aq) + ATP(aq), ,74LAN, , ,298.15,7.4,0.287, ,enzymatic assay and spectrophotometry, ,"0.64 _ mol/L;IS=0.172;(Mg)1=0.0241 _ MgCl2 (0.05 mol/L), Mg2+ (0.0241 mol/L) _ ",2.7.4.3, , ,0.172,0.723, 
4998,2424.0,1152.0,adenylate kinase,2 kegg:C00008 = kegg:C00020 + kegg:C00002,2 CHB_16761 = CHB_15422 + CHB_16027,2 ADP(aq) = AMP(aq) + ATP(aq), ,74LAN, , ,298.15,6.4,0.595, ,enzymatic assay and spectrophotometry, ,"2.28 _ mol/L;IS=0.288;(Mg)1=0.000285 _ MgCl2 (0.005 mol/L), Mg2+ (0.000285 mol/L) _ ",2.7.4.3, , ,0.288,0.288, 
4999,2388.0,1153.0,adenylate kinase,2 kegg:C00008 = kegg:C00020 + kegg:C00002,2 CHB_16761 = CHB_15422 + CHB_16027,2 ADP(aq) = AMP(aq) + ATP(aq), ,74LAN, , ,298.15,6.4,0.22, ,enzymatic assay and spectrophotometry, ,"0.43 _ mol/L;IS=0.777;(Mg)1=0.173 _ MgCl2 (0.2 mol/L), Mg2+ (0.172 mol/L) _ ",2.7.4.3, , ,0.777,0.777, 
5000,2409.0,1154.0,adenylate kinase,2 kegg:C00008 = kegg:C00020 + kegg:C00002,2 CHB_16761 = CHB_15422 + CHB_16027,2 ADP(aq) = AMP(aq) + ATP(aq), ,74LAN, , ,298.15,7.4,0.505, ,enzymatic assay and spectrophotometry, ,"1.42 _ mol/L;IS=0.268;(Mg)1=0.00784 _ MgCl2 (0.03 mol/L), Mg2+ (0.00784 mol/L) _ ",2.7.4.3, , ,0.268,0.268, 
5001,2384.0,1155.0,adenylate kinase,2 kegg:C00008 = kegg:C00020 + kegg:C00002,2 CHB_16761 = CHB_15422 + CHB_16027,2 ADP(aq) = AMP(aq) + ATP(aq), ,74LAN, , ,298.15,7.4,0.121, ,enzymatic assay and spectrophotometry, ,"0.01 _ mol/L;IS=1.65;(Mg)1=0.477 _ MgCl2 (0.5 mol/L), Mg2+ (0.474 mol/L) _ ",2.7.4.3, , ,1.65,1.65, 
5002,2465.0,1156.0,adenylate kinase,2 kegg:C00008 = kegg:C00020 + kegg:C00002,2 CHB_16761 = CHB_15422 + CHB_16027,2 ADP(aq) = AMP(aq) + ATP(aq), ,74LAN, , ,298.15,7.4,1.56, ,enzymatic assay and spectrophotometry, ,"2.91 _ mol/L;IS=0.012;(Mg)1=0.000234 _ MgCl2 (0.0005 mol/L), Mg2+ (0.000234 mol/L) _ ",2.7.4.3, , ,0.012,0.013, 
5003,2447.0,1157.0,adenylate kinase,2 kegg:C00008 = kegg:C00020 + kegg:C00002,2 CHB_16761 = CHB_15422 + CHB_16027,2 ADP(aq) = AMP(aq) + ATP(aq), ,74LAN, , ,298.15,7.4,0.606, ,enzymatic assay and spectrophotometry, ,2.3 _ mol/L;Tris=0.2;(Mg)1=0.005 _ MgCl2 (0.005 mol/L) _ ,2.7.4.3, , ,not given, , 
5004,2398.0,1158.0,adenylate kinase,2 kegg:C00008 = kegg:C00020 + kegg:C00002,2 CHB_16761 = CHB_15422 + CHB_16027,2 ADP(aq) = AMP(aq) + ATP(aq), ,74LAN, , ,298.15,7.4,0.313, ,enzymatic assay and spectrophotometry, ,"0.86 _ mol/L;IS=0.472;(Mg)1=0.0294 _ MgCl2 (0.11 mol/L), Mg2+ (0.0294 mol/L) _ ",2.7.4.3, , ,0.472,0.472, 
5005,2399.0,1159.0,adenylate kinase,2 kegg:C00008 = kegg:C00020 + kegg:C00002,2 CHB_16761 = CHB_15422 + CHB_16027,2 ADP(aq) = AMP(aq) + ATP(aq), ,74LAN, , ,298.15,7.4,0.313, ,enzymatic assay and spectrophotometry, ,"0.86 _ mol/L;IS=0.472;(Mg)1=0.0294 _ MgCl2 (0.11 mol/L), Mg2+ (0.0294 mol/L) _ ",2.7.4.3, , ,0.472,0.472, 
5006,2436.0,1160.0,adenylate kinase,2 kegg:C00008 = kegg:C00020 + kegg:C00002,2 CHB_16761 = CHB_15422 + CHB_16027,2 ADP(aq) = AMP(aq) + ATP(aq), ,74LAN, , ,298.15,7.4,0.508, ,enzymatic assay and spectrophotometry, ,"0.7 _ mol/L;IS=0.594;(Mg)1=0.0000494 _ MgCl2 (0.01 mol/L), Mg2+ (0.0000494 mol/L) _ ",2.7.4.3, , ,0.594,1.67, 
5007,2394.0,1161.0,adenylate kinase,2 kegg:C00008 = kegg:C00020 + kegg:C00002,2 CHB_16761 = CHB_15422 + CHB_16027,2 ADP(aq) = AMP(aq) + ATP(aq), ,74LAN, , ,298.15,6.4,0.259, ,enzymatic assay and spectrophotometry, ,"0.76 _ mol/L;IS=0.482;(Mg)1=0.0741 _ MgCl2 (0.1 mol/L), Mg2+ (0.0741 mol/L) _ ",2.7.4.3, , ,0.482,0.482, 
5008,2390.0,1162.0,adenylate kinase,2 kegg:C00008 = kegg:C00020 + kegg:C00002,2 CHB_16761 = CHB_15422 + CHB_16027,2 ADP(aq) = AMP(aq) + ATP(aq), ,74LAN, , ,298.15,7.4,0.145, ,enzymatic assay and spectrophotometry, ,"0.43 _ mol/L;IS=0.748;(Mg)1=0.171 _ MgCl2 (0.2 mol/L), Mg2+ (0.17 mol/L) _ ",2.7.4.3, , ,0.748,0.748, 
5009,2459.0,1163.0,adenylate kinase,2 kegg:C00008 = kegg:C00020 + kegg:C00002,2 CHB_16761 = CHB_15422 + CHB_16027,2 ADP(aq) = AMP(aq) + ATP(aq), ,74LAN, , ,298.15,7.4,0.87, ,enzymatic assay and spectrophotometry, ,"1.88 _ mol/L;IS=0.258;(Mg)1=0.000629 _ MgCl2 (0.0125 mol/L), Mg2+ (0.000629 mol/L) _ ",2.7.4.3, , ,0.258,0.258, 
5010,2454.0,1164.0,adenylate kinase,2 kegg:C00008 = kegg:C00020 + kegg:C00002,2 CHB_16761 = CHB_15422 + CHB_16027,2 ADP(aq) = AMP(aq) + ATP(aq), ,74LAN, , ,298.15,7.4,1.72, ,enzymatic assay and spectrophotometry, ,"3.14 _ mol/L;IS=0.013;(Mg)1=0.000235 _ MgCl2 (0.0005 mol/L), Mg2+ (0.00023 mol/L) _ ",2.7.4.3, , ,0.013,0.013, 
5011,2449.0,1165.0,adenylate kinase,2 kegg:C00008 = kegg:C00020 + kegg:C00002,2 CHB_16761 = CHB_15422 + CHB_16027,2 ADP(aq) = AMP(aq) + ATP(aq), ,74LAN, , ,298.15,7.4,0.775, ,enzymatic assay and spectrophotometry, ,"2.9 _ mol/L;IS=0.093;(Mg)1=0.000449 _ MgCl2 (0.0008 mol/L), Mg2+ (0.000449 mol/L) _ ",2.7.4.3, , ,0.093,0.093, 
5012,2406.0,1166.0,adenylate kinase,2 kegg:C00008 = kegg:C00020 + kegg:C00002,2 CHB_16761 = CHB_15422 + CHB_16027,2 ADP(aq) = AMP(aq) + ATP(aq), ,74LAN, , ,298.15,7.4,0.348, ,enzymatic assay and spectrophotometry, ,"1.23 _ mol/L;IS=0.286;(Mg)1=0.0233 _ MgCl2 (0.04 mol/L), Mg2+ (0.0191 mol/L) _ ",2.7.4.3, , ,0.286,0.286, 
5013,2382.0,1167.0,adenylate kinase,2 kegg:C00008 = kegg:C00020 + kegg:C00002,2 CHB_16761 = CHB_15422 + CHB_16027,2 ADP(aq) = AMP(aq) + ATP(aq), ,74LAN, , ,298.15,7.4,0.109, ,enzymatic assay and spectrophotometry, ,"-0.03 _ mol/L;IS=3.15;(Mg)1=0.975 _ MgCl2 (0.1 mol/L), Mg2+ (0.974 mol/L) _ ",2.7.4.3, , ,3.15,3.15, 
5014,2404.0,1168.0,adenylate kinase,2 kegg:C00008 = kegg:C00020 + kegg:C00002,2 CHB_16761 = CHB_15422 + CHB_16027,2 ADP(aq) = AMP(aq) + ATP(aq), ,74LAN, , ,298.15,8.4,0.265, ,enzymatic assay and spectrophotometry, ,"1.13 _ mol/L;IS=0.216;(Mg)1=0.0246 _ MgCl2 (0.05 mol/L), Mg2+ (0.0246 mol/L) _ ",2.7.4.3, , ,0.216,0.216, 
5015,2472.0,1169.0,adenylate kinase,2 kegg:C00008 = kegg:C00020 + kegg:C00002,2 CHB_16761 = CHB_15422 + CHB_16027,2 ADP(aq) = AMP(aq) + ATP(aq), ,74LAN, , ,298.15,7.4,0.444, ,enzymatic assay and spectrophotometry, ,"2.69 _ mol/L;IS=0.17;(Mg)1=0.0000296 _ MgCl2 (0.002 mol/L), Mg2+ (0.0000296 mol/L) _ ",2.7.4.3, , ,0.17,0.17, 
5016,2466.0,1170.0,adenylate kinase,2 kegg:C00008 = kegg:C00020 + kegg:C00002,2 CHB_16761 = CHB_15422 + CHB_16027,2 ADP(aq) = AMP(aq) + ATP(aq), ,74LAN, , ,298.15,7.4,1.59, ,enzymatic assay and spectrophotometry, ,"3.14 _ mol/L;IS=0.012;(Mg)1=0.000219 _ MgCl2 (0.0005 mol/L), Mg2+ (0.000219 mol/L) _ ",2.7.4.3, , ,0.012,0.012, 
5017,2446.0,1171.0,adenylate kinase,2 kegg:C00008 = kegg:C00020 + kegg:C00002,2 CHB_16761 = CHB_15422 + CHB_16027,2 ADP(aq) = AMP(aq) + ATP(aq), ,74LAN, , ,298.15,7.4,0.575, ,enzymatic assay and spectrophotometry, ,2.3 _ mol/L;Tris=0.2;(Mg)1=0.005 _ MgCl2 (0.005 mol/L) _ ,2.7.4.3, , ,not given, , 
5018,2423.0,1172.0,adenylate kinase,2 kegg:C00008 = kegg:C00020 + kegg:C00002,2 CHB_16761 = CHB_15422 + CHB_16027,2 ADP(aq) = AMP(aq) + ATP(aq), ,74LAN, , ,298.15,8.4,0.704, ,enzymatic assay and spectrophotometry, ,"1.99 _ mol/L;IS=0.183;(Mg)1=0.000295 _ MgCl2 (0.01 mol/L), Mg2+ (0.000295 mol/L) _ ",2.7.4.3, , ,0.183,0.183, 
5019,2425.0,1173.0,adenylate kinase,2 kegg:C00008 = kegg:C00020 + kegg:C00002,2 CHB_16761 = CHB_15422 + CHB_16027,2 ADP(aq) = AMP(aq) + ATP(aq), ,74LAN, , ,298.15,6.4,0.513, ,enzymatic assay and spectrophotometry, ,"2.28 _ mol/L;IS=0.298;(Mg)1=0.00024 _ MgCl2 (0.005 mol/L), Mg2+ (0.00024 mol/L) _ ",2.7.4.3, , ,0.298,0.298, 
5020,2429.0,1174.0,adenylate kinase,2 kegg:C00008 = kegg:C00020 + kegg:C00002,2 CHB_16761 = CHB_15422 + CHB_16027,2 ADP(aq) = AMP(aq) + ATP(aq), ,74LAN, , ,298.15,7.4,0.549, ,enzymatic assay and spectrophotometry, ,"2.29 _ mol/L;IS=0.283;(Mg)1=0.000113 _ MgCl2 (0.005 mol/L), Mg2+ (0.000113 mol/L) _ ",2.7.4.3, , ,0.283,0.283, 
5021,2457.0,1175.0,adenylate kinase,2 kegg:C00008 = kegg:C00020 + kegg:C00002,2 CHB_16761 = CHB_15422 + CHB_16027,2 ADP(aq) = AMP(aq) + ATP(aq), ,74LAN, , ,298.15,7.4,0.326, ,enzymatic assay and spectrophotometry, ,"1.25 _ mol/L;IS=0.282;(Mg)1=0.0157 _ MgCl2 (0.04 mol/L), Mg2+ (0.0157 mol/L) _ ",2.7.4.3, , ,0.282,0.282, 
5022,2416.0,1176.0,adenylate kinase,2 kegg:C00008 = kegg:C00020 + kegg:C00002,2 CHB_16761 = CHB_15422 + CHB_16027,2 ADP(aq) = AMP(aq) + ATP(aq), ,74LAN, , ,298.15,6.4,0.758, ,enzymatic assay and spectrophotometry, ,"1.63 _ mol/L;IS=0.283;(Mg)1=0.000873 _ MgCl2 (0.01 mol/L), Mg2+ (0.000873 mol/L) _ ",2.7.4.3, , ,0.283,0.284, 
5023,2428.0,1177.0,adenylate kinase,2 kegg:C00008 = kegg:C00020 + kegg:C00002,2 CHB_16761 = CHB_15422 + CHB_16027,2 ADP(aq) = AMP(aq) + ATP(aq), ,74LAN, , ,298.15,7.4,0.658, ,enzymatic assay and spectrophotometry, ,"2.11 _ mol/L;IS=0.276;(Mg)1=0.000215 _ MgCl2 (0.0075 mol/L), Mg2+ (0.000215 mol/L) _ ",2.7.4.3, , ,0.276,0.276, 
5024,2397.0,1178.0,adenylate kinase,2 kegg:C00008 = kegg:C00020 + kegg:C00002,2 CHB_16761 = CHB_15422 + CHB_16027,2 ADP(aq) = AMP(aq) + ATP(aq), ,74LAN, , ,298.15,7.4,0.233, ,enzymatic assay and spectrophotometry, ,"0.88 _ mol/L;IS=0.395;(Mg)1=0.0515 _ MgCl2 (0.08 mol/L), Mg2+ (0.0515 mol/L) _ ",2.7.4.3, , ,0.395,0.395, 
5025,2440.0,1179.0,adenylate kinase,2 kegg:C00008 = kegg:C00020 + kegg:C00002,2 CHB_16761 = CHB_15422 + CHB_16027,2 ADP(aq) = AMP(aq) + ATP(aq), ,74LAN, , ,298.15,8.4,0.427, ,enzymatic assay and spectrophotometry, ,"3.3 _ mol/L;IS=0.227;(Mg)1=0.00000526 _ MgCl2 (0.0005 mol/L), Mg2+ (0.00000526 mol/L) _ ",2.7.4.3, , ,0.227,0.227, 
5026,2441.0,1180.0,adenylate kinase,2 kegg:C00008 = kegg:C00020 + kegg:C00002,2 CHB_16761 = CHB_15422 + CHB_16027,2 ADP(aq) = AMP(aq) + ATP(aq), ,74LAN, , ,298.15,8.4,0.427, ,enzymatic assay and spectrophotometry, ,"3.3 _ mol/L;IS=0.227;(Mg)1=0.00000526 _ MgCl2 (0.0005 mol/L), Mg2+ (0.00000526 mol/L) _ ",2.7.4.3, , ,0.227,0.227, 
5027,2385.0,1181.0,adenylate kinase,2 kegg:C00008 = kegg:C00020 + kegg:C00002,2 CHB_16761 = CHB_15422 + CHB_16027,2 ADP(aq) = AMP(aq) + ATP(aq), ,74LAN, , ,298.15,8.4,0.153, ,enzymatic assay and spectrophotometry, ,"0.43 _ mol/L;IS=0.654;(Mg)1=0.173 _ MgCl2 (0.2 mol/L), Mg2+ (0.173 mol/L) _ ",2.7.4.3, , ,0.654,0.654, 
5028,2470.0,1182.0,adenylate kinase,2 kegg:C00008 = kegg:C00020 + kegg:C00002,2 CHB_16761 = CHB_15422 + CHB_16027,2 ADP(aq) = AMP(aq) + ATP(aq), ,74LAN, , ,298.15,7.4,0.645, ,enzymatic assay and spectrophotometry, ,"1.53 _ mol/L;IS=0.129;(Mg)1=0.0045 _ MgCl2 (0.025 mol/L), Mg2+ (0.0045 mol/L) _ ",2.7.4.3, , ,0.129,0.129, 
5029,2462.0,1183.0,adenylate kinase,2 kegg:C00008 = kegg:C00020 + kegg:C00002,2 CHB_16761 = CHB_15422 + CHB_16027,2 ADP(aq) = AMP(aq) + ATP(aq), ,74LAN, , ,298.15,7.4,1.33, ,enzymatic assay and spectrophotometry, ,"2.9 _ mol/L;IS=0.012;(Mg)1=0.000448 _ MgCl2 (0.0008 mol/L), Mg2+ (0.000448 mol/L) _ ",2.7.4.3, , ,0.012,0.012, 
5030,2443.0,1184.0,adenylate kinase,2 kegg:C00008 = kegg:C00020 + kegg:C00002,2 CHB_16761 = CHB_15422 + CHB_16027,2 ADP(aq) = AMP(aq) + ATP(aq), ,74LAN, , ,298.15,7.4,0.485, ,enzymatic assay and spectrophotometry, ,2.3 _ mol/L;Tris=0.2;(Mg)1=0.005 _ MgCl2 (0.005 mol/L) _ ,2.7.4.3, , ,not given, , 
5031,2412.0,1185.0,adenylate kinase,2 kegg:C00008 = kegg:C00020 + kegg:C00002,2 CHB_16761 = CHB_15422 + CHB_16027,2 ADP(aq) = AMP(aq) + ATP(aq), ,74LAN, , ,298.15,7.4,0.526, ,enzymatic assay and spectrophotometry, ,"0.7 _ mol/L;IS=1.55;(Mg)1=0.0014 _ MgCl2 (0.2 mol/L), Mg2+ (0.0014 mol/L) _ ",2.7.4.3, , ,1.55,1.55, 
5032,2431.0,1186.0,adenylate kinase,2 kegg:C00008 = kegg:C00020 + kegg:C00002,2 CHB_16761 = CHB_15422 + CHB_16027,2 ADP(aq) = AMP(aq) + ATP(aq), ,74LAN, , ,298.15,8.4,0.538, ,enzymatic assay and spectrophotometry, ,"2.29 _ mol/L;IS=0.191;(Mg)1=0.000091 _ MgCl2 (0.005 mol/L), Mg2+ (0.000091 mol/L) _ ",2.7.4.3, , ,0.191,0.191, 
5033,2419.0,1187.0,adenylate kinase,2 kegg:C00008 = kegg:C00020 + kegg:C00002,2 CHB_16761 = CHB_15422 + CHB_16027,2 ADP(aq) = AMP(aq) + ATP(aq), ,74LAN, , ,298.15,7.4,0.758, ,enzymatic assay and spectrophotometry, ,"1.88 _ mol/L;IS=0.268;(Mg)1=0.000603 _ MgCl2 (0.0125 mol/L), Mg2+ (0.000603 mol/L) _ ",2.7.4.3, , ,0.268,0.263, 
5034,2884.0,1478.0,fructose-biphosphatase,kegg:C00354 + kegg:C00001 = kegg:C00085 + kegg:C00009,CHB_15377 + CHB_40595 = CHB_26078 + CHB_61553,"D-fructose 1,6-bisphosphate(aq) + H2O(l) = D-fructose 6-phosphate(aq) + orthophosphate(aq)", ,79LAW/VEE, , ,310.15,6.99,227.0, ,enzymatic assay; spectrophotometry, ,"mol/L;D-fructose 1,6-bisphosphate=0.00000746;D-fructose 6-phosphate=0.0173;orthophosphate=0.0996;IS=0.25;Mn2+_tot=0.000025;K+_tot=0.249925  ",3.1.3.11, , ,0.25,0.25, 
5035,2888.0,1479.0,fructose-biphosphatase,kegg:C00354 + kegg:C00001 = kegg:C00085 + kegg:C00009,CHB_15377 + CHB_40595 = CHB_26078 + CHB_61553,"D-fructose 1,6-bisphosphate(aq) + H2O(l) = D-fructose 6-phosphate(aq) + orthophosphate(aq)", ,79LAW/VEE, , ,310.15,6.99,174.0, ,enzymatic assay; spectrophotometry, ,"2.22 _ mol/L;D-fructose 1,6-bisphosphate=0.00000319;D-fructose 6-phosphate=0.00525;orthophosphate=0.105;IS=0.25;Mg2+_tot=0.00604;K+_tot=0.23188  ",3.1.3.11, , ,0.25,0.25, 
5036,,1772.0,phosphoglucomutase,kegg:C00085 + kegg:C01231 = kegg:C00092 + kegg:C00354, ,"D-fructose 6-phosphate(aq) + D-glucose 1,6-diphosphate(aq) =-D-glucose 6-phosphate(aq) + D-fructose 1,6-bisphosphate(aq)", ,69PAS/LOW, , ,311.15,7.0,12.0, ,fluorimetry, , ,5.4.2.2, , , , , 
5037,,1960.0, ,kegg:C00148 + kegg:C00006 = kegg:C03564 + kegg:C00005, , , , , , , , , , , , , ,1.5.1.1, , , , , 
5038,,1961.0, ,kegg:C00148 + kegg:C00006 = kegg:C03564 + kegg:C00005, , , , , , , , , , , , , ,1.5.1.1, , , , , 
5039,,1962.0, ,kegg:C00148 + kegg:C00006 = kegg:C03564 + kegg:C00005, , , , , , , , , , , , , ,1.5.1.1, , , , , 
5040,,1963.0, ,kegg:C00148 + kegg:C00006 = kegg:C03564 + kegg:C00005, , , , , , , , , , , , , ,1.5.1.1, , , , , 
5041,4199.0,2035.0,penicillin amidase,kegg:C06827 + kegg:C00001 = kegg:C02954 + kegg:C03493,CHB_15377 + CHB_2676 = CHB_15695 + CHB_16705,amoxicillin(aq) + H2O(l) = 6-aminopenicillanic acid(aq) + D-(4-hydroxyphenyl)glycine(aq), ,98DIE/STR, , ,298.15,5.6, , ,chromatography, ,mol/L;potassium phosphate buffer=0.1;amoxicillin=0.006;6-aminopenicillanic acid=0;D-(4-hydroxyphenyl)glycine=0  ,3.5.1.11, , , , , 
5042,4200.0,2036.0,penicillin amidase,kegg:C06827 + kegg:C00001 = kegg:C02954 + kegg:C03493,CHB_15377 + CHB_2676 = CHB_15695 + CHB_16705,amoxicillin(aq) + H2O(l) = 6-aminopenicillanic acid(aq) + D-(4-hydroxyphenyl)glycine(aq), ,98DIE/STR, , ,298.15,5.6, , ,chromatography, ,mol/L;potassium phosphate buffer=0.1;amoxicillin=0.006;6-aminopenicillanic acid=0;D-(4-hydroxyphenyl)glycine=0  ,3.5.1.11, , , , , 
5043,4201.0,2037.0,penicillin amidase,kegg:C06827 + kegg:C00001 = kegg:C02954 + kegg:C03493,CHB_15377 + CHB_2676 = CHB_15695 + CHB_16705,amoxicillin(aq) + H2O(l) = 6-aminopenicillanic acid(aq) + D-(4-hydroxyphenyl)glycine(aq), ,98DIE/STR, , ,298.15,5.6, , ,chromatography, ,mol/L;potassium phosphate buffer=0.1;amoxicillin=0.006;6-aminopenicillanic acid=0;D-(4-hydroxyphenyl)glycine=0  ,3.5.1.11, , , , , 
5044,4202.0,2038.0,penicillin amidase,kegg:C06827 + kegg:C00001 = kegg:C02954 + kegg:C03493,CHB_15377 + CHB_2676 = CHB_15695 + CHB_16705,amoxicillin(aq) + H2O(l) = 6-aminopenicillanic acid(aq) + D-(4-hydroxyphenyl)glycine(aq), ,98DIE/STR, , ,298.15,6.0, , ,chromatography, ,mol/L;potassium phosphate buffer=0.1;amoxicillin=0.006;6-aminopenicillanic acid=0;D-(4-hydroxyphenyl)glycine=0  ,3.5.1.11, , , , , 
5045,4197.0,2039.0,penicillin amidase,kegg:C06827 + kegg:C00001 = kegg:C02954 + kegg:C03493,CHB_15377 + CHB_2676 = CHB_15695 + CHB_16705,amoxicillin(aq) + H2O(l) = 6-aminopenicillanic acid(aq) + D-(4-hydroxyphenyl)glycine(aq), ,98DIE/STR, , ,298.15,5.1, , ,chromatography, ,mol/L;potassium phosphate buffer=0.1;amoxicillin=0.0023;6-aminopenicillanic acid=0;D-(4-hydroxyphenyl)glycine=0  ,3.5.1.11, , , , , 
5046,4203.0,2040.0,penicillin amidase,kegg:C06827 + kegg:C00001 = kegg:C02954 + kegg:C03493,CHB_15377 + CHB_2676 = CHB_15695 + CHB_16705,amoxicillin(aq) + H2O(l) = 6-aminopenicillanic acid(aq) + D-(4-hydroxyphenyl)glycine(aq), ,98DIE/STR, , ,298.15,6.0, , ,chromatography, ,mol/L;potassium phosphate buffer=0.1;amoxicillin=0.006;6-aminopenicillanic acid=0;D-(4-hydroxyphenyl)glycine=0  ,3.5.1.11, , , , , 
5047,4198.0,2041.0,penicillin amidase,kegg:C06827 + kegg:C00001 = kegg:C02954 + kegg:C03493,CHB_15377 + CHB_2676 = CHB_15695 + CHB_16705,amoxicillin(aq) + H2O(l) = 6-aminopenicillanic acid(aq) + D-(4-hydroxyphenyl)glycine(aq), ,98DIE/STR, , ,298.15,5.1, , ,chromatography, ,mol/L;potassium phosphate buffer=0.1;amoxicillin=0.0023;6-aminopenicillanic acid=0;D-(4-hydroxyphenyl)glycine=0  ,3.5.1.11, , , , , 
5048,,2373.0,adenosine deaminase,kegg:C00212 + kegg:C00001 = kegg:C00294 + kegg:C00014, ,adenosine(aq) + H2O(l) = inosine(aq) + ammonia(aq), ,93LAR/TEW, , ,298.15,7.19, , ,calorimetry, , ,3.5.4.4, , , , , 
5049,,2374.0,adenosine deaminase,kegg:C00212 + kegg:C00001 = kegg:C00294 + kegg:C00014, ,adenosine(aq) + H2O(l) = inosine(aq) + ammonia(aq), ,93LAR/TEW, , ,298.15,7.38, , ,calorimetry, , ,3.5.4.4, , , , , 
5050,,2375.0,adenosine deaminase,kegg:C00212 + kegg:C00001 = kegg:C00294 + kegg:C00014, ,adenosine(aq) + H2O(l) = inosine(aq) + ammonia(aq), ,93LAR/TEW, , ,298.15,8.83, , ,calorimetry, , ,3.5.4.4, , , , , 
5051,,2376.0,adenosine deaminase,kegg:C00212 + kegg:C00001 = kegg:C00294 + kegg:C00014, ,adenosine(aq) + H2O(l) = inosine(aq) + ammonia(aq), ,93LAR/TEW, , ,298.15,7.86, , ,calorimetry, , ,3.5.4.4, , , , , 
5052,,2377.0,adenosine deaminase,kegg:C00212 + kegg:C00001 = kegg:C00294 + kegg:C00014, ,adenosine(aq) + H2O(l) = inosine(aq) + ammonia(aq), ,93LAR/TEW, , ,298.15,7.09, , ,calorimetry, , ,3.5.4.4, , , , , 
5053,,2378.0,adenosine deaminase,kegg:C00212 + kegg:C00001 = kegg:C00294 + kegg:C00014, ,adenosine(aq) + H2O(l) = inosine(aq) + ammonia(aq), ,93LAR/TEW, , ,304.55,7.97, , ,calorimetry, , ,3.5.4.4, , , , , 
5054,,2379.0,adenosine deaminase,kegg:C00212 + kegg:C00001 = kegg:C00294 + kegg:C00014, ,adenosine(aq) + H2O(l) = inosine(aq) + ammonia(aq), ,93LAR/TEW, , ,298.15,7.47, , ,calorimetry, , ,3.5.4.4, , , , , 
5055,,2380.0,adenosine deaminase,kegg:C00212 + kegg:C00001 = kegg:C00294 + kegg:C00014, ,adenosine(aq) + H2O(l) = inosine(aq) + ammonia(aq), ,93LAR/TEW, , ,310.15,7.84, , ,calorimetry, , ,3.5.4.4, , , , , 
5056,,2381.0,adenosine deaminase,kegg:C00212 + kegg:C00001 = kegg:C00294 + kegg:C00014, ,adenosine(aq) + H2O(l) = inosine(aq) + ammonia(aq), ,93LAR/TEW, , ,298.15,8.17, , ,calorimetry, , ,3.5.4.4, , , , , 
5057,,2382.0,adenosine deaminase,kegg:C00212 + kegg:C00001 = kegg:C00294 + kegg:C00014, ,adenosine(aq) + H2O(l) = inosine(aq) + ammonia(aq), ,93LAR/TEW, , ,298.15,7.49, , ,calorimetry, , ,3.5.4.4, , , , , 
5058,,2519.0,alanine racemase,kegg:C00041 = kegg:C00133, ,L-alanine(aq) = D-alanine(aq), ,84WAS/DAU, , ,310.15,9.2,1.01, ,spectrophotometry, , ,5.1.1.1, , , , , 
5059,3753.0,3662.0,alkaline phosphatase,kegg:C01005 + kegg:C00001 = kegg:C00065 + kegg:C00009,CHB_15377 + CHB_15811 = CHB_17115 + CHB_26078,L-O-phosphoserine(aq) + H2O(l) = L-serine(aq) + orthophosphate(aq), ,89ROM/DEM, , ,308.15,5.0,320.0, ,chromatography and radioactivity, ,mol/l;succinate-NaOH=0.05  ,3.1.3.1, , , , , 
5060,3752.0,3663.0,alkaline phosphatase,kegg:C01005 + kegg:C00001 = kegg:C00065 + kegg:C00009,CHB_15377 + CHB_15811 = CHB_17115 + CHB_26078,L-O-phosphoserine(aq) + H2O(l) = L-serine(aq) + orthophosphate(aq), ,89ROM/DEM, , ,308.15,5.0,214.0, ,chromatography and radioactivity, ,2.0 _ mol/l;succinate-NaOH=0.05;(Mg)1(Cl)2=0.01 _ MgCl2 (0.01 mol/L) _ ,3.1.3.1, , , , , 
5061,3790.0,3664.0,alkaline phosphatase,kegg:C01005 + kegg:C00001 = kegg:C00065 + kegg:C00009,CHB_15377 + CHB_15811 = CHB_17115 + CHB_26078,L-O-phosphoserine(aq) + H2O(l) = L-serine(aq) + orthophosphate(aq), ,89ROM/DEM, , ,308.15,6.0,100.0, ,chromatography and radioactivity, ,2.0 _ mol/L;Mes-KOH=0.05;(Mg)1(Cl)2=0.01 _ MgCl2 (0.01 mol/L) _ ,3.1.3.1, , , , , 
5062,3786.0,3665.0,alkaline phosphatase,kegg:C01005 + kegg:C00001 = kegg:C00065 + kegg:C00009,CHB_15377 + CHB_15811 = CHB_17115 + CHB_26078,L-O-phosphoserine(aq) + H2O(l) = L-serine(aq) + orthophosphate(aq), ,89ROM/DEM, , ,308.15,6.1,120.0, ,chromatography and radioactivity, ,2.3 _ mol/L;Mes-KOH=0.1;(Mg)1(Cl)2=0.005 _ MgCl2 (0.005 mol/L) _ ,3.1.3.1, , , , , 
5063,3784.0,3666.0,alkaline phosphatase,kegg:C01005 + kegg:C00001 = kegg:C00065 + kegg:C00009,CHB_15377 + CHB_15811 = CHB_17115 + CHB_26078,L-O-phosphoserine(aq) + H2O(l) = L-serine(aq) + orthophosphate(aq), ,89ROM/DEM, , ,308.15,6.1,100.0, ,chromatography and radioactivity, ,1.72 _ mol/L;Mes-KOH=0.1;(Mg)1(Cl)2=0.019 _ MgCl2 (0.019 mol/L) _ ,3.1.3.1, , , , , 
5064,3783.0,3667.0,alkaline phosphatase,kegg:C01005 + kegg:C00001 = kegg:C00065 + kegg:C00009,CHB_15377 + CHB_15811 = CHB_17115 + CHB_26078,L-O-phosphoserine(aq) + H2O(l) = L-serine(aq) + orthophosphate(aq), ,89ROM/DEM, , ,308.15,6.1,96.0, ,chromatography and radioactivity, ,1.3 _ mol/L;Mes-KOH=0.1;(Mg)1(Cl)2=0.05 _ MgCl2 (0.05 mol/L) _ ,3.1.3.1, , , , , 
5065,3781.0,3668.0,alkaline phosphatase,kegg:C01005 + kegg:C00001 = kegg:C00065 + kegg:C00009,CHB_15377 + CHB_15811 = CHB_17115 + CHB_26078,L-O-phosphoserine(aq) + H2O(l) = L-serine(aq) + orthophosphate(aq), ,89ROM/DEM, , ,308.15,6.1,74.0, ,chromatography and radioactivity, ,0.76 _ mol/L;Mes-KOH=0.1;(Mg)1(Cl)2=0.174 _ MgCl2 (0.174 mol/L) _ ,3.1.3.1, , , , , 
5066,3777.0,3669.0,alkaline phosphatase,kegg:C01005 + kegg:C00001 = kegg:C00065 + kegg:C00009,CHB_15377 + CHB_15811 = CHB_17115 + CHB_26078,L-O-phosphoserine(aq) + H2O(l) = L-serine(aq) + orthophosphate(aq), ,89ROM/DEM, , ,308.15,7.0,63.0, ,chromatography and radioactivity, ,mol/L;Mops-KOH=0.05;(Mg)1(Cl)2=0.01 _ MgCl2 (0.01 mol/L) _ ,3.1.3.1, , , , , 
5067,3754.0,3670.0,alkaline phosphatase,kegg:C01005 + kegg:C00001 = kegg:C00065 + kegg:C00009,CHB_15377 + CHB_15811 = CHB_17115 + CHB_26078,L-O-phosphoserine(aq) + H2O(l) = L-serine(aq) + orthophosphate(aq), ,89ROM/DEM, , ,308.15,7.0,56.0, ,chromatography and radioactivity, ,3.0 _ mol/L;Mops-KOH=0.1;(Mg)1(Cl)2=0.2 _ MgCl2 (0.2 mol/L) _ ,3.1.3.1, , , , , 
5068,3769.0,3671.0,alkaline phosphatase,kegg:C01005 + kegg:C00001 = kegg:C00065 + kegg:C00009,CHB_15377 + CHB_15811 = CHB_17115 + CHB_26078,L-O-phosphoserine(aq) + H2O(l) = L-serine(aq) + orthophosphate(aq), ,89ROM/DEM, , ,308.15,7.0,56.0, ,chromatography and radioactivity, ,2.72 _ mol/L;Mops-KOH=0.1;(Mg)1(Cl)2=0.0021 _ MgCl2 (0.0021 mol/L) _ ,3.1.3.1, , , , , 
5069,3756.0,3672.0,alkaline phosphatase,kegg:C01005 + kegg:C00001 = kegg:C00065 + kegg:C00009,CHB_15377 + CHB_15811 = CHB_17115 + CHB_26078,L-O-phosphoserine(aq) + H2O(l) = L-serine(aq) + orthophosphate(aq), ,89ROM/DEM, , ,308.15,7.0,61.0, ,chromatography and radioactivity, ,2.3 _ mol/L;Mops-KOH=0.1;(Mg)1(Cl)2=0.1 _ MgCl2 (0.1 mol/L) _ ,3.1.3.1, , , , , 
5070,3780.0,3673.0,alkaline phosphatase,kegg:C01005 + kegg:C00001 = kegg:C00065 + kegg:C00009,CHB_15377 + CHB_15811 = CHB_17115 + CHB_26078,L-O-phosphoserine(aq) + H2O(l) = L-serine(aq) + orthophosphate(aq), ,89ROM/DEM, , ,308.15,7.0,63.0, ,chromatography and radioactivity, ,2.0 _ mol/L;Mops-KOH=0.05  ,3.1.3.1, , , , , 
5071,3768.0,3674.0,alkaline phosphatase,kegg:C01005 + kegg:C00001 = kegg:C00065 + kegg:C00009,CHB_15377 + CHB_15811 = CHB_17115 + CHB_26078,L-O-phosphoserine(aq) + H2O(l) = L-serine(aq) + orthophosphate(aq), ,89ROM/DEM, , ,308.15,7.0,61.0, ,chromatography and radioactivity, ,1.0 _ mol/L;Mops-KOH=0.1;(Mg)1(Cl)2=0.005 _ MgCl2 (0.005 mol/L) _ ,3.1.3.1, , , , , 
5072,3770.0,3675.0,alkaline phosphatase,kegg:C01005 + kegg:C00001 = kegg:C00065 + kegg:C00009,CHB_15377 + CHB_15811 = CHB_17115 + CHB_26078,L-O-phosphoserine(aq) + H2O(l) = L-serine(aq) + orthophosphate(aq), ,89ROM/DEM, , ,308.15,7.0,56.0, ,chromatography and radioactivity, ,0.7 _ mol/L;Mops-KOH=0.1;(Mg)1(Cl)2=0.0019 _ MgCl2 (0.0019 mol/L) _ ,3.1.3.1, , , , , 
5073,3778.0,3676.0,alkaline phosphatase,kegg:C01005 + kegg:C00001 = kegg:C00065 + kegg:C00009,CHB_15377 + CHB_15811 = CHB_17115 + CHB_26078,L-O-phosphoserine(aq) + H2O(l) = L-serine(aq) + orthophosphate(aq), ,89ROM/DEM, , ,308.15,7.0,21.0, ,chromatography and radioactivity, ,2.1 _   _ MgCl2 (0.008 mol/L) _ ,3.1.3.1, , , , , 
5074,3776.0,3677.0,alkaline phosphatase,kegg:C01005 + kegg:C00001 = kegg:C00065 + kegg:C00009,CHB_15377 + CHB_15811 = CHB_17115 + CHB_26078,L-O-phosphoserine(aq) + H2O(l) = L-serine(aq) + orthophosphate(aq), ,89ROM/DEM, , ,308.15,7.2,58.0, ,chromatography and radioactivity, ,2.1 _ mol/L;Mops-KOH=0.05;(Mg)1(Cl)2=0.008 _ MgCl2 (0.008 mol/L) _ ,3.1.3.1, , , , , 
5075,3774.0,3678.0,alkaline phosphatase,kegg:C01005 + kegg:C00001 = kegg:C00065 + kegg:C00009,CHB_15377 + CHB_15811 = CHB_17115 + CHB_26078,L-O-phosphoserine(aq) + H2O(l) = L-serine(aq) + orthophosphate(aq), ,89ROM/DEM, , ,308.15,7.2,29.0, ,chromatography and radioactivity, ,2.1 _   _ MgCl2 (0.008 mol/L) _ ,3.1.3.1, , , , , 
5076,3793.0,3679.0,alkaline phosphatase,kegg:C01005 + kegg:C00001 = kegg:C00065 + kegg:C00009,CHB_15377 + CHB_15811 = CHB_17115 + CHB_26078,L-O-phosphoserine(aq) + H2O(l) = L-serine(aq) + orthophosphate(aq), ,89ROM/DEM, , ,308.15,7.8,45.0, ,chromatography and radioactivity, ,mol/L;glycylglycine-KOH=0.1;(Mg)1(Cl)2=0.1 _ MgCl2 (0.1 mol/L) _ ,3.1.3.1, , , , , 
5077,3802.0,3680.0,alkaline phosphatase,kegg:C01005 + kegg:C00001 = kegg:C00065 + kegg:C00009,CHB_15377 + CHB_15811 = CHB_17115 + CHB_26078,L-O-phosphoserine(aq) + H2O(l) = L-serine(aq) + orthophosphate(aq), ,89ROM/DEM, , ,308.15,7.8,47.0, ,chromatography and radioactivity, ,3.0 _ mol/L;glycylglycine-KOH=0.05;(Mg)1(Cl)2=0.001 _ MgCl2 (0.001 mol/L) _ ,3.1.3.1, , , , , 
5078,3795.0,3681.0,alkaline phosphatase,kegg:C01005 + kegg:C00001 = kegg:C00065 + kegg:C00009,CHB_15377 + CHB_15811 = CHB_17115 + CHB_26078,L-O-phosphoserine(aq) + H2O(l) = L-serine(aq) + orthophosphate(aq), ,89ROM/DEM, , ,308.15,7.8,45.0, ,chromatography and radioactivity, ,2.0 _ mol/L;glycylglycine-KOH=0.1;(Mg)1(Cl)2=0.01 _ MgCl2 (0.01 mol/L) _ ,3.1.3.1, , , , , 
5079,3797.0,3682.0,alkaline phosphatase,kegg:C01005 + kegg:C00001 = kegg:C00065 + kegg:C00009,CHB_15377 + CHB_15811 = CHB_17115 + CHB_26078,L-O-phosphoserine(aq) + H2O(l) = L-serine(aq) + orthophosphate(aq), ,89ROM/DEM, , ,308.15,8.0,53.0, ,chromatography and radioactivity, ,2.0 _ mol/L;glycylglycine-KOH=0.05;(Mg)1(Cl)2=0.01 _ MgCl2 (0.01 mol/L) _ ,3.1.3.1, , , , , 
5080,3798.0,3683.0,alkaline phosphatase,kegg:C01005 + kegg:C00001 = kegg:C00065 + kegg:C00009,CHB_15377 + CHB_15811 = CHB_17115 + CHB_26078,L-O-phosphoserine(aq) + H2O(l) = L-serine(aq) + orthophosphate(aq), ,89ROM/DEM, , ,308.15,8.0,53.0, ,chromatography and radioactivity, ,2.0 _ mol/L;glycylglycine-KOH=0.05;(Mg)1(Cl)2=0.01 _ MgCl2 (0.01 mol/L) _ ,3.1.3.1, , , , , 
5081,3799.0,3684.0,alkaline phosphatase,kegg:C01005 + kegg:C00001 = kegg:C00065 + kegg:C00009,CHB_15377 + CHB_15811 = CHB_17115 + CHB_26078,L-O-phosphoserine(aq) + H2O(l) = L-serine(aq) + orthophosphate(aq), ,89ROM/DEM, , ,308.15,8.0,12.0, ,chromatography and radioactivity, ,3.05 _ mol/L;glycylglycine-KOH=0.05;(Mg)1(Cl)2=0.0009 _ MgCl2 (0.0009 mol/L) _ ,3.1.3.1, , , , , 
5082,3803.0,3685.0,alkaline phosphatase,kegg:C01005 + kegg:C00001 = kegg:C00065 + kegg:C00009,CHB_15377 + CHB_15811 = CHB_17115 + CHB_26078,L-O-phosphoserine(aq) + H2O(l) = L-serine(aq) + orthophosphate(aq), ,89ROM/DEM, , ,308.15,9.0,47.0, ,chromatography and radioactivity, ,mol/L;glycine-KOH=0.1  ,3.1.3.1, , , , , 
5083,3804.0,3686.0,alkaline phosphatase,kegg:C01005 + kegg:C00001 = kegg:C00065 + kegg:C00009,CHB_15377 + CHB_15811 = CHB_17115 + CHB_26078,L-O-phosphoserine(aq) + H2O(l) = L-serine(aq) + orthophosphate(aq), ,89ROM/DEM, , ,308.15,10.0,47.0, ,chromatography and radioactivity, ,mol/L;glycine-KOH=0.05  ,3.1.3.1, , , , , 
5084,3757.0,3687.0,alkaline phosphatase,kegg:C01005 + kegg:C00001 = kegg:C00065 + kegg:C00009,CHB_15377 + CHB_15811 = CHB_17115 + CHB_26078,L-O-phosphoserine(aq) + H2O(l) = L-serine(aq) + orthophosphate(aq), ,89ROM/DEM, , ,298.2,7.8,490.0, ,chromatography and radioactivity, ,1.3 _ mol/L;Mops-KOH=0.1;(Mg)1(Cl)2=0.05 _ MgCl2 (0.05 mol/L) _ ,3.1.3.1, , , , , 
5085,3765.0,3688.0,alkaline phosphatase,kegg:C01005 + kegg:C00001 = kegg:C00065 + kegg:C00009,CHB_15377 + CHB_15811 = CHB_17115 + CHB_26078,L-O-phosphoserine(aq) + H2O(l) = L-serine(aq) + orthophosphate(aq), ,89ROM/DEM, , ,303.5,7.8,500.0, ,chromatography and radioactivity, ,2.0 _ mol/L;Mops-KOH=0.1;(Mg)1(Cl)2=0.01 _ MgCl2 (0.01 mol/L) _ ,3.1.3.1, , , , , 
5086,3758.0,3689.0,alkaline phosphatase,kegg:C01005 + kegg:C00001 = kegg:C00065 + kegg:C00009,CHB_15377 + CHB_15811 = CHB_17115 + CHB_26078,L-O-phosphoserine(aq) + H2O(l) = L-serine(aq) + orthophosphate(aq), ,89ROM/DEM, , ,308.2,7.8,490.0, ,chromatography and radioactivity, ,2.0 _ mol/L;Mops-KOH=0.1;(Mg)1(Cl)2=0.05 _ MgCl2 (0.05 mol/L) _ ,3.1.3.1, , , , , 
5087,3762.0,3690.0,alkaline phosphatase,kegg:C01005 + kegg:C00001 = kegg:C00065 + kegg:C00009,CHB_15377 + CHB_15811 = CHB_17115 + CHB_26078,L-O-phosphoserine(aq) + H2O(l) = L-serine(aq) + orthophosphate(aq), ,89ROM/DEM, , ,313.4,7.8,400.0, ,chromatography and radioactivity, ,2.0 _ mol/L;Mops-KOH=0.1;(Mg)1(Cl)2=0.01 _ MgCl2 (0.01 mol/L) _ ,3.1.3.1, , , , , 
5088,3764.0,3691.0,alkaline phosphatase,kegg:C01005 + kegg:C00001 = kegg:C00065 + kegg:C00009,CHB_15377 + CHB_15811 = CHB_17115 + CHB_26078,L-O-phosphoserine(aq) + H2O(l) = L-serine(aq) + orthophosphate(aq), ,89ROM/DEM, , ,313.4,7.8,490.0, ,chromatography and radioactivity, ,1.3 _ mol/L;Mops-KOH=0.1;(Mg)1(Cl)2=0.01 _ MgCl2 (0.01 mol/L) _ ,3.1.3.1, , , , , 
5089,3788.0,3692.0,alkaline phosphatase,kegg:C01005 + kegg:C00001 = kegg:C00065 + kegg:C00009,CHB_15377 + CHB_15811 = CHB_17115 + CHB_26078,L-O-phosphoserine(aq) + H2O(l) = L-serine(aq) + orthophosphate(aq), ,89ROM/DEM, , ,308.15,6.1,140.0, ,chromatography and radioactivity, ,3.0 _ mol/L;Mes-KOH=0.1;(Mg)1(Cl)2=0.001 _ MgCl2 (0.001 mol/L) _ ,3.1.3.1, , , , , 
5090,3771.0,3693.0,alkaline phosphatase,kegg:C01005 + kegg:C00001 = kegg:C00065 + kegg:C00009,CHB_15377 + CHB_15811 = CHB_17115 + CHB_26078,L-O-phosphoserine(aq) + H2O(l) = L-serine(aq) + orthophosphate(aq), ,89ROM/DEM, , ,308.15,7.0,56.0, ,chromatography and radioactivity, ,mol/L;Mops-KOH=0.1;(Mg)1(Cl)2=0.001 _ MgCl2 (0.001 mol/L) _ ,3.1.3.1, , , , , 
5091,3801.0,3694.0,alkaline phosphatase,kegg:C01005 + kegg:C00001 = kegg:C00065 + kegg:C00009,CHB_15377 + CHB_15811 = CHB_17115 + CHB_26078,L-O-phosphoserine(aq) + H2O(l) = L-serine(aq) + orthophosphate(aq), ,89ROM/DEM, , ,308.15,8.0,47.0, ,chromatography and radioactivity, ,mol/L;glycylglycine-KOH=0.05  ,3.1.3.1, , , , , 
5092,3759.0,3695.0,alkaline phosphatase,kegg:C01005 + kegg:C00001 = kegg:C00065 + kegg:C00009,CHB_15377 + CHB_15811 = CHB_17115 + CHB_26078,L-O-phosphoserine(aq) + H2O(l) = L-serine(aq) + orthophosphate(aq), ,89ROM/DEM, , ,311.0,7.8,530.0, ,chromatography and radioactivity, ,1.3 _ mol/L;Mops-KOH=0.1;(Mg)1(Cl)2=0.05 _ MgCl2 (0.05 mol/L) _ ,3.1.3.1, , , , , 
5093,3794.0,3696.0,alkaline phosphatase,kegg:C01005 + kegg:C00001 = kegg:C00065 + kegg:C00009,CHB_15377 + CHB_15811 = CHB_17115 + CHB_26078,L-O-phosphoserine(aq) + H2O(l) = L-serine(aq) + orthophosphate(aq), ,89ROM/DEM, , ,308.15,7.8,49.0, ,chromatography and radioactivity, ,1.3 _ mol/L;glycylglycine-KOH=0.1;(Mg)1(Cl)2=0.05 _ MgCl2 (0.05 mol/L) _ ,3.1.3.1, , , , , 
5094,3761.0,3697.0,alkaline phosphatase,kegg:C01005 + kegg:C00001 = kegg:C00065 + kegg:C00009,CHB_15377 + CHB_15811 = CHB_17115 + CHB_26078,L-O-phosphoserine(aq) + H2O(l) = L-serine(aq) + orthophosphate(aq), ,89ROM/DEM, , ,308.2,7.8,550.0, ,chromatography and radioactivity, ,1.3 _ mol/L;Mops-KOH=0.1;(Mg)1(Cl)2=0.05 _ MgCl2 (0.05 mol/L) _ ,3.1.3.1, , , , , 
5095,3782.0,3698.0,alkaline phosphatase,kegg:C01005 + kegg:C00001 = kegg:C00065 + kegg:C00009,CHB_15377 + CHB_15811 = CHB_17115 + CHB_26078,L-O-phosphoserine(aq) + H2O(l) = L-serine(aq) + orthophosphate(aq), ,89ROM/DEM, , ,308.15,6.1,83.0, ,chromatography and radioactivity, ,1.0 _ mol/L;Mes-KOH=0.1;(Mg)1(Cl)2=0.1 _ MgCl2 (0.1 mol/L) _ ,3.1.3.1, , , , , 
5096,3760.0,3699.0,alkaline phosphatase,kegg:C01005 + kegg:C00001 = kegg:C00065 + kegg:C00009,CHB_15377 + CHB_15811 = CHB_17115 + CHB_26078,L-O-phosphoserine(aq) + H2O(l) = L-serine(aq) + orthophosphate(aq), ,89ROM/DEM, , ,303.5,7.8,530.0, ,chromatography and radioactivity, ,1.3 _ mol/L;Mops-KOH=0.1;(Mg)1(Cl)2=0.05 _ MgCl2 (0.05 mol/L) _ ,3.1.3.1, , , , , 
5097,3789.0,3700.0,alkaline phosphatase,kegg:C01005 + kegg:C00001 = kegg:C00065 + kegg:C00009,CHB_15377 + CHB_15811 = CHB_17115 + CHB_26078,L-O-phosphoserine(aq) + H2O(l) = L-serine(aq) + orthophosphate(aq), ,89ROM/DEM, , ,308.15,6.1,140.0, ,chromatography and radioactivity, ,mol/L;Mes-KOH=0.1  ,3.1.3.1, , , , , 
5098,3773.0,3701.0,alkaline phosphatase,kegg:C01005 + kegg:C00001 = kegg:C00065 + kegg:C00009,CHB_15377 + CHB_15811 = CHB_17115 + CHB_26078,L-O-phosphoserine(aq) + H2O(l) = L-serine(aq) + orthophosphate(aq), ,89ROM/DEM, , ,308.15,7.0,56.0, ,chromatography and radioactivity, ,3.0 _ mol/L;Mops-KOH=0.1  ,3.1.3.1, , , , , 
5099,3763.0,3702.0,alkaline phosphatase,kegg:C01005 + kegg:C00001 = kegg:C00065 + kegg:C00009,CHB_15377 + CHB_15811 = CHB_17115 + CHB_26078,L-O-phosphoserine(aq) + H2O(l) = L-serine(aq) + orthophosphate(aq), ,89ROM/DEM, , ,311.0,7.8,440.0, ,chromatography and radioactivity, ,2.0 _ mol/L;Mops-KOH=0.1;(Mg)1(Cl)2=0.01 _ MgCl2 (0.01 mol/L) _ ,3.1.3.1, , , , , 
5100,3791.0,3703.0,alkaline phosphatase,kegg:C01005 + kegg:C00001 = kegg:C00065 + kegg:C00009,CHB_15377 + CHB_15811 = CHB_17115 + CHB_26078,L-O-phosphoserine(aq) + H2O(l) = L-serine(aq) + orthophosphate(aq), ,89ROM/DEM, , ,308.15,6.0,156.0, ,chromatography and radioactivity, ,mol/L;Mes-KOH=0.05;(Mg)1(Cl)2=0.01  ,3.1.3.1, , , , , 
5101,3792.0,3704.0,alkaline phosphatase,kegg:C01005 + kegg:C00001 = kegg:C00065 + kegg:C00009,CHB_15377 + CHB_15811 = CHB_17115 + CHB_26078,L-O-phosphoserine(aq) + H2O(l) = L-serine(aq) + orthophosphate(aq), ,89ROM/DEM, , ,308.15,6.0,156.0, ,chromatography and radioactivity, ,mol/L;Mes-KOH=0.05;(Mg)1(Cl)2=0.01  ,3.1.3.1, , , , , 
5102,3772.0,3705.0,alkaline phosphatase,kegg:C01005 + kegg:C00001 = kegg:C00065 + kegg:C00009,CHB_15377 + CHB_15811 = CHB_17115 + CHB_26078,L-O-phosphoserine(aq) + H2O(l) = L-serine(aq) + orthophosphate(aq), ,89ROM/DEM, , ,308.15,7.0,49.0, ,chromatography and radioactivity, ,mol/L;Mops-KOH=0.1  ,3.1.3.1, , , , , 
5103,3800.0,3706.0,alkaline phosphatase,kegg:C01005 + kegg:C00001 = kegg:C00065 + kegg:C00009,CHB_15377 + CHB_15811 = CHB_17115 + CHB_26078,L-O-phosphoserine(aq) + H2O(l) = L-serine(aq) + orthophosphate(aq), ,89ROM/DEM, , ,308.15,8.0,42.0, ,chromatography and radioactivity, ,3.05 _ mol/L;glycylglycine-KOH=0.05;(Mg)1(Cl)2=0.0009 _ MgCl2 (0.0009 mol/L) _ ,3.1.3.1, , , , , 
5104,3796.0,3707.0,alkaline phosphatase,kegg:C01005 + kegg:C00001 = kegg:C00065 + kegg:C00009,CHB_15377 + CHB_15811 = CHB_17115 + CHB_26078,L-O-phosphoserine(aq) + H2O(l) = L-serine(aq) + orthophosphate(aq), ,89ROM/DEM, , ,308.15,7.8,45.0, ,chromatography and radioactivity, ,1.0 _ mol/L;glycylglycine-KOH=0.1  ,3.1.3.1, , , , , 
5105,3785.0,3708.0,alkaline phosphatase,kegg:C01005 + kegg:C00001 = kegg:C00065 + kegg:C00009,CHB_15377 + CHB_15811 = CHB_17115 + CHB_26078,L-O-phosphoserine(aq) + H2O(l) = L-serine(aq) + orthophosphate(aq), ,89ROM/DEM, , ,308.15,6.1,110.0, ,chromatography and radioactivity, ,2.0 _ mol/L;Mes-KOH=0.1;(Mg)1(Cl)2=0.019 _ MgCl2 (0.01 mol/L) _ ,3.1.3.1, , , , , 
5106,3767.0,3709.0,alkaline phosphatase,kegg:C01005 + kegg:C00001 = kegg:C00065 + kegg:C00009,CHB_15377 + CHB_15811 = CHB_17115 + CHB_26078,L-O-phosphoserine(aq) + H2O(l) = L-serine(aq) + orthophosphate(aq), ,89ROM/DEM, , ,308.15,7.0,39.0, ,chromatography and radioactivity, ,2.3 _ mol/L;Mops-KOH=0.1;(Mg)1(Cl)2=0.005 _ MgCl2 (0.005 mol/L) _ ,3.1.3.1, , , , , 
5107,3775.0,3710.0,alkaline phosphatase,kegg:C01005 + kegg:C00001 = kegg:C00065 + kegg:C00009,CHB_15377 + CHB_15811 = CHB_17115 + CHB_26078,L-O-phosphoserine(aq) + H2O(l) = L-serine(aq) + orthophosphate(aq), ,89ROM/DEM, , ,308.15,7.2,56.0, ,chromatography and radioactivity, ,2.1 _   _ MgCl2 (0.008 mol/L) _ ,3.1.3.1, , , , , 
5108,3766.0,3711.0,alkaline phosphatase,kegg:C01005 + kegg:C00001 = kegg:C00065 + kegg:C00009,CHB_15377 + CHB_15811 = CHB_17115 + CHB_26078,L-O-phosphoserine(aq) + H2O(l) = L-serine(aq) + orthophosphate(aq), ,89ROM/DEM, , ,298.2,7.8,620.0, ,chromatography and radioactivity, ,2.0 _ mol/L;Mops-KOH=0.1;(Mg)1(Cl)2=0.01 _ MgCl2 (0.01 mol/L) _ ,3.1.3.1, , , , , 
5109,3787.0,3712.0,alkaline phosphatase,kegg:C01005 + kegg:C00001 = kegg:C00065 + kegg:C00009,CHB_15377 + CHB_15811 = CHB_17115 + CHB_26078,L-O-phosphoserine(aq) + H2O(l) = L-serine(aq) + orthophosphate(aq), ,89ROM/DEM, , ,308.15,6.1,120.0, ,chromatography and radioactivity, ,2.68 _ mol/L;Mes-KOH=0.1;(Mg)1(Cl)2=0.0021 _ MgCl2 (0.0021 mol/L) _ ,3.1.3.1, , , , , 
5110,3779.0,3713.0,alkaline phosphatase,kegg:C01005 + kegg:C00001 = kegg:C00065 + kegg:C00009,CHB_15377 + CHB_15811 = CHB_17115 + CHB_26078,L-O-phosphoserine(aq) + H2O(l) = L-serine(aq) + orthophosphate(aq), ,89ROM/DEM, , ,308.15,7.0,56.0, ,chromatography and radioactivity, ,2.68 _ mol/L;Mops-KOH=0.05;(Mg)1(Cl)2=0.001 _ MgCl2 (0.001 mol/L) _ ,3.1.3.1, , , , , 
5111,3755.0,3714.0,alkaline phosphatase,kegg:C01005 + kegg:C00001 = kegg:C00065 + kegg:C00009,CHB_15377 + CHB_15811 = CHB_17115 + CHB_26078,L-O-phosphoserine(aq) + H2O(l) = L-serine(aq) + orthophosphate(aq), ,89ROM/DEM, , ,308.15,7.0,46.0, ,chromatography and radioactivity, ,1.0 _ mol/L;Mops-KOH=0.1;(Mg)1(Cl)2=0.1 _ MgCl2 (0.1 mol/L) _ ,3.1.3.1, , , , , 
5112,3818.0,3936.0,alkaline phosphatase,kegg:C00013 + kegg:C00001 = 2 kegg:C00009,CHB_15377 + CHB_18361 = 2 CHB_26078,pyrophosphate(aq) + H2O(l) = 2 orthophosphate(aq), ,89ROM/DEM, , ,308.15,6.0,1340.0, ,chromatography and radioactivity, ,2.0 _ mol/L;imidazole buffer=0.05;(Mg)1(Cl)2=0.01 _ MgCl2 (0.01 mol/L) _ ,3.1.3.1, , , , , 
5113,3824.0,3937.0,alkaline phosphatase,kegg:C00013 + kegg:C00001 = 2 kegg:C00009,CHB_15377 + CHB_18361 = 2 CHB_26078,pyrophosphate(aq) + H2O(l) = 2 orthophosphate(aq), ,89ROM/DEM, , ,308.15,6.1,15000.0, ,chromatography and radioactivity, ,2.72 _ mol/L;imidazole buffer=0.05;(Mg)1(Cl)2=0.0019 _ MgCl2 (0.0019 mol/L) _ ,3.1.3.1, , , , , 
5114,3817.0,3938.0,alkaline phosphatase,kegg:C00013 + kegg:C00001 = 2 kegg:C00009,CHB_15377 + CHB_18361 = 2 CHB_26078,pyrophosphate(aq) + H2O(l) = 2 orthophosphate(aq), ,89ROM/DEM, , ,308.15,6.1,1300.0, ,chromatography and radioactivity, ,2.0 _ mol/L;imidazole buffer=0.05;(Mg)1(Cl)2=0.01 _ MgCl2 (0.01 mol/L) _ ,3.1.3.1, , , , , 
5115,3812.0,3939.0,alkaline phosphatase,kegg:C00013 + kegg:C00001 = 2 kegg:C00009,CHB_15377 + CHB_18361 = 2 CHB_26078,pyrophosphate(aq) + H2O(l) = 2 orthophosphate(aq), ,89ROM/DEM, , ,308.15,6.1,420.0, ,chromatography and radioactivity, ,1.44 _ mol/L;imidazole buffer=0.05;(Mg)1(Cl)2=0.036 _ MgCl2 (0.036 mol/L) _ ,3.1.3.1, , , , , 
5116,3810.0,3940.0,alkaline phosphatase,kegg:C00013 + kegg:C00001 = 2 kegg:C00009,CHB_15377 + CHB_18361 = 2 CHB_26078,pyrophosphate(aq) + H2O(l) = 2 orthophosphate(aq), ,89ROM/DEM, , ,308.15,6.1,130.0, ,chromatography and radioactivity, ,1.0 _ mol/L;imidazole buffer=0.05;(Mg)1(Cl)2=0.1 _ MgCl2 (0.1 mol/L) _ ,3.1.3.1, , , , , 
5117,3816.0,3941.0,alkaline phosphatase,kegg:C00013 + kegg:C00001 = 2 kegg:C00009,CHB_15377 + CHB_18361 = 2 CHB_26078,pyrophosphate(aq) + H2O(l) = 2 orthophosphate(aq), ,89ROM/DEM, , ,308.15,6.53,838.0, ,chromatography and radioactivity, ,2.0 _ mol/L;imidazole buffer=0.05;(Mg)1(Cl)2=0.01 _ MgCl2 (0.01 mol/L) _ ,3.1.3.1, , , , , 
5118,3815.0,3942.0,alkaline phosphatase,kegg:C00013 + kegg:C00001 = 2 kegg:C00009,CHB_15377 + CHB_18361 = 2 CHB_26078,pyrophosphate(aq) + H2O(l) = 2 orthophosphate(aq), ,89ROM/DEM, , ,308.15,6.97,301.0, ,chromatography and radioactivity, ,2.0 _ mol/L;imidazole buffer=0.05;(Mg)1(Cl)2=0.01 _ MgCl2 (0.01 mol/L) _ ,3.1.3.1, , , , , 
5119,3814.0,3943.0,alkaline phosphatase,kegg:C00013 + kegg:C00001 = 2 kegg:C00009,CHB_15377 + CHB_18361 = 2 CHB_26078,pyrophosphate(aq) + H2O(l) = 2 orthophosphate(aq), ,89ROM/DEM, , ,308.15,7.0,290.0, ,chromatography and radioactivity, ,2.0 _ mol/L;imidazole buffer=0.05;(Mg)1(Cl)2=0.01 _ MgCl2 (0.01 mol/L) _ ,3.1.3.1, , , , , 
5120,3813.0,3944.0,alkaline phosphatase,kegg:C00013 + kegg:C00001 = 2 kegg:C00009,CHB_15377 + CHB_18361 = 2 CHB_26078,pyrophosphate(aq) + H2O(l) = 2 orthophosphate(aq), ,89ROM/DEM, , ,308.15,7.0,160.0, ,chromatography and radioactivity, ,1.72 _ mol/L;imidazole buffer=0.05;(Mg)1(Cl)2=0.019 _ MgCl2 (0.019 mol/L) _ ,3.1.3.1, , , , , 
5121,3811.0,3945.0,alkaline phosphatase,kegg:C00013 + kegg:C00001 = 2 kegg:C00009,CHB_15377 + CHB_18361 = 2 CHB_26078,pyrophosphate(aq) + H2O(l) = 2 orthophosphate(aq), ,89ROM/DEM, , ,308.15,7.0,100.0, ,chromatography and radioactivity, ,1.38 _ mol/L;imidazole buffer=0.05;(Mg)1(Cl)2=0.042 _ MgCl2 (0.042 mol/L) _ ,3.1.3.1, , , , , 
5122,3820.0,3946.0,alkaline phosphatase,kegg:C00013 + kegg:C00001 = 2 kegg:C00009,CHB_15377 + CHB_18361 = 2 CHB_26078,pyrophosphate(aq) + H2O(l) = 2 orthophosphate(aq), ,89ROM/DEM, , ,308.15,7.2,14.0, ,chromatography and radioactivity, ,2.1 _   _ MgCl2 (0.008 mol/L) _ ,3.1.3.1, , , , , 
5123,3847.0,3947.0,alkaline phosphatase,kegg:C00013 + kegg:C00001 = 2 kegg:C00009,CHB_15377 + CHB_18361 = 2 CHB_26078,pyrophosphate(aq) + H2O(l) = 2 orthophosphate(aq), ,89ROM/DEM, , ,308.15,7.8,1400.0, ,chromatography and radioactivity, ,3.0 _ mol/L;Tris-HCl=0.1;(Mg)1(Cl)2=0.001 _ MgCl2 (0.001 mol/L) _ ,3.1.3.1, , , , , 
5124,3845.0,3948.0,alkaline phosphatase,kegg:C00013 + kegg:C00001 = 2 kegg:C00009,CHB_15377 + CHB_18361 = 2 CHB_26078,pyrophosphate(aq) + H2O(l) = 2 orthophosphate(aq), ,89ROM/DEM, , ,308.15,7.8,330.0, ,chromatography and radioactivity, ,2.38 _ mol/L;Tris-HCl=0.1;(Mg)1(Cl)2=0.0042 _ MgCl2 (0.0042 mol/L) _ ,3.1.3.1, , , , , 
5125,3841.0,3949.0,alkaline phosphatase,kegg:C00013 + kegg:C00001 = 2 kegg:C00009,CHB_15377 + CHB_18361 = 2 CHB_26078,pyrophosphate(aq) + H2O(l) = 2 orthophosphate(aq), ,89ROM/DEM, , ,308.15,7.8,83.0, ,chromatography and radioactivity, ,1.38 _ mol/L;Tris-HCl=0.1;(Mg)1(Cl)2=0.042 _ MgCl2 (0.042 mol/L) _ ,3.1.3.1, , , , , 
5126,3831.0,3950.0,alkaline phosphatase,kegg:C00013 + kegg:C00001 = 2 kegg:C00009,CHB_15377 + CHB_18361 = 2 CHB_26078,pyrophosphate(aq) + H2O(l) = 2 orthophosphate(aq), ,89ROM/DEM, , ,308.15,7.8,112.0, ,chromatography and radioactivity, ,1.3 _ mol/L;Tris-HCl=0.1;(Mg)1(Cl)2=0.05 _ MgCl2 (0.05 mol/L) _ ,3.1.3.1, , , , , 
5127,3806.0,3951.0,alkaline phosphatase,kegg:C00013 + kegg:C00001 = 2 kegg:C00009,CHB_15377 + CHB_18361 = 2 CHB_26078,pyrophosphate(aq) + H2O(l) = 2 orthophosphate(aq), ,89ROM/DEM, , ,308.15,8.0,346.0, ,chromatography and radioactivity, ,3.05 _ mol/L;Tris-HCl=0.05;(Mg)1(Cl)2=0.0009 _ MgCl2 (0.0009 mol/L) _ ,3.1.3.1, , , , , 
5128,3834.0,3952.0,alkaline phosphatase,kegg:C00013 + kegg:C00001 = 2 kegg:C00009,CHB_15377 + CHB_18361 = 2 CHB_26078,pyrophosphate(aq) + H2O(l) = 2 orthophosphate(aq), ,89ROM/DEM, , ,293.2,7.8,218.0, ,chromatography and radioactivity, ,1.3 _ mol/L;Tris-HCl=0.1;(Mg)1(Cl)2=0.05 _ MgCl2 (0.05 mol/L) _ ,3.1.3.1, , , , , 
5129,3833.0,3953.0,alkaline phosphatase,kegg:C00013 + kegg:C00001 = 2 kegg:C00009,CHB_15377 + CHB_18361 = 2 CHB_26078,pyrophosphate(aq) + H2O(l) = 2 orthophosphate(aq), ,89ROM/DEM, , ,299.9,7.8,158.0, ,chromatography and radioactivity, ,1.3 _ mol/L;Tris-HCl=0.1;(Mg)1(Cl)2=0.05 _ MgCl2 (0.05 mol/L) _ ,3.1.3.1, , , , , 
5130,3832.0,3954.0,alkaline phosphatase,kegg:C00013 + kegg:C00001 = 2 kegg:C00009,CHB_15377 + CHB_18361 = 2 CHB_26078,pyrophosphate(aq) + H2O(l) = 2 orthophosphate(aq), ,89ROM/DEM, , ,302.3,7.8,128.0, ,chromatography and radioactivity, ,1.3 _ mol/L;Tris-HCl=0.1;(Mg)1(Cl)2=0.05 _ MgCl2 (0.05 mol/L) _ ,3.1.3.1, , , , , 
5131,3821.0,3955.0,alkaline phosphatase,kegg:C00013 + kegg:C00001 = 2 kegg:C00009,CHB_15377 + CHB_18361 = 2 CHB_26078,pyrophosphate(aq) + H2O(l) = 2 orthophosphate(aq), ,89ROM/DEM, , ,308.15,7.2,256.0, ,chromatography and radioactivity, ,2.1 _ mol/L;imidazole buffer=0.05;(Mg)1(Cl)2=0.008 _ MgCl2 (0.008 mol/L) _ ,3.1.3.1, , , , , 
5132,3807.0,3956.0,alkaline phosphatase,kegg:C00013 + kegg:C00001 = 2 kegg:C00009,CHB_15377 + CHB_18361 = 2 CHB_26078,pyrophosphate(aq) + H2O(l) = 2 orthophosphate(aq), ,89ROM/DEM, , ,308.15,6.1,73.0, ,chromatography and radioactivity, ,0.7 _ mol/L;imidazole buffer=0.05;(Mg)1(Cl)2=0.2 _ MgCl2 (0.2 mol/L) _ ,3.1.3.1, , , , , 
5133,3808.0,3957.0,alkaline phosphatase,kegg:C00013 + kegg:C00001 = 2 kegg:C00009,CHB_15377 + CHB_18361 = 2 CHB_26078,pyrophosphate(aq) + H2O(l) = 2 orthophosphate(aq), ,89ROM/DEM, , ,308.15,6.1,73.0, ,chromatography and radioactivity, ,0.7 _ mol/L;imidazole buffer=0.05;(Mg)1(Cl)2=0.2 _ MgCl2 (0.2 mol/L) _ ,3.1.3.1, , , , , 
5134,3846.0,3958.0,alkaline phosphatase,kegg:C00013 + kegg:C00001 = 2 kegg:C00009,CHB_15377 + CHB_18361 = 2 CHB_26078,pyrophosphate(aq) + H2O(l) = 2 orthophosphate(aq), ,89ROM/DEM, , ,308.15,7.8,590.0, ,chromatography and radioactivity, ,2.68 _ mol/L;Tris-HCl=0.1;(Mg)1(Cl)2=0.0021 _ MgCl2 (0.0021 mol/L) _ ,3.1.3.1, , , , , 
5135,3819.0,3959.0,alkaline phosphatase,kegg:C00013 + kegg:C00001 = 2 kegg:C00009,CHB_15377 + CHB_18361 = 2 CHB_26078,pyrophosphate(aq) + H2O(l) = 2 orthophosphate(aq), ,89ROM/DEM, , ,308.15,7.0,0.9, ,chromatography and radioactivity, ,2.1 _   _ MgCl2 (0.008 mol/L) _ ,3.1.3.1, , , , , 
5136,3823.0,3960.0,alkaline phosphatase,kegg:C00013 + kegg:C00001 = 2 kegg:C00009,CHB_15377 + CHB_18361 = 2 CHB_26078,pyrophosphate(aq) + H2O(l) = 2 orthophosphate(aq), ,89ROM/DEM, , ,308.15,6.1,3100.0, ,chromatography and radioactivity, ,2.38 _ mol/L;imidazole buffer=0.05;(Mg)1(Cl)2=0.0042 _ MgCl2 (0.0042 mol/L) _ ,3.1.3.1, , , , , 
5137,3840.0,3961.0,alkaline phosphatase,kegg:C00013 + kegg:C00001 = 2 kegg:C00009,CHB_15377 + CHB_18361 = 2 CHB_26078,pyrophosphate(aq) + H2O(l) = 2 orthophosphate(aq), ,89ROM/DEM, , ,308.15,7.8,1600.0, ,chromatography and radioactivity, ,3.0 _ mol/L;Tris-HCl=0.1;(Mg)1(Cl)2=0.001 _ MgCl2 (0.001 mol/L) _ ,3.1.3.1, , , , , 
5138,3837.0,3962.0,alkaline phosphatase,kegg:C00013 + kegg:C00001 = 2 kegg:C00009,CHB_15377 + CHB_18361 = 2 CHB_26078,pyrophosphate(aq) + H2O(l) = 2 orthophosphate(aq), ,89ROM/DEM, , ,302.3,7.8,458.0, ,chromatography and radioactivity, ,2.0 _ mol/L;Tris-HCl=0.1;(Mg)1(Cl)2=0.01 _ MgCl2 (0.01 mol/L) _ ,3.1.3.1, , , , , 
5139,3842.0,3963.0,alkaline phosphatase,kegg:C00013 + kegg:C00001 = 2 kegg:C00009,CHB_15377 + CHB_18361 = 2 CHB_26078,pyrophosphate(aq) + H2O(l) = 2 orthophosphate(aq), ,89ROM/DEM, , ,308.15,8.83,127.0, ,chromatography and radioactivity, ,2.0 _ mol/L;Tris-HCl=0.1;(Mg)1(Cl)2=0.01 _ MgCl2 (0.01 mol/L) _ ,3.1.3.1, , , , , 
5140,3825.0,3964.0,alkaline phosphatase,kegg:C00013 + kegg:C00001 = 2 kegg:C00009,CHB_15377 + CHB_18361 = 2 CHB_26078,pyrophosphate(aq) + H2O(l) = 2 orthophosphate(aq), ,89ROM/DEM, , ,308.15,7.0,3700.0, ,chromatography and radioactivity, ,3.0 _ mol/L;imidazole buffer=0.05;(Mg)1(Cl)2=0.001 _ MgCl2 (0.001 mol/L) _ ,3.1.3.1, , , , , 
5141,3843.0,3965.0,alkaline phosphatase,kegg:C00013 + kegg:C00001 = 2 kegg:C00009,CHB_15377 + CHB_18361 = 2 CHB_26078,pyrophosphate(aq) + H2O(l) = 2 orthophosphate(aq), ,89ROM/DEM, , ,308.15,7.8,180.0, ,chromatography and radioactivity, ,2.0 _ mol/L;Tris-HCl=0.1;(Mg)1(Cl)2=0.01 _ MgCl2 (0.01 mol/L) _ ,3.1.3.1, , , , , 
5142,3835.0,3966.0,alkaline phosphatase,kegg:C00013 + kegg:C00001 = 2 kegg:C00009,CHB_15377 + CHB_18361 = 2 CHB_26078,pyrophosphate(aq) + H2O(l) = 2 orthophosphate(aq), ,89ROM/DEM, , ,308.15,7.8,313.0, ,chromatography and radioactivity, ,2.0 _ mol/L;Tris-HCl=0.1;(Mg)1(Cl)2=0.01 _ MgCl2 (0.01 mol/L) _ ,3.1.3.1, , , , , 
5143,3827.0,3967.0,alkaline phosphatase,kegg:C00013 + kegg:C00001 = 2 kegg:C00009,CHB_15377 + CHB_18361 = 2 CHB_26078,pyrophosphate(aq) + H2O(l) = 2 orthophosphate(aq), ,89ROM/DEM, , ,308.15,7.0,20000.0, ,chromatography and radioactivity, ,3.15 _ mol/L;imidazole buffer=0.05;(Mg)1(Cl)2=0.0007 _ MgCl2 (0.0007 mol/L) _ ,3.1.3.1, , , , , 
5144,3836.0,3968.0,alkaline phosphatase,kegg:C00013 + kegg:C00001 = 2 kegg:C00009,CHB_15377 + CHB_18361 = 2 CHB_26078,pyrophosphate(aq) + H2O(l) = 2 orthophosphate(aq), ,89ROM/DEM, , ,308.15,7.8,357.0, ,chromatography and radioactivity, ,2.0 _ mol/L;Tris-HCl=0.1;(Mg)1(Cl)2=0.01 _ MgCl2 (0.01 mol/L) _ ,3.1.3.1, , , , , 
5145,3839.0,3969.0,alkaline phosphatase,kegg:C00013 + kegg:C00001 = 2 kegg:C00009,CHB_15377 + CHB_18361 = 2 CHB_26078,pyrophosphate(aq) + H2O(l) = 2 orthophosphate(aq), ,89ROM/DEM, , ,293.2,7.8,867.0, ,chromatography and radioactivity, ,2.0 _ mol/L;Tris-HCl=0.1;(Mg)1(Cl)2=0.01 _ MgCl2 (0.01 mol/L) _ ,3.1.3.1, , , , , 
5146,3805.0,3970.0,alkaline phosphatase,kegg:C00013 + kegg:C00001 = 2 kegg:C00009,CHB_15377 + CHB_18361 = 2 CHB_26078,pyrophosphate(aq) + H2O(l) = 2 orthophosphate(aq), ,89ROM/DEM, , ,308.15,8.0,0.2, ,chromatography and radioactivity, ,3.05 _   _ MgCl2 (0.0009 mol/L) _ ,3.1.3.1, , , , , 
5147,3838.0,3971.0,alkaline phosphatase,kegg:C00013 + kegg:C00001 = 2 kegg:C00009,CHB_15377 + CHB_18361 = 2 CHB_26078,pyrophosphate(aq) + H2O(l) = 2 orthophosphate(aq), ,89ROM/DEM, , ,299.9,7.8,549.0, ,chromatography and radioactivity, ,2.0 _ mol/L;Tris-HCl=0.1;(Mg)1(Cl)2=0.01 _ MgCl2 (0.01 mol/L) _ ,3.1.3.1, , , , , 
5148,3809.0,3972.0,alkaline phosphatase,kegg:C00013 + kegg:C00001 = 2 kegg:C00009,CHB_15377 + CHB_18361 = 2 CHB_26078,pyrophosphate(aq) + H2O(l) = 2 orthophosphate(aq), ,89ROM/DEM, , ,308.15,7.0,58.0, ,chromatography and radioactivity, ,1.0 _ mol/L;imidazole buffer=0.05;(Mg)1(Cl)2=0.1 _ MgCl2 (0.1 mol/L) _ ,3.1.3.1, , , , , 
5149,3826.0,3973.0,alkaline phosphatase,kegg:C00013 + kegg:C00001 = 2 kegg:C00009,CHB_15377 + CHB_18361 = 2 CHB_26078,pyrophosphate(aq) + H2O(l) = 2 orthophosphate(aq), ,89ROM/DEM, , ,308.15,7.0,3900.0, ,chromatography and radioactivity, ,3.0 _ mol/L;imidazole buffer=0.05;(Mg)1(Cl)2=0.001 _ MgCl2 (0.001 mol/L) _ ,3.1.3.1, , , , , 
5150,3828.0,3974.0,alkaline phosphatase,kegg:C00013 + kegg:C00001 = 2 kegg:C00009,CHB_15377 + CHB_18361 = 2 CHB_26078,pyrophosphate(aq) + H2O(l) = 2 orthophosphate(aq), ,89ROM/DEM, , ,313.2,7.8,82.0, ,chromatography and radioactivity, ,1.3 _ mol/L;Tris-HCl=0.1;(Mg)1(Cl)2=0.05 _ MgCl2 (0.05 mol/L) _ ,3.1.3.1, , , , , 
5151,3822.0,3975.0,alkaline phosphatase,kegg:C00013 + kegg:C00001 = 2 kegg:C00009,CHB_15377 + CHB_18361 = 2 CHB_26078,pyrophosphate(aq) + H2O(l) = 2 orthophosphate(aq), ,89ROM/DEM, , ,308.15,7.0,490.0, ,chromatography and radioactivity, ,2.38 _ mol/L;imidazole buffer=0.05;(Mg)1(Cl)2=0.0042 _ MgCl2 (0.0042 mol/L) _ ,3.1.3.1, , , , , 
5152,3844.0,3976.0,alkaline phosphatase,kegg:C00013 + kegg:C00001 = 2 kegg:C00009,CHB_15377 + CHB_18361 = 2 CHB_26078,pyrophosphate(aq) + H2O(l) = 2 orthophosphate(aq), ,89ROM/DEM, , ,308.15,7.8,184.0, ,chromatography and radioactivity, ,2.0 _ mol/L;Tris-HCl=0.1;(Mg)1(Cl)2=0.01 _ MgCl2 (0.01 mol/L) _ ,3.1.3.1, , , , , 
5153,3829.0,3977.0,alkaline phosphatase,kegg:C00013 + kegg:C00001 = 2 kegg:C00009,CHB_15377 + CHB_18361 = 2 CHB_26078,pyrophosphate(aq) + H2O(l) = 2 orthophosphate(aq), ,89ROM/DEM, , ,308.15,7.8,100.0, ,chromatography and radioactivity, ,1.3 _ mol/L;Tris-HCl=0.1;(Mg)1(Cl)2=0.05 _ MgCl2 (0.05 mol/L) _ ,3.1.3.1, , , , , 
5154,3830.0,3978.0,alkaline phosphatase,kegg:C00013 + kegg:C00001 = 2 kegg:C00009,CHB_15377 + CHB_18361 = 2 CHB_26078,pyrophosphate(aq) + H2O(l) = 2 orthophosphate(aq), ,89ROM/DEM, , ,308.15,7.8,100.0, ,chromatography and radioactivity, ,1.3 _ mol/L;Tris-HCl=0.1;(Mg)1(Cl)2=0.05 _ MgCl2 (0.05 mol/L) _ ,3.1.3.1, , , , , 
5155,,4467.0,aconitate hydratase,kegg:C00311 = kegg:C00417 + kegg:C00001, ,isocitrate(aq) = cis-aconitate(aq) + H2O(l), ,43KRE/EGG, , ,311.15,7.4,0.69, ,polarimetry, , ,4.2.1.3, , , , , 
5156,867.0, ,3-hydroxysteroid dehydrogenase, ,CHB_15846 + CHB_541975 = CHB_16908 + MAN_10082,"5-androstane-3-ol-17-one(aq) + NAD(aq) = 5-androstane-3,17-dione(aq) + NADH(aq)", ,56TAL/MAR, , ,298.15,6.07860262,0.006495723, ,spectrophotometry,orthophosphate (0.033 mol dm-3) and pyrophosphate (0.033 mol dm-3),mol/L;phosphate buffer=0.033 _ mol/L;phosphate buffer=0.033  ,1.1.1.50, , , , , 
5157,868.0, ,3-hydroxysteroid dehydrogenase, ,CHB_15846 + CHB_541975 = CHB_16908 + MAN_10082,"5-androstane-3-ol-17-one(aq) + NAD(aq) = 5-androstane-3,17-dione(aq) + NADH(aq)", ,56TAL/MAR, , ,298.15,6.563318777,0.0193357, ,spectrophotometry,orthophosphate (0.033 mol dm-3) and pyrophosphate (0.033 mol dm-3),mol/L;phosphate buffer=0.033 _ mol/L;phosphate buffer=0.033  ,1.1.1.50, , , , , 
5158,869.0, ,3-hydroxysteroid dehydrogenase, ,CHB_15846 + CHB_541975 = CHB_16908 + MAN_10082,"5-androstane-3-ol-17-one(aq) + NAD(aq) = 5-androstane-3,17-dione(aq) + NADH(aq)", ,56TAL/MAR, , ,298.15,6.659388646,0.023665499, ,spectrophotometry,orthophosphate (0.033 mol dm-3) and pyrophosphate (0.033 mol dm-3),mol/L;phosphate buffer=0.033 _ mol/L;phosphate buffer=0.033  ,1.1.1.50, , , , , 
5159,870.0, ,3-hydroxysteroid dehydrogenase, ,CHB_15846 + CHB_541975 = CHB_16908 + MAN_10082,"5-androstane-3-ol-17-one(aq) + NAD(aq) = 5-androstane-3,17-dione(aq) + NADH(aq)", ,56TAL/MAR, , ,298.15,7.296943231,0.117821053, ,spectrophotometry,orthophosphate (0.033 mol dm-3) and pyrophosphate (0.033 mol dm-3),mol/L;phosphate buffer=0.033 _ mol/L;phosphate buffer=0.033  ,1.1.1.50, , , , , 
5160,871.0, ,3-hydroxysteroid dehydrogenase, ,CHB_15846 + CHB_541975 = CHB_16908 + MAN_10082,"5-androstane-3-ol-17-one(aq) + NAD(aq) = 5-androstane-3,17-dione(aq) + NADH(aq)", ,56TAL/MAR, , ,298.15,8.030567686,0.510051784, ,spectrophotometry,orthophosphate (0.033 mol dm-3) and pyrophosphate (0.033 mol dm-3),mol/L;phosphate buffer=0.033 _ mol/L;phosphate buffer=0.033  ,1.1.1.50, , , , , 
5161,872.0, ,3-hydroxysteroid dehydrogenase, ,CHB_15846 + CHB_541975 = CHB_16908 + MAN_10082,"5-androstane-3-ol-17-one(aq) + NAD(aq) = 5-androstane-3,17-dione(aq) + NADH(aq)", ,56TAL/MAR, , ,298.15,8.371179039,1.167294017, ,spectrophotometry,orthophosphate (0.033 mol dm-3) and pyrophosphate (0.033 mol dm-3),mol/L;phosphate buffer=0.033 _ mol/L;phosphate buffer=0.033  ,1.1.1.50, , , , , 
5162,873.0, ,3-hydroxysteroid dehydrogenase, ,CHB_15846 + CHB_541975 = CHB_16908 + MAN_10082,"5-androstane-3-ol-17-one(aq) + NAD(aq) = 5-androstane-3,17-dione(aq) + NADH(aq)", ,56TAL/MAR, , ,298.15,9.030567686,6.299663153, ,spectrophotometry,orthophosphate (0.033 mol dm-3) and pyrophosphate (0.033 mol dm-3),mol/L;pyrophosphate buffer=0.033 _ mol/L;pyrophosphate buffer=0.033  ,1.1.1.50, , , , , 
5163,874.0, ,3-hydroxysteroid dehydrogenase, ,CHB_15846 + MAN_10156 = CHB_16908 + MAN_10157,"5-pregnane-3,17,21-triol-11,20-dione(aq) + NAD(aq) = 5-pregnane-17,21-diol-3,11,20-trione(aq) + NADH(aq)", ,56TOM, , ,298.15,7.0,0.892857, ,spectrophotometry,phosphate (0.020 mol dm-3),mol/L;phosphate buffer=0.02 _ mol/L;phosphate buffer=0.02  ,1.1.1.50, , , , , 
5164,875.0, ,3-hydroxysteroid dehydrogenase, ,CHB_15846 + MAN_10156 = CHB_16908 + MAN_10157,"5-pregnane-3,17,21-triol-11,20-dione(aq) + NAD(aq) = 5-pregnane-17,21-diol-3,11,20-trione(aq) + NADH(aq)", ,56TOM, , ,298.15,7.8,5.63355, ,spectrophotometry,phosphate (0.020 mol dm-3),mol/L;phosphate buffer=0.02 _ mol/L;phosphate buffer=0.02  ,1.1.1.50, , , , , 
5165,945.0, ,3-hydroxysteroid dehydrogenase, ,CHB_15846 + PBC_11301 = CHB_16908 + MAN_10012,"5-androstane-3,17-diol(aq) + NAD(aq) = 5-androstane-17-ol-3-one(aq) + NADH(aq)", ,57TAL, , ,298.15,7.0,0.0668, ,spectrophotometry, ,   ,1.1.1.50, , , , , 
5166,946.0, ,3-hydroxysteroid dehydrogenase, ,CHB_15846 + CHB_541975 = CHB_16908 + MAN_10082,"5-androstane-3-ol-17-one(aq) + NAD(aq) = 5-androstane-3,17-dione(aq) + NADH(aq)", ,57TAL, , ,298.15,7.0,0.0157, ,spectrophotometry, ,   ,1.1.1.50, , , , , 
5167,947.0, ,3-hydroxysteroid dehydrogenase, ,CHB_15846 + CHB_541975 = CHB_16908 + MAN_10082,"5-androstane-3-ol-17-one(aq) + NAD(aq) = 5-androstane-3,17-dione(aq) + NADH(aq)", ,57TAL, , ,298.15,7.0,0.0742, ,spectrophotometry, ,   ,1.1.1.50, , , , , 
5168,949.0, ,3-hydroxysteroid dehydrogenase, ,CHB_15846 + MAN_10156 = CHB_16908 + MAN_10157,"5-pregnane-3,17,21-triol-11,20-dione(aq) + NAD(aq) = 5-pregnane-17,21-diol-3,11,20-trione(aq) + NADH(aq)", ,57TAL, , ,298.15,7.0,0.0107, ,spectrophotometry, ,   ,1.1.1.50, , , , , 
5169,1187.0, ,3-hydroxysteroid dehydrogenase, ,CHB_15846 + MAN_10156 = CHB_16908 + MAN_10157,"5-pregnane-3,17,21-triol-11,20-dione(aq) + NAD(aq) = 5-pregnane-17,21-diol-3,11,20-trione(aq) + NADH(aq)", ,59TAL/LEV, , ,298.15,7.0,0.0107, ,spectrophotometry,phosphate (0.01 - 0.07 mol dm-3),   ,1.1.1.50, , , , , 
5170,1189.0, ,3-hydroxysteroid dehydrogenase, ,CHB_15846 + MAN_10156 = CHB_16908 + MAN_10157,"5-pregnane-3,17,21-triol-11,20-dione(aq) + NAD(aq) = 5-pregnane-17,21-diol-3,11,20-trione(aq) + NADH(aq)", ,59TAL/LEV, , ,298.15,8.0,0.107, ,spectrophotometry,phosphate (0.01 - 0.07 mol dm-3),   ,1.1.1.50, , , , , 
5171,1191.0, ,3-hydroxysteroid dehydrogenase, ,CHB_15846 + MAN_10156 = CHB_16908 + MAN_10157,"5-pregnane-3,17,21-triol-11,20-dione(aq) + NAD(aq) = 5-pregnane-17,21-diol-3,11,20-trione(aq) + NADH(aq)", ,59TAL/LEV, , ,298.15,9.0,1.07, ,spectrophotometry,phosphate (0.01 - 0.07 mol dm-3),   ,1.1.1.50, , , , , 
5172,1193.0, ,3-hydroxysteroid dehydrogenase, ,CHB_15846 + MAN_10159 = CHB_16908 + MAN_10158,"5-pregnane-3,17,21-triol-20-one(aq) + NAD(aq) = 5-pregnane-17,21-diol-3,20-dione(aq) + NADH(aq)", ,59TAL/LEV, , ,298.15,7.0,0.0113, ,spectrophotometry,phosphate (0.01 - 0.07 mol dm-3),   ,1.1.1.50, , , , , 
5173,1195.0, ,3-hydroxysteroid dehydrogenase, ,CHB_15846 + MAN_10159 = CHB_16908 + MAN_10158,"5-pregnane-3,17,21-triol-20-one(aq) + NAD(aq) = 5-pregnane-17,21-diol-3,20-dione(aq) + NADH(aq)", ,59TAL/LEV, , ,298.15,7.0,0.0213, ,spectrophotometry,phosphate (0.01 - 0.07 mol dm-3),   ,1.1.1.50, , , , , 
5174,1197.0, ,3-hydroxysteroid dehydrogenase, ,CHB_15846 + MAN_10159 = CHB_16908 + MAN_10158,"5-pregnane-3,17,21-triol-20-one(aq) + NAD(aq) = 5-pregnane-17,21-diol-3,20-dione(aq) + NADH(aq)", ,59TAL/LEV, , ,298.15,8.0,0.113, ,spectrophotometry,phosphate (0.01 - 0.07 mol dm-3),   ,1.1.1.50, , , , , 
5175,1199.0, ,3-hydroxysteroid dehydrogenase, ,CHB_15846 + MAN_10159 = CHB_16908 + MAN_10158,"5-pregnane-3,17,21-triol-20-one(aq) + NAD(aq) = 5-pregnane-17,21-diol-3,20-dione(aq) + NADH(aq)", ,59TAL/LEV, , ,298.15,8.0,0.213, ,spectrophotometry,phosphate (0.01 - 0.07 mol dm-3),   ,1.1.1.50, , , , , 
5176,1201.0, ,3-hydroxysteroid dehydrogenase, ,CHB_15846 + MAN_10159 = CHB_16908 + MAN_10158,"5-pregnane-3,17,21-triol-20-one(aq) + NAD(aq) = 5-pregnane-17,21-diol-3,20-dione(aq) + NADH(aq)", ,59TAL/LEV, , ,298.15,9.0,1.13, ,spectrophotometry,phosphate (0.01 - 0.07 mol dm-3),   ,1.1.1.50, , , , , 
5177,1203.0, ,3-hydroxysteroid dehydrogenase, ,CHB_15846 + MAN_10159 = CHB_16908 + MAN_10158,"5-pregnane-3,17,21-triol-20-one(aq) + NAD(aq) = 5-pregnane-17,21-diol-3,20-dione(aq) + NADH(aq)", ,59TAL/LEV, , ,298.15,9.0,2.13, ,spectrophotometry,phosphate (0.01 - 0.07 mol dm-3),   ,1.1.1.50, , , , , 
5178,1342.0, ,citrate lyase, ,CHB_30769 = CHB_16452 + CHB_30089,citrate(aq) = acetate(aq) + oxaloacetate(aq), ,63HAR/COL, , ,303.15,7.0,0.0637, ,spectrophotometry,phosphate (0.13 mol dm-3),mol/L;phosphate buffer=0.13 _ mol/L;phosphate buffer=0.13  ,4.1.3.6, , , , , 
5179,1407.0, ,3-hydroxysteroid dehydrogenase, ,CHB_15846 + CHB_541975 = CHB_16908 + MAN_10082,"5-androstane-3-ol-17-one(aq) + NAD(aq) = 5-androstane-3,17-dione(aq) + NADH(aq)", ,65BOY/BAR, , ,298.15,7.0,0.092, ,spectrophotometry,sodium pyrophosphate (0.1 mol dm-3),mol/L;sodium pyrophosphate buffer=0.033 _ mol/L;sodium pyrophosphate buffer=0.033  ,1.1.1.50, , , , , 
5180,1408.0, ,3-hydroxysteroid dehydrogenase, ,CHB_15846 + CHB_541975 = CHB_16908 + MAN_10082,"5-androstane-3-ol-17-one(aq) + NAD(aq) = 5-androstane-3,17-dione(aq) + NADH(aq)", ,65BOY/BAR, , ,298.15,8.0,0.92, ,spectrophotometry,sodium pyrophosphate (0.1 mol dm-3),mol/L;sodium pyrophosphate buffer=0.033 _ mol/L;sodium pyrophosphate buffer=0.033  ,1.1.1.50, , , , , 
5181,1409.0, ,3-hydroxysteroid dehydrogenase, ,CHB_15846 + CHB_541975 = CHB_16908 + MAN_10082,"5-androstane-3-ol-17-one(aq) + NAD(aq) = 5-androstane-3,17-dione(aq) + NADH(aq)", ,65BOY/BAR, , ,298.15,9.0,9.2, ,spectrophotometry,sodium pyrophosphate (0.1 mol dm-3),mol/L;sodium pyrophosphate buffer=0.033 _ mol/L;sodium pyrophosphate buffer=0.033  ,1.1.1.50, , , , , 
5182,1410.0, ,3-hydroxysteroid dehydrogenase, ,CHB_541975 + PBC_4156341 = MAN_10082 + MAN_10151,"5-androstane-3-ol-17-one(aq) + TNAD(aq) = 5-androstane-3,17-dione(aq) + TNADH(aq)", ,65BOY/BAR, , ,298.15,7.0,0.6, ,spectrophotometry,sodium pyrophosphate (0.1 mol dm-3),mol/L;sodium pyrophosphate buffer=0.033 _ mol/L;sodium pyrophosphate buffer=0.033  ,1.1.1.50, , , , , 
5183,1411.0, ,3-hydroxysteroid dehydrogenase, ,CHB_541975 + PBC_4156341 = MAN_10082 + MAN_10151,"5-androstane-3-ol-17-one(aq) + TNAD(aq) = 5-androstane-3,17-dione(aq) + TNADH(aq)", ,65BOY/BAR, , ,298.15,8.0,6, ,spectrophotometry,sodium pyrophosphate (0.1 mol dm-3),mol/L;sodium pyrophosphate buffer=0.033 _ mol/L;sodium pyrophosphate buffer=0.033  ,1.1.1.50, , , , , 
5184,1412.0, ,3-hydroxysteroid dehydrogenase, ,CHB_541975 + PBC_4156341 = MAN_10082 + MAN_10151,"5-androstane-3-ol-17-one(aq) + TNAD(aq) = 5-androstane-3,17-dione(aq) + TNADH(aq)", ,65BOY/BAR, , ,298.15,9.0,60, ,spectrophotometry,sodium pyrophosphate (0.1 mol dm-3),mol/L;sodium pyrophosphate buffer=0.033 _ mol/L;sodium pyrophosphate buffer=0.033  ,1.1.1.50, , , , , 
5185,2032.0, ,glu-X carboxypeptidase, ,CHB_15377 + CHB_27470 = CHB_29985 + PBC_95054,pteroylglutamate(aq) + H2O(l) = pteroate(aq) + L-glutamate(aq), ,71MCC/CHA, , ,310.15,7.3,15.6, ,spectrophotometry,Tris (0.05 mol dm-3) + HCl,mol/L;Tris-HCl=0.05;(Zn)1(Cl)2=0.0001;pteroylglutamate=0.002;pteroate=0;L-glutamate=0 _ mol/L;Tris-HCl=0.05;(Zn)1(Cl)2=0.0001;pteroylglutamate=0.002;pteroate=0;L-glutamate=0  ,3.4.19.9, , , , , 
5186,2557.0, ,amine oxidase (copper-containing), ,CHB_15377 + CHB_15379 + PBC_193714 = CHB_16134 + CHB_16240 + PBC_193251,4-dimethylaminomethylbenzylamine(aq) + H2O(l) + O2(aq) = 4-dimethylaminomethylbenzaldehyde(aq) + ammonia(aq) + H2O2(aq), ,76CRA/WAI, , ,298.15,7.15,2.7, ,spectrophotometric and oxygen electrode,phosphate,mol/L;IS=0.22 _ mol/L;IS=0.22  ,1.4.3.6, , ,0.22,0.22, 
5187,2665.0, ,hydrogenase, ,MAN_10033 = CHB_18276 + PBC_15939,methyl viologen(red)(aq) = methyl viologen(ox)(aq) + H2(g), ,78ERB/BUR, , ,298.15,9.85,2.2e-05, ,spectrophotometric and manometry,"Bes, tricine, serine, glycine, and Mes",mol/L;MES=0.025;tricine=0.025;glycine=0.025 _ mol/L;MES=0.025;tricine=0.025;glycine=0.025  ,1.18.99.1, , , , , 
5188,2666.0, ,hydrogenase, ,MAN_10033 = CHB_18276 + PBC_15939,methyl viologen(red)(aq) = methyl viologen(ox)(aq) + H2(g), ,78ERB/BUR, , ,298.15,9.0,0.0013, ,spectrophotometric and manometry,"Bes, tricine, serine, glycine, and Mes",mol/L;MES=0.025;tricine=0.025;glycine=0.025 _ mol/L;MES=0.025;tricine=0.025;glycine=0.025  ,1.18.99.1, , , , , 
5189,2667.0, ,hydrogenase, ,MAN_10033 = CHB_18276 + PBC_15939,methyl viologen(red)(aq) = methyl viologen(ox)(aq) + H2(g), ,78ERB/BUR, , ,298.15,8.0,0.12, ,spectrophotometric and manometry,"Bes, tricine, serine, glycine, and Mes",mol/L;MES=0.025;tricine=0.025;glycine=0.025 _ mol/L;MES=0.025;tricine=0.025;glycine=0.025  ,1.18.99.1, , , , , 
5190,2668.0, ,hydrogenase, ,MAN_10033 = CHB_18276 + PBC_15939,methyl viologen(red)(aq) = methyl viologen(ox)(aq) + H2(g), ,78ERB/BUR, , ,298.15,7.0,10, ,spectrophotometric and manometry,"Bes, tricine, serine, glycine, and Mes",mol/L;MES=0.025;tricine=0.025;glycine=0.025 _ mol/L;MES=0.025;tricine=0.025;glycine=0.025  ,1.18.99.1, , , , , 
5191,2949.0, ,glycerate kinase, ,CHB_17794 + PBC_123766 = CHB_16001 + PBC_6912713,ATP-b--S(aq) + 3-phospho-D-glycerate(aq) = ADP-b--S(aq) + 3-phospho-D-glyceroyl phosphate(aq), ,80LER/COH, , ,303.15,8.0,0.018, ,NMR, ,mol/L;HEPES=0.2;magnesium acetate=0.038;EDTA=0.005;ADP-b--S=0.0035488;3-phospho-D-glyceroyl phosphate=0.0035488;ATP-b--S=0.0264512;3-phospho-D-glycerate=0.0264512 _ mol/L;HEPES=0.2;magnesium acetate=0.038;EDTA=0.005;ADP-b--S=0.0035488;3-phospho-D-glyceroyl phosphate=0.0035488;ATP-b--S=0.0264512;3-phospho-D-glycerate=0.0264512  , , , , , , 
5192,3208.0, ,oxaloacetate decarboxylase, ,CHB_15377 + CHB_16452 = CHB_15361 + CHB_17544,oxaloacetate(aq) + H2O(l) = pyruvate(aq) + carbon dioxide(aq), ,82NG/WON, , ,298.15,7.0,0.47, ,spectrophotometry and enzymatic assay,phosphate (0.005 mol dm-3),mol/L;oxaloacetate=0.0004;pyruvate=0.0196;carbon dioxide=0.0096;phosphate buffer=0.005;(Mg)1(Cl)2=0.005 _ mol/L;oxaloacetate=0.0004;pyruvate=0.0196;carbon dioxide=0.0096;phosphate buffer=0.005;(Mg)1(Cl)2=0.005  ,4.1.1.3, , , , , 
5193,3717.0, ,mannosidase, , ,disaccharide(aq) + H2O(l) = 2 D-mannose(aq), ,89JOH/HED, , ,328.15,5.5,5.849875254, ,HPLC and gas-liquid chromatography with mass spectrometry,Na2HPO4 (0.02 mol dm-3) + citric acid (0.01 mol dm-3),   ,3.2.1.24, , , , , 
5194,3718.0, ,mannosidase, , ,trisaccharide(aq) + H2O(l) = disaccharide(aq) + D-mannose(aq), ,89JOH/HED, , ,328.15,5.5,4.434625456, ,HPLC and gas-liquid chromatography with mass spectrometry,Na2HPO4 (0.02 mol dm-3) + citric acid (0.01 mol dm-3),   ,3.2.1.24, , , , , 
5195,3719.0, ,mannosidase, , ,tetrasaccharide(aq) + H2O(l) = trisaccharide(aq) + D-mannose(aq), ,89JOH/HED, , ,328.15,5.5,6.234003549, ,HPLC and gas-liquid chromatography with mass spectrometry,Na2HPO4 (0.02 mol dm-3) + citric acid (0.01 mol dm-3),   ,3.2.1.24, , , , , 
5196,3875.0, ,purine-nucleoside phosphorylase and pyrimidine-nucleoside phosphorylase, ,CHB_17596 + CHB_17821 = CHB_17368 + CHB_45996,inosine(aq) + thymine(aq) = 5-methyluridine(aq) + hypoxanthine(aq), ,91HOR/WAT, , ,333.15,7.0,0.24, ,HPLC,"acetone (0 percent fraction), methyl alcohol (0 percent fraction), ethyl alcohol (0 percent fraction), potassium phosphate (0.020 mol dm-3)",mol/L;potassium phosphate buffer=0.02 _ mol/L;potassium phosphate buffer=0.02  ,2.4.2.1&2.4.2.2, , , , , 
5197,3876.0, ,purine-nucleoside phosphorylase and pyrimidine-nucleoside phosphorylase, ,CHB_17596 + CHB_17821 = CHB_17368 + CHB_45996,inosine(aq) + thymine(aq) = 5-methyluridine(aq) + hypoxanthine(aq), ,91HOR/WAT, , ,333.15,7.0,0.24, ,HPLC,"acetone (0 percent fraction), methyl alcohol (5 percent fraction), ethyl alcohol (0 percent fraction), potassium phosphate (0.020 mol dm-3)",   ,2.4.2.1&2.4.2.2, , , , , 
5198,3877.0, ,purine-nucleoside phosphorylase and pyrimidine-nucleoside phosphorylase, ,CHB_17596 + CHB_17821 = CHB_17368 + CHB_45996,inosine(aq) + thymine(aq) = 5-methyluridine(aq) + hypoxanthine(aq), ,91HOR/WAT, , ,333.15,7.0,0.245, ,HPLC,"acetone (5 percent fraction), methyl alcohol (0 percent fraction), ethyl alcohol (0 percent fraction), potassium phosphate (0.020 mol dm-3)",   ,2.4.2.1&2.4.2.2, , , , , 
5199,3878.0, ,purine-nucleoside phosphorylase and pyrimidine-nucleoside phosphorylase, ,CHB_17596 + CHB_17821 = CHB_17368 + CHB_45996,inosine(aq) + thymine(aq) = 5-methyluridine(aq) + hypoxanthine(aq), ,91HOR/WAT, , ,333.15,7.0,0.246, ,HPLC,"acetone (0 percent fraction), methyl alcohol (15 percent fraction), ethyl alcohol (0 percent fraction), potassium phosphate (0.020 mol dm-3)",   ,2.4.2.1&2.4.2.2, , , , , 
5200,3879.0, ,purine-nucleoside phosphorylase and pyrimidine-nucleoside phosphorylase, ,CHB_17596 + CHB_17821 = CHB_17368 + CHB_45996,inosine(aq) + thymine(aq) = 5-methyluridine(aq) + hypoxanthine(aq), ,91HOR/WAT, , ,333.15,7.0,0.247, ,HPLC,"acetone (0 percent fraction), methyl alcohol (10 percent fraction), ethyl alcohol (0 percent fraction), potassium phosphate (0.020 mol dm-3)",   ,2.4.2.1&2.4.2.2, , , , , 
5201,3880.0, ,purine-nucleoside phosphorylase and pyrimidine-nucleoside phosphorylase, ,CHB_17596 + CHB_17821 = CHB_17368 + CHB_45996,inosine(aq) + thymine(aq) = 5-methyluridine(aq) + hypoxanthine(aq), ,91HOR/WAT, , ,333.15,7.0,0.25, ,HPLC,"acetone (10 percent fraction), methyl alcohol (0 percent fraction), ethyl alcohol (0 percent fraction), potassium phosphate (0.020 mol dm-3)",   ,2.4.2.1&2.4.2.2, , , , , 
5202,3881.0, ,purine-nucleoside phosphorylase and pyrimidine-nucleoside phosphorylase, ,CHB_17596 + CHB_17821 = CHB_17368 + CHB_45996,inosine(aq) + thymine(aq) = 5-methyluridine(aq) + hypoxanthine(aq), ,91HOR/WAT, , ,333.15,7.0,0.25, ,HPLC,"acetone (15 percent fraction), methyl alcohol (0 percent fraction), ethyl alcohol (0 percent fraction), potassium phosphate (0.020 mol dm-3)",   ,2.4.2.1&2.4.2.2, , , , , 
5203,3882.0, ,purine-nucleoside phosphorylase and pyrimidine-nucleoside phosphorylase, ,CHB_17596 + CHB_17821 = CHB_17368 + CHB_45996,inosine(aq) + thymine(aq) = 5-methyluridine(aq) + hypoxanthine(aq), ,91HOR/WAT, , ,333.15,7.0,0.246, ,HPLC,"acetone (0 percent fraction), methyl alcohol (0 percent fraction), ethyl alcohol (5 percent fraction), potassium phosphate (0.020 mol dm-3)",   ,2.4.2.1&2.4.2.2, , , , , 
5204,3883.0, ,purine-nucleoside phosphorylase and pyrimidine-nucleoside phosphorylase, ,CHB_17596 + CHB_17821 = CHB_17368 + CHB_45996,inosine(aq) + thymine(aq) = 5-methyluridine(aq) + hypoxanthine(aq), ,91HOR/WAT, , ,333.15,7.0,0.248, ,HPLC,"acetone (0 percent fraction), methyl alcohol (0 percent fraction), ethyl alcohol (10 percent fraction), potassium phosphate (0.020 mol dm-3)",   ,2.4.2.1&2.4.2.2, , , , , 
5205,3980.0, ,actinomycin synthetase I, ,CHB_15422 + CHB_18026 = CHB_18361 + MAN_10046,"2,3-dihydroxybenzoic acid(aq) + ATP(aq) = 2,3-dihydroxybenzoic acid adenylate(aq) + pyrophosphate(aq)", ,92KEL/SCH, , ,301.15,6.8,4e-06, ,radioactivity,potassium phosphate (0.050 mol dm-3),mol/L;potassium phosphate=0.05;(Mg)1(Cl)2=0.01 _ mol/L;potassium phosphate=0.05;(Mg)1(Cl)2=0.01  ,2.7.2, , , , , 
5206,3981.0, ,actinomycin synthetase I, ,CHB_15422 + CHB_30754 = CHB_18361 + MAN_10049,2-aminobenzoic acid(aq) + ATP(aq) = 2-aminobenzoic acid adenylate(aq) + pyrophosphate(aq), ,92KEL/SCH, , ,301.15,6.8,1.5000000000000002e-05, ,radioactivity,potassium phosphate (0.050 mol dm-3),mol/L;potassium phosphate=0.05;(Mg)1(Cl)2=0.01 _ mol/L;potassium phosphate=0.05;(Mg)1(Cl)2=0.01  ,2.7.2, , , , , 
5207,3982.0, ,actinomycin synthetase I, ,CHB_15422 + CHB_42682 = CHB_18361 + MAN_10053,3-aminobenzoic acid(aq) + ATP(aq) = 3-aminobenzoic acid adenylate(aq) + pyrophosphate(aq), ,92KEL/SCH, , ,301.15,6.8,1e-06, ,radioactivity,potassium phosphate (0.050 mol dm-3),mol/L;potassium phosphate=0.05;(Mg)1(Cl)2=0.01 _ mol/L;potassium phosphate=0.05;(Mg)1(Cl)2=0.01  ,2.7.2, , , , , 
5208,3983.0, ,actinomycin synthetase I, ,CHB_15422 + CHS_61787 = CHB_18361 + MAN_10052,3-hydroxy-4-methylbenzoic acid(aq) + ATP(aq) = 3-hydroxy-4-methylbenzoic acid adenylate(aq) + pyrophosphate(aq), ,92KEL/SCH, , ,301.2,6.8,0.00319, ,radioactivity,potassium phosphate (0.050 mol dm-3),mol/L;potassium phosphate=0.05;(Mg)1(Cl)2=0.01 _ mol/L;potassium phosphate=0.05;(Mg)1(Cl)2=0.01  ,2.7.2, , , , , 
5209,3984.0, ,actinomycin synthetase I, ,CHB_15422 + CHS_61787 = CHB_18361 + MAN_10052,3-hydroxy-4-methylbenzoic acid(aq) + ATP(aq) = 3-hydroxy-4-methylbenzoic acid adenylate(aq) + pyrophosphate(aq), ,92KEL/SCH, , ,293.0,6.8,0.00381, ,radioactivity,potassium phosphate (0.050 mol dm-3),mol/L;potassium phosphate=0.05;(Mg)1(Cl)2=0.01 _ mol/L;potassium phosphate=0.05;(Mg)1(Cl)2=0.01  ,2.7.2, , , , , 
5210,3985.0, ,actinomycin synthetase I, ,CHB_15422 + CHS_61787 = CHB_18361 + MAN_10052,3-hydroxy-4-methylbenzoic acid(aq) + ATP(aq) = 3-hydroxy-4-methylbenzoic acid adenylate(aq) + pyrophosphate(aq), ,92KEL/SCH, , ,284.7,6.8,0.00459, ,radioactivity,potassium phosphate (0.050 mol dm-3),mol/L;potassium phosphate=0.05;(Mg)1(Cl)2=0.01 _ mol/L;potassium phosphate=0.05;(Mg)1(Cl)2=0.01  ,2.7.2, , , , , 
5211,3986.0, ,actinomycin synthetase I, ,CHB_15422 + CHS_61787 = CHB_18361 + MAN_10052,3-hydroxy-4-methylbenzoic acid(aq) + ATP(aq) = 3-hydroxy-4-methylbenzoic acid adenylate(aq) + pyrophosphate(aq), ,92KEL/SCH, , ,277.0,6.8,0.0046, ,radioactivity,potassium phosphate (0.050 mol dm-3),mol/L;potassium phosphate=0.05;(Mg)1(Cl)2=0.01 _ mol/L;potassium phosphate=0.05;(Mg)1(Cl)2=0.01  ,2.7.2, , , , , 
5212,3987.0, ,actinomycin synthetase I, ,CHB_15422 + CHB_15793 = CHB_18361 + MAN_10045,3-hydroxyanthranilic acid(aq) + ATP(aq) = 3-hydroxyanthranilic acid adenylate(aq) + pyrophosphate(aq), ,92KEL/SCH, , ,301.15,6.8,0.00058, ,radioactivity,potassium phosphate (0.050 mol dm-3),mol/L;potassium phosphate=0.05;(Mg)1(Cl)2=0.01 _ mol/L;potassium phosphate=0.05;(Mg)1(Cl)2=0.01  ,2.7.2, , , , , 
5213,3988.0, ,actinomycin synthetase I, ,CHB_15422 + CHB_30764 = CHB_18361 + MAN_10050,3-hydroxybenzoic acid(aq) + ATP(aq) = 3-hydroxybenzoic acid adenylate(aq) + pyrophosphate(aq), ,92KEL/SCH, , ,301.15,6.8,0.00017, ,radioactivity,potassium phosphate (0.050 mol dm-3),mol/L;potassium phosphate=0.05;(Mg)1(Cl)2=0.01 _ mol/L;potassium phosphate=0.05;(Mg)1(Cl)2=0.01  ,2.7.2, , , , , 
5214,3989.0, ,actinomycin synthetase I, ,CHB_10589 + CHB_15422 = CHB_18361 + MAN_10044,3-methylbenzoic acid(aq) + ATP(aq) = 3-methylbenzoic acid adenylate(aq) + pyrophosphate(aq), ,92KEL/SCH, , ,301.15,6.8,0.00021, ,radioactivity,potassium phosphate (0.050 mol dm-3),mol/L;potassium phosphate=0.05;(Mg)1(Cl)2=0.01 _ mol/L;potassium phosphate=0.05;(Mg)1(Cl)2=0.01  ,2.7.2, , , , , 
5215,3990.0, ,actinomycin synthetase I, ,CHB_15422 + CHB_30753 = CHB_18361 + MAN_10048,4-aminobenzoic acid(aq) + ATP(aq) = 4-aminobenzoic acid adenylate(aq) + pyrophosphate(aq), ,92KEL/SCH, , ,301.15,6.8,0.001, ,radioactivity,potassium phosphate (0.050 mol dm-3),mol/L;potassium phosphate=0.05;(Mg)1(Cl)2=0.01 _ mol/L;potassium phosphate=0.05;(Mg)1(Cl)2=0.01  ,2.7.2, , , , , 
5216,3991.0, ,actinomycin synthetase I, ,CHB_15422 + CHB_30763 = CHB_18361 + CHB_86433,4-hydroxybenzoic acid(aq) + ATP(aq) = 4-hydroxybenzoic acid adenylate(aq) + pyrophosphate(aq), ,92KEL/SCH, , ,301.15,6.8,0.00041, ,radioactivity,potassium phosphate (0.050 mol dm-3),mol/L;potassium phosphate=0.05;(Mg)1(Cl)2=0.01 _ mol/L;potassium phosphate=0.05;(Mg)1(Cl)2=0.01  ,2.7.2, , , , , 
5217,3992.0, ,actinomycin synthetase I, ,CHB_15422 + CHB_36635 = CHB_18361 + MAN_10051,4-methylbenzoic acid(aq) + ATP(aq) = 4-methylbenzoic acid adenylate(aq) + pyrophosphate(aq), ,92KEL/SCH, , ,301.15,6.8,0.0005400000000000001, ,radioactivity,potassium phosphate (0.050 mol dm-3),mol/L;potassium phosphate=0.05;(Mg)1(Cl)2=0.01 _ mol/L;potassium phosphate=0.05;(Mg)1(Cl)2=0.01  ,2.7.2, , , , , 
5218,3993.0, ,actinomycin synthetase I, ,CHB_15422 + CHB_30746 = CHB_18361 + MAN_10047,benzoic acid(aq) + ATP(aq) = benzoic acid adenylate(aq) + pyrophosphate(aq), ,92KEL/SCH, , ,301.15,6.8,1e-05, ,radioactivity,potassium phosphate (0.050 mol dm-3),mol/L;potassium phosphate=0.05;(Mg)1(Cl)2=0.01 _ mol/L;potassium phosphate=0.05;(Mg)1(Cl)2=0.01  ,2.7.2, , , , , 
5219,4012.0, ,"-dextrin endo-1,6--glucosidase", ,CHB_15377 + PBC_78357834 = CHB_17306 + CHB_495055,maltosyl--cyclomaltoheptaose(aq) + H2O(l) = cyclomaltoheptaose(aq) + maltose(aq), ,92LEE/HAN, , ,333.3,4.9,200, ,HPLC,citrate + NaOH,   ,3.2.1.41, , , , , 
5220,4013.0, ,"-dextrin endo-1,6--glucosidase", ,CHB_15377 + PBC_78357834 = CHB_17306 + CHB_495055,maltosyl--cyclomaltoheptaose(aq) + H2O(l) = cyclomaltoheptaose(aq) + maltose(aq), ,92LEE/HAN, , ,322.6,4.9,290, ,HPLC,citrate + NaOH,   ,3.2.1.41, , , , , 
5221,4014.0, ,"-dextrin endo-1,6--glucosidase", ,CHB_15377 + PBC_78357834 = CHB_17306 + CHB_495055,maltosyl--cyclomaltoheptaose(aq) + H2O(l) = cyclomaltoheptaose(aq) + maltose(aq), ,92LEE/HAN, , ,312.5,4.9,400, ,HPLC,citrate + NaOH,   ,3.2.1.41, , , , , 
5222,4015.0, ,"-dextrin endo-1,6--glucosidase", ,CHB_15377 + PBC_78357834 = CHB_17306 + CHB_495055,maltosyl--cyclomaltoheptaose(aq) + H2O(l) = cyclomaltoheptaose(aq) + maltose(aq), ,92LEE/HAN, , ,303.0,4.9,810, ,HPLC,citrate + NaOH,   ,3.2.1.41, , , , , 
5223,4016.0, ,"-dextrin endo-1,6--glucosidase", ,CHB_15377 + PBC_78357834 = CHB_17306 + CHB_495055,maltosyl--cyclomaltoheptaose(aq) + H2O(l) = cyclomaltoheptaose(aq) + maltose(aq), ,92LEE/HAN, , ,294.1,4.9,1600, ,HPLC,citrate + NaOH,   ,3.2.1.41, , , , , 
5224,4017.0, ,"-dextrin endo-1,6--glucosidase", ,CHB_15377 + PBC_78357834 = CHB_17306 + CHB_495055,maltosyl--cyclomaltoheptaose(aq) + H2O(l) = cyclomaltoheptaose(aq) + maltose(aq), ,92LEE/HAN, , ,285.7,4.9,3000, ,HPLC,citrate + NaOH,   ,3.2.1.41, , , , , 
5225,4229.0, ,"dTDP-4-dehydrorhamnose reductase and dTDP-4-dehydrorhamnose 3,5-epimerase", ,CHB_16128 + CHB_16908 = CHB_15774 + CHB_15846,dTDP-6-deoxy-D-xylo-4-hexulose(aq) + NADH(aq) = dTDP-L-rhamnose(aq) + NAD(aq), ,99GRA/NID, , ,298.15,9.0,450, ,chromatography,ethanolamine (0.050 mol dm-3) + HCl,mol/L;ethanolamine-HCl=0.05 _ mol/L;ethanolamine-HCl=0.05  ,1.1.1.133 and 5.1.3, , , , , 
5226,4230.0, ,dTDP-4-dehydrorhamnose reductase, ,CHB_16908 + CHB_45868 = CHB_15774 + CHB_15846,dTDP-6-deoxy-L-lyxo-4-hexulose(aq) + NADH(aq) = dTDP-L-rhamnose(aq) + NAD(aq), ,99GRA/NID, , ,298.15,9.0,36000, ,chromatography,ethanolamine (0.050 mol dm-3) + HCl,mol/L;ethanolamine-HCl=0.05 _ mol/L;ethanolamine-HCl=0.05  ,1.1.1.133, , , , , 
5227,4236.0, ,penicillin amidase, ,CHB_15377 + CHB_3480 = CHB_17656 + MAN_10023,cefamandole(aq) + H2O(l) = 7-amino-3-((1-methyl-III-tetrazol-5-yl)-thiomethyl)-cephalosporanic acid(aq) + D-mandelic acid(aq), ,99NIE/SCH, , ,303.15,3.0,0.0425, ,chromatography,phosphate,   ,3.5.1.11, , , , , 
5228,4237.0, ,penicillin amidase, ,CHB_15377 + CHB_3480 = CHB_17656 + MAN_10023,cefamandole(aq) + H2O(l) = 7-amino-3-((1-methyl-III-tetrazol-5-yl)-thiomethyl)-cephalosporanic acid(aq) + D-mandelic acid(aq), ,99NIE/SCH, , ,303.15,3.5,0.0283, ,chromatography,phosphate,   ,3.5.1.11, , , , , 
5229,4238.0, ,penicillin amidase, ,CHB_15377 + CHB_3480 = CHB_17656 + MAN_10023,cefamandole(aq) + H2O(l) = 7-amino-3-((1-methyl-III-tetrazol-5-yl)-thiomethyl)-cephalosporanic acid(aq) + D-mandelic acid(aq), ,99NIE/SCH, , ,303.15,3.76,0.026767191, ,chromatography,phosphate,   ,3.5.1.11, , , , , 
5230,4239.0, ,penicillin amidase, ,CHB_15377 + CHB_3480 = CHB_17656 + MAN_10023,cefamandole(aq) + H2O(l) = 7-amino-3-((1-methyl-III-tetrazol-5-yl)-thiomethyl)-cephalosporanic acid(aq) + D-mandelic acid(aq), ,99NIE/SCH, , ,303.15,4.0,0.03, ,chromatography,phosphate,   ,3.5.1.11, , , , , 
5231,4240.0, ,penicillin amidase, ,CHB_15377 + CHB_3480 = CHB_17656 + MAN_10023,cefamandole(aq) + H2O(l) = 7-amino-3-((1-methyl-III-tetrazol-5-yl)-thiomethyl)-cephalosporanic acid(aq) + D-mandelic acid(aq), ,99NIE/SCH, , ,303.15,4.28,0.0275, ,chromatography,phosphate,   ,3.5.1.11, , , , , 
5232,4241.0, ,penicillin amidase, ,CHB_15377 + CHB_3480 = CHB_17656 + MAN_10023,cefamandole(aq) + H2O(l) = 7-amino-3-((1-methyl-III-tetrazol-5-yl)-thiomethyl)-cephalosporanic acid(aq) + D-mandelic acid(aq), ,99NIE/SCH, , ,303.15,4.51,0.0417, ,chromatography,phosphate,   ,3.5.1.11, , , , , 
5233,4242.0, ,penicillin amidase, ,CHB_15377 + CHB_3480 = CHB_17656 + MAN_10023,cefamandole(aq) + H2O(l) = 7-amino-3-((1-methyl-III-tetrazol-5-yl)-thiomethyl)-cephalosporanic acid(aq) + D-mandelic acid(aq), ,99NIE/SCH, , ,303.15,5.02,0.0825, ,chromatography,phosphate,   ,3.5.1.11, , , , , 
5234,4243.0, ,penicillin amidase, ,CHB_15377 + CHB_3480 = CHB_17656 + MAN_10023,cefamandole(aq) + H2O(l) = 7-amino-3-((1-methyl-III-tetrazol-5-yl)-thiomethyl)-cephalosporanic acid(aq) + D-mandelic acid(aq), ,99NIE/SCH, , ,303.15,4.25,0.029, ,chromatography,phosphate,   ,3.5.1.11, , , , , 
5235,4244.0, ,penicillin amidase, ,CHB_15377 + CHB_3480 = CHB_17656 + MAN_10023,cefamandole(aq) + H2O(l) = 7-amino-3-((1-methyl-III-tetrazol-5-yl)-thiomethyl)-cephalosporanic acid(aq) + D-mandelic acid(aq), ,99NIE/SCH, , ,283.15,4.25,0.023, ,chromatography,phosphate,   ,3.5.1.11, , , , , 
5236,4276.0, ,phosphoribosylaminoimidazolecarboxamide formyltransferase, ,CHB_15637 + CHB_18406 = CHB_15635 + CHB_18381,10-formyltetrahydrofolate(aq) + 1-(5'-Phosphoribosyl)-5-amino-4-imidazolecarboxamide(aq) = tetrahydrofolate(aq) + 1-(5'-Phosphoribosyl)-5-formamido-4-imidazolecarboxamide(aq), ,00WAL, , ,298.15,7.5,0.024, , ,Tris-HCl (0.033 mol dm-3),mol/L;Tris-HCl=0.033;(K)1(Cl)1=0.025 _ mol/L;Tris-HCl=0.033;(K)1(Cl)1=0.025  ,2.1.2.3, , , , , 
5237,4277.0, ,phosphoribosylaminoimidazole carboxylase, ,CHB_17544 + CHB_28843 = CHB_15377 + CHB_28413,Aminoimidazole ribotide(aq) + carbon dioxide(aq) = 1-(5-Phospho-D-ribosyl)-5-amino-4-imidazolecarboxylate(aq) + H2O(l), ,92MEY, , ,310.15,7.8,1.8, , ,potassium phosphate (0.080 mol dm-3) and tetrabutylammonium bromide (.010 mol dm-3),mol/L;Tris-HCl=0.1;(K)1=0.1;carbon dioxide=0.1;Aminoimidazole ribotide=0.0012;1-(5-Phospho-D-ribosyl)-5-amino-4-imidazolecarboxylate=0 _ mol/L;Tris-HCl=0.1;(K)1=0.1;carbon dioxide=0.1;Aminoimidazole ribotide=0.0012;1-(5-Phospho-D-ribosyl)-5-amino-4-imidazolecarboxylate=0  ,4.1.1.21, , , , , 
5238,4278.0, ,3-Hexulose-6-Phosphate synthase, ,CHB_16842 + CHB_17363 = CHB_27973,D-ribulose 5-phosphate(aq) + formaldehyde(aq) = D-arabino-3-hexulose 6-phosphate(aq), ,74FER, , ,303.15,7.0,25000, , ,sodium-potassium phosphate (0.050 mol dm-3),mol/L;(Mg)1(Cl)2=0.005;sodium-potassium phosphate buffer=0.05;D-arabino-3-hexulose 6-phosphate=0.0025;D-ribulose 5-phosphate=0;formaldehyde=0 _ mol/L;(Mg)1(Cl)2=0.005;sodium-potassium phosphate buffer=0.05;D-arabino-3-hexulose 6-phosphate=0.0025;D-ribulose 5-phosphate=0;formaldehyde=0  ,4.1.2.43, , , , , 
5239,4279.0, ,3-Hexulose-6-Phosphate Isomerase, ,CHB_27973 = CHB_61553,D-arabino-3-hexulose 6-phosphate(aq) = D-fructose 6-phosphate(aq), ,74FER, , ,303.15,7.0,188, , ,sodium-potassium phosphate (0.050 mol dm-3),mol/L;(Mg)1(Cl)2=0.001;sodium-potassium phosphate buffer=0.05 _ mol/L;(Mg)1(Cl)2=0.001;sodium-potassium phosphate buffer=0.05  ,5.3.1.27, , , , , 
5240,4282.0, ,formaldehyde condensation with THF, ,CHB_15635 + CHB_16842 = CHB_15377 + CHB_1989,"tetrahydrofolate(aq) + formaldehyde(aq) = 5,10-methylenetetrahydrofolate(aq) + H2O(l)", ,59BLA, , ,293.15,7.2,7700, , , ,   ,4.3.-.-, , , , , 
5241,4283.0, ,formaldehyde condensation with THF, ,CHB_15635 + CHB_16842 = CHB_15377 + CHB_1989,"tetrahydrofolate(aq) + formaldehyde(aq) = 5,10-methylenetetrahydrofolate(aq) + H2O(l)", ,66KAL/JEN, , ,298.15,7.0,32000, , , ,mol/L;IS=1;(K)1(Cl)1=1 _ mol/L;IS=1;(K)1(Cl)1=1  ,4.3.-.-, , ,1,1.0, 
5242,4284.0, ,hemithioacetal formation, ,CHB_16842 + CHB_41218 = MAN_10114,2-mercaptoethanol(aq) + formaldehyde(aq) = hemithioacetal(aq), ,66KAL/JEN, , ,298.15,6.57,620, , , ,mol/L;IS=1;(K)1(Cl)1=1 _ mol/L;IS=1;(K)1(Cl)1=1  , , , ,1,1.0, 
5243,7,,isochorismate synthase,,CHB_29748 = CHB_29780,chorismate(aq) = isochorismate(aq),,00TEW/DAV,,,298.15,7.34,0.834,,chromatography,Potassium phosphate (0.10M),mol/kg;IS=0.3;(K)2(HPO4)1=0.0939;(H)3(PO4)1=0.0149;(Mg)1(Cl)2=0.00165;chorismate=0.0001908;isochorismate=0.000159;(K)1(H2PO4)1=0.003;EDTA=0.00011;DTT=0.00011;(Na)1(Cl)1=0.012;4-hydroxybenzoate=0.0004;pyruvate=0.0004 _ nan _ ,5.4.99.6,,,,0.3,
5244,10,,branched-chain-amino-acid transferase,,CHB_15603 + CHB_16810 = CHB_29985 + CHB_48430,L-leucine(aq) + 2-oxoglutarate(aq) = 2-oxoisocaproate(aq) + L-glutamate(aq),,00TEW/GOL,,,298.15,7.15,2.16,,calorimetry and chromatography,phosphate,mol/kg;IS=0.3;(K)2(HPO4)1=0.1006;(H)3(PO4)1=0.0199;pyridoxal 5-phosphate=0.000232;L-leucine=0.000931;2-oxoglutarate=0.002118;2-oxoisocaproate=0.002063;L-glutamate=0.002063 _ nan _ ,2.6.1.42,,,,0.3,
5245,11,,branched-chain-amino-acid transferase,,CHB_15603 + CHB_16810 = CHB_29985 + CHB_48430,L-leucine(aq) + 2-oxoglutarate(aq) = 2-oxoisocaproate(aq) + L-glutamate(aq),,00TEW/GOL,,,298.15,7.23,2.56,,calorimetry and chromatography,phosphate,mol/kg;IS=0.31;(K)2(HPO4)1=0.1006;(H)3(PO4)1=0.0199;pyridoxal 5-phosphate=0.000232;L-leucine=0.001753;2-oxoglutarate=0.001753;2-oxoisocaproate=0.003505;L-glutamate=0.002238 _ nan _ ,2.6.1.42,,,,0.31,
5246,12,,branched-chain-amino-acid transferase,,CHB_16810 + PBC_164608 = CHB_29985 + CHS_15334833,"L-tert-leucine(aq) + 2-oxoglutarate(aq) = 3,3-dimethyl-2-oxobutanoate(aq) + L-glutamate(aq)",,00TEW/GOL,,,298.15,7.15,6.23,,calorimetry and chromatography,phosphate,"mol/kg;IS=0.31;(K)2(HPO4)1=0.1012;(H)3(PO4)1=0.0218;pyridoxal 5-phosphate=0.000348;L-tert-leucine=0.001857;2-oxoglutarate=0.001326;3,3-dimethyl-2-oxobutanoate=0.003756;L-glutamate=0.003756 _ nan _ ",2.6.1.42,,,,0.31,
5247,13,,branched-chain-amino-acid transferase,,CHB_16810 + PBC_164608 = CHB_29985 + CHS_15334833,"L-tert-leucine(aq) + 2-oxoglutarate(aq) = 3,3-dimethyl-2-oxobutanoate(aq) + L-glutamate(aq)",,00TEW/GOL,,,298.15,7.23,5.93,,calorimetry and chromatography,phosphate,"mol/kg;IS=0.31;(K)2(HPO4)1=0.1012;(H)3(PO4)1=0.0218;pyridoxal 5-phosphate=0.000348;L-tert-leucine=0.001341;2-oxoglutarate=0.001341;3,3-dimethyl-2-oxobutanoate=0.00277;L-glutamate=0.003846 _ nan _ ",2.6.1.42,,,,0.31,
5248,21,,pyruvate kinase,,CHB_15361 + CHB_15422 = CHB_16761 + CHB_18021,ATP(aq) + pyruvate(aq) = phosphoenolpyruvate(aq) + ADP(aq),,02DOB/HIT,,,298.15,7.8,0.000111473,,spectrophotometry and enzymatic assay,phosphate,mol/L;IS=0.25;Mg2+_free=0.001 _ nan _ ,2.7.1.40,,,,0.25,
5249,22,,pyruvate kinase,,CHB_15361 + CHB_15422 = CHB_16761 + CHB_18021,ATP(aq) + pyruvate(aq) = phosphoenolpyruvate(aq) + ADP(aq),,02DOB/HIT,,,298.15,7.4,6.46359e-05,,spectrophotometry and enzymatic assay,phosphate,mol/L;IS=0.25;Mg2+_free=0.001 _ nan _ ,2.7.1.40,,,,0.25,
5250,24,,pyruvate kinase,,CHB_15361 + CHB_15422 = CHB_16761 + CHB_18021,ATP(aq) + pyruvate(aq) = phosphoenolpyruvate(aq) + ADP(aq),,02DOB/HIT,,,298.15,6.7,1.59578e-05,,spectrophotometry and enzymatic assay,phosphate,mol/L;IS=0.25;Mg2+_free=0.001 _ nan _ ,2.7.1.40,,,,0.25,
5251,25,,pyruvate kinase,,CHB_15361 + CHB_15422 = CHB_16761 + CHB_18021,ATP(aq) + pyruvate(aq) = phosphoenolpyruvate(aq) + ADP(aq),,02DOB/HIT,,,298.15,6.4,1.03522e-05,,spectrophotometry and enzymatic assay,phosphate,mol/L;IS=0.25;Mg2+_free=0.001 _ nan _ ,2.7.1.40,,,,0.25,
5252,26,,pyruvate kinase,,CHB_15361 + CHB_15422 = CHB_16761 + CHB_18021,ATP(aq) + pyruvate(aq) = phosphoenolpyruvate(aq) + ADP(aq),,02DOB/HIT,,,278.15,7,2.247e-05,,spectrophotometry and enzymatic assay,phosphate,mol/L;IS=0.25;Mg2+_free=0.001 _ nan _ ,2.7.1.40,,,,0.25,
5253,27,,pyruvate kinase,,CHB_15361 + CHB_15422 = CHB_16761 + CHB_18021,ATP(aq) + pyruvate(aq) = phosphoenolpyruvate(aq) + ADP(aq),,02DOB/HIT,,,288.15,7,2.458e-05,,spectrophotometry and enzymatic assay,phosphate,mol/L;IS=0.25;Mg2+_free=0.001 _ nan _ ,2.7.1.40,,,,0.25,
5254,108,,alcohol dehydrogenase,,CHB_17824 + CHB_18009 = CHB_15347 + CHB_16474,2-propanol(aq) + NADP(aq) = acetone(aq) + NADPH(aq),,03KIN,,,308.15,6.13,0.0145,,spectrophotometry coupled with enzymatic assay,phosphate,mol/L;IS=0.25;(K)1(Cl)1=0.209;(K)1(H2PO4)1=0.01875;(K)2(HPO4)1=0.00625;NADP=0.000308;NADPH=0.0000281 _ nan _ ,1.1.1.2,,,,0.25,
5255,114,,alcohol dehydrogenase,,CHB_17824 + CHB_18009 = CHB_15347 + CHB_16474,2-propanol(aq) + NADP(aq) = acetone(aq) + NADPH(aq),,03KIN,,,313.15,6.1,0.0145,,spectrophotometry coupled with enzymatic assay,phosphate,mol/L;IS=0.25;(K)1(Cl)1=0.209;(K)1(H2PO4)1=0.01875;(K)2(HPO4)1=0.00625;NADP=0.000281;NADPH=0.0000199 _ nan _ ,1.1.1.2,,,,0.25,
5256,120,,isocitrate lyase,,CHB_16087 = CHB_16891 + CHB_30031,isocitrate(aq) = succinate(aq) + glyoxylate(aq),,03RAN/VAN,,,295.65,7,830,,spectophotometry,Hepes (0.066 mol dm-3),mol/L;HEPES=0.066;(Mg)1(Cl)2=0.006;phenylhydrazine-HCl=0.004 _ nan _ ,4.1.3.1,,,,,
5257,128,,homoisocitrate dehydrogenase,,CHB_15377 + CHB_15404 + CHB_15846 = CHB_15753 + CHB_16908 + CHB_17544,"(1R,2S)-1-hydroxybutane-1,2,4-tricarboxylate(aq) + NAD(aq) + H2O(l) = 2-oxoadipate(aq) + carbon dioxide(aq) + NADH(aq)",,07LIN/ALG,,,298.15,7.5,0.98,,spectrophotometry,Hepes (0.050 mol dm-3),"mol/L;(Mg)1(Cl)2=0.01;HEPES=0.05;(1R,2S)-1-hydroxybutane-1,2,4-tricarboxylate=0.0000453548;NAD=0.00000535479;2-oxoadipate=0.00230465;carbon dioxide=0.000504645;NADH=0.000204645 _ nan _ ",1.1.1.87,,,,,
5258,129,,dihydropyrimidinase,,CHB_15377 + CHB_27612 = PBC_10020,hydantoin(aq) + H2O(l) = ureidoacetic acid(aq),,07TEW/KIS,,,298.15,6.57,16.9,,chromatography,phosphate,mol/kg;IS=0.29;(K)2(HPO4)1=0.1;(H)3(PO4)1=0.029 _ nan _ ,3.5.2.2,,,,0.29,
5259,130,,dihydropyrimidinase,,CHB_15377 + CHB_27612 = PBC_10020,hydantoin(aq) + H2O(l) = ureidoacetic acid(aq),,07TEW/KIS,,,298.15,7.2,171,,chromatography,phosphate,mol/kg;IS=0.39;(K)2(HPO4)1=0.1;(H)3(PO4)1=0.029 _ nan _ ,3.5.2.2,,,,0.39,
5260,134,,dihydropyrimidinase,,CHB_15377 + PBC_1002 = MAN_10131,5-phenylhydantoin(aq) + H2O(l) = 5-phenyl D-carbamoylate(aq),,07TEW/KIS,,,298.15,6.85,2.44,,chromatography,phosphate,mol/kg;IS=0.28;(K)2(HPO4)1=0.1;(H)3(PO4)1=0.029 _ nan _ ,3.5.2.2,,,,0.28,
5261,136,,dihydropyrimidinase,,CHB_15377 + PBC_1002 = MAN_10131,5-phenylhydantoin(aq) + H2O(l) = 5-phenyl D-carbamoylate(aq),,07TEW/KIS,,,298.15,7.98,20.1,,chromatography,phosphate,mol/kg;IS=0.32;(K)2(HPO4)1=0.1;(H)3(PO4)1=0.003 _ nan _ ,3.5.2.2,,,,0.32,
5262,137,,dihydropyrimidinase,,CHB_15377 + CHS_85042 = MAN_10168,5-(4-hydroxy)-phenylhydantoin(aq) + H2O(l) = 5-(4-hydroxyphenyl) D-carbamoylate(aq),,07TEW/KIS,,,298.15,6.89,1.65,,chromatography,,mol/kg;IS=0.29;(K)2(HPO4)1=0.1018;(H)3(PO4)1=0.0293 _ nan _ ,3.5.2.2,,,,0.29,
5263,138,,dihydropyrimidinase,,CHB_15377 + CHS_85042 = MAN_10168,5-(4-hydroxy)-phenylhydantoin(aq) + H2O(l) = 5-(4-hydroxyphenyl) D-carbamoylate(aq),,07TEW/KIS,,,298.15,7.46,11.9,,chromatography,,mol/kg;IS=0.31;(K)2(HPO4)1=0.1014;(H)3(PO4)1=0.0117 _ nan _ ,3.5.2.2,,,,0.31,
5264,139,,dihydropyrimidinase,,CHB_15377 + CHS_85042 = MAN_10168,5-(4-hydroxy)-phenylhydantoin(aq) + H2O(l) = 5-(4-hydroxyphenyl) D-carbamoylate(aq),,07TEW/KIS,,,298.15,8.12,79.7,,chromatography,,mol/kg;IS=0.32;(K)2(HPO4)1=0.1037;(H)3(PO4)1=0.00215 _ nan _ ,3.5.2.2,,,,0.32,
5265,239,,L-lactate dehydrogenase,,CHB_15846 + CHB_16651 = CHB_15361 + CHB_16908,(S)-lactate(aq) + NAD(aq) = pyruvate(aq) + NADH(aq),,37EUL/ADL3,,,298.15,7.4,8.35e-06,,spectrophotometry,phosphate,nan _ nan _ ,1.1.1.27,,,,,
5266,281,,alanine transaminase,,CHB_16810 + CHB_16977 = CHB_15361 + CHB_29985,L-alanine(aq) + 2-oxoglutarate(aq) = pyruvate(aq) + L-glutamate(aq),,39COH,,,313.15,7.4,0.7792475567264386,,,phosphate (0.1 mol dm-3),mol/L;phosphate buffer=0.1;L-alanine=0.034;2-oxoglutarate=0.017;pyruvate=0;L-glutamate=0 _ nan _ ,2.6.1.2,,,,,
5267,282,,aspartate transaminase,,CHB_16810 + CHB_29991 = CHB_16452 + CHB_29985,L-aspartate(aq) + 2-oxoglutarate(aq) = oxaloacetate(aq) + L-glutamate(aq),,39COH,,,313.15,7.4,0.622832024484652,,,phosphate (0.1 mol dm-3),mol/L;phosphate buffer=0.1;L-aspartate=0.034;2-oxoglutarate=0.017;oxaloacetate=0;L-glutamate=0 _ nan _ ,,,,,,
5268,283,,aspartate transaminase,,CHB_16810 + CHB_29991 = CHB_16452 + CHB_29985,L-aspartate(aq) + 2-oxoglutarate(aq) = oxaloacetate(aq) + L-glutamate(aq),,40COH,,,311.15,7.5,0.2857142857142857,,,phosphate,mol/L;phosphate buffer=0.1;L-aspartate=0.014;2-oxoglutarate=0.014;oxaloacetate=0;L-glutamate=0 _ nan _ ,2.6.1.1,,,,,
5269,286,,fructose-biphosphate aldolase,,CHB_40595 = CHB_16108 + CHB_29052,"D-fructose 1,6-bisphosphate(aq) = glycerone phosphate(aq) + D-glyceraldehyde 3-phosphate(aq)",,40HER/GOR,,,311.15,7.33,0.00013,,,borate (0.04 mol dm-3),"mol/L;borate buffer=0.04;(H)1(CN)1=0.05;D-glyceraldehyde 3-phosphate=0.00074;glycerone phosphate=0.00074;D-fructose 1,6-bisphosphate=0.0042 _ nan _ ",4.1.2.13,,,,,
5270,288,,fructose-biphosphate aldolase,,CHB_40595 = CHB_16108 + CHB_29052,"D-fructose 1,6-bisphosphate(aq) = glycerone phosphate(aq) + D-glyceraldehyde 3-phosphate(aq)",,40HER/GOR,,,311.15,7.33,0.000121,,,borate (0.04 mol dm-3),"mol/L;borate buffer=0.04;(H)1(CN)1=0.05;D-glyceraldehyde 3-phosphate=0.0015;glycerone phosphate=0.0015;D-fructose 1,6-bisphosphate=0.018 _ nan _ ",,,,,,
5271,289,,fructose-biphosphate aldolase,,CHB_40595 = CHB_16108 + CHB_29052,"D-fructose 1,6-bisphosphate(aq) = glycerone phosphate(aq) + D-glyceraldehyde 3-phosphate(aq)",,40HER/GOR,,,311.15,7.33,0.000116,,,borate (0.04 mol dm-3),"mol/L;borate buffer=0.04;(H)1(CN)1=0.05;D-glyceraldehyde 3-phosphate=0.0019;glycerone phosphate=0.0019;D-fructose 1,6-bisphosphate=0.028 _ nan _ ",,,,,,
5272,295,,fructose-biphosphate aldolase and triose-phosphate isomerase,,CHB_40595 = 2 CHB_16108,"D-fructose 1,6-bisphosphate(aq) = 2 glycerone phosphate(aq)",,41UTT/WER,,,278.15,9,0.000477,,chemical analysis,glycine + NaOH,"mol/L;glycine buffer=0.16;(Na)1(OH)1=0.03;D-fructose 1,6-bisphosphate=0.000416;glycerone phosphate=0.000445 _ nan _ ",4.1.2.13&5.3.1.1,,,,,
5273,297,,fructose-biphosphate aldolase and triose-phosphate isomerase,,CHB_40595 = 2 CHB_16108,"D-fructose 1,6-bisphosphate(aq) = 2 glycerone phosphate(aq)",,41UTT/WER,,,278.15,9,0.000375,,chemical analysis,glycine + NaOH,"mol/L;glycine buffer=0.16;(Na)1(OH)1=0.03;D-fructose 1,6-bisphosphate=0.008671;glycerone phosphate=0.001804 _ nan _ ",,,,,,
5274,298,,fructose-biphosphate aldolase and triose-phosphate isomerase,,CHB_40595 = 2 CHB_16108,"D-fructose 1,6-bisphosphate(aq) = 2 glycerone phosphate(aq)",,41UTT/WER,,,298.15,9,0.00171,,chemical analysis,glycine + NaOH,"mol/L;glycine buffer=0.16;(Na)1(OH)1=0.03;D-fructose 1,6-bisphosphate=0.000287;glycerone phosphate=0.000701 _ nan _ ",4.1.2.13&5.3.1.1,,,,,
5275,299,,fructose-biphosphate aldolase and triose-phosphate isomerase,,CHB_40595 = 2 CHB_16108,"D-fructose 1,6-bisphosphate(aq) = 2 glycerone phosphate(aq)",,41UTT/WER,,,298.15,9,0.00194,,chemical analysis,glycine + NaOH,"mol/L;glycine buffer=0.16;(Na)1(OH)1=0.03;D-fructose 1,6-bisphosphate=0.002166;glycerone phosphate=0.00205 _ nan _ ",,,,,,
5276,302,,fructose-biphosphate aldolase and triose-phosphate isomerase,,CHB_40595 = 2 CHB_16108,"D-fructose 1,6-bisphosphate(aq) = 2 glycerone phosphate(aq)",,41UTT/WER,,,313.15,9,0.00672,,chemical analysis,glycine + NaOH,"mol/L;glycine buffer=0.16;(Na)1(OH)1=0.03;D-fructose 1,6-bisphosphate=0.001568;glycerone phosphate=0.003245 _ nan _ ",,,,,,
5277,303,,fructose-biphosphate aldolase and triose-phosphate isomerase,,CHB_40595 = 2 CHB_16108,"D-fructose 1,6-bisphosphate(aq) = 2 glycerone phosphate(aq)",,41UTT/WER,,,313.15,9,0.00602,,chemical analysis,glycine + NaOH,"mol/L;glycine buffer=0.16;(Na)1(OH)1=0.03;D-fructose 1,6-bisphosphate=0.006458;glycerone phosphate=0.00623 _ nan _ ",,,,,,
5278,321,,aconitate hydratase,,CHB_30769 = CHB_15377 + CHB_16383,citrate(aq) = cis-aconitate(aq) + H2O(l),,43KRE/EGG,,,311.15,6.8,0.048,,polarimetry and manometry,phosphate,mol/L;phosphate buffer=0.025 _ nan _ ,4.2.1.3,,,,,
5279,322,,aconitate hydratase,,CHB_16087 = CHB_15377 + CHB_16383,isocitrate(aq) = cis-aconitate(aq) + H2O(l),,43KRE/EGG,,,311.15,6.8,0.69,,polarimetry,phosphate,mol/L;phosphate buffer=0.025 _ nan _ ,4.2.1.3,,,,,
5280,323,,aconitate hydratase,,CHB_16087 = CHB_30769,isocitrate(aq) = citrate(aq),,43KRE/EGG,,,311.15,6.8,14.4,,polarimetry and manometry,phosphate,mol/L;phosphate buffer=0.025 _ nan _ ,4.2.1.3,,,,,
5281,324,,aconitate hydratase,,CHB_30769 = CHB_15377 + CHB_16383,citrate(aq) = cis-aconitate(aq) + H2O(l),,43KRE/EGG,,,311.15,6.8,0.016701461377870565,,polarimetry and manometry,phosphate,mol/L;phosphate buffer=0.025;(Mg)1(Cl)2=0.12 _ nan _ ,4.2.1.3,,,,,
5282,325,,aconitate hydratase,,CHB_16087 = CHB_15377 + CHB_16383,isocitrate(aq) = cis-aconitate(aq) + H2O(l),,43KRE/EGG,,,311.15,6.8,0.6153846153846154,,polarimetry,phosphate,mol/L;phosphate buffer=0.025;(Mg)1(Cl)2=0.12 _ nan _ ,4.2.1.3,,,,,
5283,326,,aconitate hydratase,,CHB_16087 = CHB_30769,isocitrate(aq) = citrate(aq),,43KRE/EGG,,,311.15,6.8,36.8,,polarimetry and manometry,phosphate,mol/L;phosphate buffer=0.025;(Mg)1(Cl)2=0.12 _ nan _ ,4.2.1.3,,,,,
5284,337,,triose-phosphate isomerase,,CHB_29052 = CHB_16108,D-glyceraldehyde 3-phosphate(aq) = glycerone phosphate(aq),,43MEY/JUN,,,313.15,7,22,,chemical analysis and polarimetry,,"mol/L;D-fructose 1,6-bisphosphate=0.0043725;D-glyceraldehyde 3-phosphate=0.000156;glycerone phosphate=0.00317;trichloroacetic acid=0.0182537191667588 _ nan _ ",5.3.1.1,,,,,
5285,340,,acetate kinase,,CHB_15422 + CHB_30089 = CHB_15350 + CHB_16761,ATP(aq) + acetate(aq) = ADP(aq) + acetyl phosphate(aq),,44LIP,,,310.15,6.3,0.00564972,,chemical analysis,phosphate (0.1 mol dm-3),mol/L;(K)2(HPO4)1=0.024;(K)1(H2PO4)1=0.016;(Na)1(F)1=0.04;sodium pyruvate=0.1 _ nan _ ,2.7.2.1,,,,,
5286,355,,glyceraldehyde-3-phosphate dehydrogenase,,CHB_15846 + CHB_26078 + CHB_29052 = CHB_16001 + CHB_16908,D-glyceraldehyde 3-phosphate(aq) + orthophosphate(aq) + NAD(aq) = 3-phospho-D-glyceroyl phosphate(aq) + NADH(aq),,47MEY/OES,,,298.15,8.2,23.98666667,,spectrophotometry,"pyrophosphate, orthophosphate, and veronal-acetate",mol/L;NADH=0.0000925625;NAD=3.60222412744913E-05;orthophosphate=0.049123125;D-glyceraldehyde 3-phosphate=0.00089729375;pyrophosphate buffer=0.029 _ nan _ ,1.2.1.12,,,,,
5287,356,,glyceraldehyde-3-phosphate dehydrogenase,,CHB_15846 + CHB_26078 + CHB_29052 = CHB_16001 + CHB_16908,D-glyceraldehyde 3-phosphate(aq) + orthophosphate(aq) + NAD(aq) = 3-phospho-D-glyceroyl phosphate(aq) + NADH(aq),,47MEY/OES,,,298.15,7.15,1.227142857,,spectrophotometry,"pyrophosphate, orthophosphate, and veronal-acetate",mol/L;NADH=3.97533333333333E-05;NAD=8.52923982333178E-05;orthophosphate=0.0308143333333333;D-glyceraldehyde 3-phosphate=0.00125;pyrophosphate buffer=0.029 _ nan _ ,1.2.1.12,,,,,
5288,359,,glyceraldehyde-3-phosphate dehydrogenase,,CHB_15846 + CHB_26078 + CHB_29052 = CHB_16001 + CHB_16908,D-glyceraldehyde 3-phosphate(aq) + orthophosphate(aq) + NAD(aq) = 3-phospho-D-glyceroyl phosphate(aq) + NADH(aq),,47MEY/OES,,,298.15,6,0.069,,spectrophotometry,"pyrophosphate, orthophosphate, and veronal-acetate",mol/L;NADH=1.61416666666667E-05;NAD=9.51843715027067E-05;orthophosphate=0.0519183333333333;D-glyceraldehyde 3-phosphate=0.00109358333333333;pyrophosphate buffer=0.029 _ nan _ ,1.2.1.12,,,,,
5289,361,,nicotinamide-nucleotide adenylyltransferase,,CHB_15422 + CHB_16171 = CHB_15846 + CHB_18361,ATP(aq) + nicotinamide mononucleotide(aq) = NAD(aq) + pyrophosphate(aq),,48KOR,,,311.15,7.4,0.3,,spectrophotometry,glycylglycine (0.05 mol dm-3),mol/L;ATP=0.00136;NAD=0.00074;pyrophosphate=0.00083;orthophosphate=0.00463;(Mg)1(Cl)2=0.0003;glycylglycine buffer=0.05;nicotinamide mononucleotide=0.00166 _ nan _ ,2.7.7.1,,,,,
5290,362,,nicotinamide-nucleotide adenylyltransferase,,CHB_15422 + CHB_16171 = CHB_15846 + CHB_18361,ATP(aq) + nicotinamide mononucleotide(aq) = NAD(aq) + pyrophosphate(aq),,48KOR,,,311.15,7.4,0.5,,spectrophotometry,glycylglycine (0.05 mol dm-3),mol/L;ATP=0.00102;NAD=0.00061;pyrophosphate=0.00079;orthophosphate=0.00375;(Mg)1(Cl)2=0.00075;glycylglycine buffer=0.05;nicotinamide mononucleotide=0.00102 _ nan _ ,2.7.7.1,,,,,
5291,337,,triose-phosphate isomerase,,CHB_29052 = CHB_16108,D-glyceraldehyde 3-phosphate(aq) = glycerone phosphate(aq),,43MEY/JUN,,,313.15,7,22,,chemical analysis and polarimetry,,"mol/L;D-fructose 1,6-bisphosphate=0.0043725;D-glyceraldehyde 3-phosphate=0.000156;glycerone phosphate=0.00317;trichloroacetic acid=0.0182537191667588 _ nan _ ",5.3.1.1,,,,,
5292,418,,acetylcholinesterase,,CHB_15377 + PBC_75612 = CHB_15354 + CHB_17272,propionylcholine(aq) + H2O(l) = propionate(aq) + choline(aq),,50HES,,,291.15,5,576.923,,spectrophotometry,phosphate,mol/L;(K)2(HPO4)1=0.1;(Na)1(Cl)1=0.05;(Mg)1(Cl)2=0.02;propionate=1.25;choline=1.2;propionylcholine=0.0026 _ nan _ ,3.1.1.7,,,,,
5293,433,,L-iditol dehydrogenase,,CHB_15846 + CHB_17924 = CHB_16908 + CHB_37721,D-sorbitol(aq) + NAD(aq) = D-fructose(aq) + NADH(aq),,51BLA,,,293.15,8,0.24,,spectrophotometry and chemical analysis,potassium phosphate (0.03 mol dm-3),mol/L;potassium phosphate=0.01 _ nan _ ,1.1.1.14,,,,,
5294,438,,purine-nucleoside phosphorylase,,CHB_17154 + CHB_35425 = CHB_15927 + CHB_26078,nicotinamide(aq) + D-ribose 1-phosphate(aq) = nicotinamide riboside(aq) + orthophosphate(aq),,51ROW/KOR,,,298.15,7.4,4.5999999999999994e-07,,fluorimetry and spectrophotometry,glycylglycine (0.05 mol dm-3),mol/L;glycylglycine buffer=0.05 _ nan _ ,2.4.2.1,,,,,
5295,439,,purine-nucleoside phosphorylase,,CHB_17154 + CHB_35425 = CHB_15927 + CHB_26078,nicotinamide(aq) + D-ribose 1-phosphate(aq) = nicotinamide riboside(aq) + orthophosphate(aq),,51ROW/KOR,,,298.15,8,3.9810717055349687e-07,,fluorimetry and spectrophotometry,glycylglycine (0.05 mol dm-3),mol/L;glycylglycine buffer=0.05 _ nan _ ,2.4.2.1,,,,,
5296,447,,alcohol dehydrogenase,,CHB_15846 + CHB_17824 = CHB_15347 + CHB_16908,2-propanol(aq) + NAD(aq) = acetone(aq) + NADH(aq),,52BUR,,,298.15,7.64,0.3142913992129193,,,,mol/L;pyrophosphate buffer=0.0055 _ nan _ ,1.1.1.1,,,,,
5297,508,,fumarate hydratase,,CHB_15377 + CHB_29806 = CHB_15589,fumarate(aq) + H2O(l) = (S)-malate(aq),,53BOC/ALB,,,277.8,7.3,7.22,,spectrophotometry,"phosphate (0.05 mol/L), phosphate and acetate",mol/L;IS=0.1;phosphate buffer=0.05 _ nan _ ,4.2.1.2,,,,0.1,
5298,510,,fumarate hydratase,,CHB_15377 + CHB_29806 = CHB_15589,fumarate(aq) + H2O(l) = (S)-malate(aq),,53BOC/ALB,,,298.15,7.3,4.59,,spectrophotometry,"phosphate, phosphate and acetate",mol/L;IS=0.1;phosphate buffer=0.05 _ nan _ ,4.2.1.2,,,,0.1,
5299,512,,fumarate hydratase,,CHB_15377 + CHB_29806 = CHB_15589,fumarate(aq) + H2O(l) = (S)-malate(aq),,53BOC/ALB,,,307.5,4.91,5.94,,spectrophotometry,"acetate (0.20 mol/L), phosphate and acetate",mol/L;IS=0.1;acetate buffer=0.2 _ nan _ ,4.2.1.2,,,,0.1,
5300,528,,acetaldehyde dehydrogenase (acetylating),,CHB_15343 + CHB_15346 + CHB_15846 = CHB_15351 + CHB_16908,acetaldehyde(aq) + CoA(aq) + NAD(aq) = acetyl-CoA(aq) + NADH(aq),,53BUR/STA,,,298.15,7.93,9149.73,,spectrophotometry,imidazole (0.033 mol dm-3)+ HCl,mol/L;imidazole-HCl=0.033 _ nan _ ,1.2.1.10,,,,,
5301,529,,acetaldehyde dehydrogenase (acetylating),,CHB_15343 + CHB_15346 + CHB_15846 = CHB_15351 + CHB_16908,acetaldehyde(aq) + CoA(aq) + NAD(aq) = acetyl-CoA(aq) + NADH(aq),,53BUR/STA,,,298.15,7.8,7256.01,,spectrophotometry,imidazole (0.033 mol dm-3)+ HCl,mol/L;imidazole-HCl=0.033 _ nan _ ,1.2.1.10,,,,,
5302,573,,alcohol dehydrogenase,,CHB_15846 + CHB_17824 = CHB_15347 + CHB_16908,2-propanol(aq) + NAD(aq) = acetone(aq) + NADH(aq),,53BUR/WIL,,,298.15,7.03,0.063112487,,spectrophotometry,pyrophosphate (0.0055 mol dm-3),mol/L;pyrophosphate buffer=0.0055 _ nan _ ,1.1.1.1,,,,,
5303,606,,fumarate hydratase,,CHB_15377 + CHB_29806 = CHB_15589,fumarate(aq) + H2O(l) = (S)-malate(aq),,53MAS,,,292.6,7.3,4.47,,spectrophotometry,phosphate (0.067 mol dm-3),mol/L;phosphate buffer=0.067 _ nan _ ,4.2.1.2,,,,,
5304,632,,acetyl-CoA C-acetyltransferase,,2 CHB_15351 = CHB_15345 + CHB_15346,2 acetyl-CoA(aq) = CoA(aq) + acetoacetyl-CoA(aq),,53STE/COO,,,311.15,8.1,2e-05,,spectrophotometric,,mol/L;potassium phosphate buffer=0.04;(Mg)1(Cl)2=0.01 _ nan _ ,2.3.1.9,,,,,
5305,633,,3-oxoacid CoA-transferase,,CHB_13705 + CHB_15380 = CHB_15345 + CHB_30031,succinyl-CoA(aq) + acetoacetate(aq) = succinate(aq) + acetoacetyl-CoA(aq),,53STE/COO,,,311.15,8.1,0.01,,spectrophotometric,,mol/L;potassium phosphate buffer=0.04;(Mg)1(Cl)2=0.01 _ nan _ ,2.8.3.5,,,,,
5306,656,,adenylate kinase,,2 CHB_16761 = CHB_15422 + CHB_16027,2 ADP(aq) = AMP(aq) + ATP(aq),,54BOW/KER,,,293.15,6,0.567,,enzymatic assay,sodium succinate (0.04 mol dm-3),mol/L;sodium succinate=0.04;(Mg)1(Cl)2=0.001;ADP=0.00009;AMP=0;ATP=0 _ MgCl2 (0.001 mol/L) _ ,2.7.4.3,,,,,
5307,682,,creatine kinase,,CHB_15422 + CHB_16919 = CHB_16761 + CHB_17287,ATP(aq) + creatine(aq) = ADP(aq) + phosphocreatine(aq),,54NOD/KUB,,,303.15,8.79,0.204444444,,spectrophotometry,,mol/L;glycine buffer=0.1;(Mg)1(SO4)1=0.02 _ nan _ ,2.7.3.2,,,,,
5308,727,,phosphoenolpyruvate carboxykinase (GTP),,,ITP_4-(aq) + oxaloacetate_2-(aq) + H2O(l) = IDP_3-(aq) + phosphoenolpyruvate-3-(aq) + carbon dioxide(aq),,54UTT/KUR,,,303.15,7.6,0.3717472118959108,,chromatography and enzymatic assay,acetate (0.050 mol dm-3),nan _ nan _ ,4.1.1.32,,,,,
5309,736,,L-iditol dehydrogenase,,CHB_15846 + CHB_17924 = CHB_16908 + CHB_37721,D-sorbitol(aq) + NAD(aq) = D-fructose(aq) + NADH(aq),,54WIL/BAN,,,298.15,7.5,0.06482669203345197,,spectrophotometry,,mol/L;Tris=0.033 _ nan _ ,1.1.1.14,,,,,
5310,738,,aspartate-semialdehyde dehydrogenase,,CHB_18009 + CHB_18051 + CHB_26078 = CHB_15836 + CHB_16474,L-aspartate 4-semialdehyde(aq) + NADP(aq) + orthophosphate(aq) = L-4-aspartyl phosphate(aq) + NADPH(aq),,55BLA/WRI2,,,298.15,7.4,0.00733414,,enzymatic assay,sodium borate (0.1 mol dm-3) and imidazole chloride (0.1 mol dm-3),mol/L;imidazole-HCl=0.1 _ nan _ ,1.2.1.11,,,,,
5311,739,,aspartate-semialdehyde dehydrogenase,,CHB_18009 + CHB_18051 + CHB_26078 = CHB_15836 + CHB_16474,L-aspartate 4-semialdehyde(aq) + NADP(aq) + orthophosphate(aq) = L-4-aspartyl phosphate(aq) + NADPH(aq),,55BLA/WRI2,,,298.15,8.7,0.198177,,enzymatic assay,sodium borate (0.1 mol dm-3) and imidazole chloride (0.1 mol dm-3),mol/L;sodium borate=0.1 _ nan _ ,1.2.1.11,,,,,
5312,758,,fructose-biphosphate aldolase,,MAN_10152 = CHB_16108 + CHB_17153,"5,6-dideoxyfructose 1-phosphate(aq) = glycerone phosphate(aq) + propionaldehyde(aq)",,55LEH/SIC,,,310.15,7,0.0069,,,,nan _ nan _ ,4.1.2.13,,,,,
5313,790,,adenylate kinase,,2 CHB_16761 = CHB_15422 + CHB_16027,2 ADP(aq) = AMP(aq) + ATP(aq),,56BOW/KER,,,293.15,7.5,0.37,,enzymatic assay,sodium succinate (0.04 mol dm-3),mol/L;Tris=0.02;(Mg)1(Cl)2=0.000001;ATP=0.00058;AMP=0.00058;ADP=0 _ MgCl2 (0.000001 mol/L) _ ,2.7.4.3,,,,,
5314,791,,adenylate kinase,,2 CHB_16761 = CHB_15422 + CHB_16027,2 ADP(aq) = AMP(aq) + ATP(aq),,56BOW/KER,,,293.15,7.5,0.36,,enzymatic assay,sodium succinate (0.04 mol dm-3),mol/L;Tris=0.02;(Mg)1(Cl)2=0.00001;ATP=0.00058;AMP=0.00058;ADP=0 _ MgCl2 (0.00001 mol/L) _ ,2.7.4.3,,,,,
5315,792,,adenylate kinase,,2 CHB_16761 = CHB_15422 + CHB_16027,2 ADP(aq) = AMP(aq) + ATP(aq),,56BOW/KER,,,293.15,7.5,0.52,,enzymatic assay,sodium succinate (0.04 mol dm-3),mol/L;Tris=0.02;(Mg)1(Cl)2=0.0001;ATP=0.00058;AMP=0.00058;ADP=0 _ MgCl2 (0.0001 mol/L) _ ,2.7.4.3,,,,,
5316,793,,adenylate kinase,,2 CHB_16761 = CHB_15422 + CHB_16027,2 ADP(aq) = AMP(aq) + ATP(aq),,56BOW/KER,,,293.15,7.5,0.96,,enzymatic assay,sodium succinate (0.04 mol dm-3),mol/L;Tris=0.02;(Mg)1(Cl)2=0.000144;ATP=0.00058;AMP=0.00058;ADP=0 _ MgCl2 (0.000144 mol/L) _ ,2.7.4.3,,,,,
5317,794,,adenylate kinase,,2 CHB_16761 = CHB_15422 + CHB_16027,2 ADP(aq) = AMP(aq) + ATP(aq),,56BOW/KER,,,293.15,7.5,1.24,,enzymatic assay,sodium succinate (0.04 mol dm-3),mol/L;Tris=0.02;(Mg)1(Cl)2=0.000297;ATP=0.00058;AMP=0.00058;ADP=0 _ MgCl2 (0.000297 mol/L) _ ,2.7.4.3,,,,,
5318,795,,adenylate kinase,,2 CHB_16761 = CHB_15422 + CHB_16027,2 ADP(aq) = AMP(aq) + ATP(aq),,56BOW/KER,,,293.15,7.5,1.09,,enzymatic assay,sodium succinate (0.04 mol dm-3),mol/L;Tris=0.02;(Mg)1(Cl)2=0.000531;ATP=0.00058;AMP=0.00058;ADP=0 _ MgCl2 (0.000531 mol/L) _ ,2.7.4.3,,,,,
5319,796,,adenylate kinase,,2 CHB_16761 = CHB_15422 + CHB_16027,2 ADP(aq) = AMP(aq) + ATP(aq),,56BOW/KER,,,293.15,7.5,0.76,,enzymatic assay,sodium succinate (0.04 mol dm-3),mol/L;Tris=0.02;(Mg)1(Cl)2=0.001;ATP=0.00058;AMP=0.00058;ADP=0 _ MgCl2 (0.001 mol/L) _ ,2.7.4.3,,,,,
5320,797,,adenylate kinase,,2 CHB_16761 = CHB_15422 + CHB_16027,2 ADP(aq) = AMP(aq) + ATP(aq),,56BOW/KER,,,293.15,7.5,0.68,,enzymatic assay,sodium succinate (0.04 mol dm-3),mol/L;Tris=0.02;(Mg)1(Cl)2=0.00158;ATP=0.00058;AMP=0.00058;ADP=0 _ MgCl2 (0.00158 mol/L) _ ,2.7.4.3,,,,,
5321,798,,adenylate kinase,,2 CHB_16761 = CHB_15422 + CHB_16027,2 ADP(aq) = AMP(aq) + ATP(aq),,56BOW/KER,,,293.15,7.5,0.47,,enzymatic assay,sodium succinate (0.04 mol dm-3),mol/L;Tris=0.02;(Mg)1(Cl)2=0.00248;ATP=0.00058;AMP=0.00058;ADP=0 _ MgCl2 (0.00248 mol/L) _ ,2.7.4.3,,,,,
5322,816,,alcohol dehydrogenase,,CHB_16236 + PBC_123926 = CHB_15343 + MAN_10059,ethanol(aq) + AP-NAD(aq) = acetaldehyde(aq) + AP-NADH(aq),,56KAP/CIO,,,303.15,6.5,0.012903226,,spectrophotometry,phosphate (0.1 mol dm-3),mol/L;phosphate buffer=0.1 _ nan _ ,1.1.1.1,,,,,
5323,817,,alcohol dehydrogenase,,CHB_16236 + PBC_123926 = CHB_15343 + MAN_10059,ethanol(aq) + AP-NAD(aq) = acetaldehyde(aq) + AP-NADH(aq),,56KAP/CIO,,,303.15,7.4,0.03625,,spectrophotometry,phosphate (0.1 mol dm-3),mol/L;phosphate buffer=0.1 _ nan _ ,1.1.1.1,,,,,
5324,818,,alcohol dehydrogenase,,CHB_16236 + PBC_123926 = CHB_15343 + MAN_10059,ethanol(aq) + AP-NAD(aq) = acetaldehyde(aq) + AP-NADH(aq),,56KAP/CIO,,,303.15,8.1,0.482352941,,spectrophotometry,phosphate (0.1 mol dm-3),mol/L;phosphate buffer=0.1 _ nan _ ,1.1.1.1,,,,,
5325,819,,alcohol dehydrogenase,,CHB_15846 + CHB_16236 = CHB_15343 + CHB_16908,ethanol(aq) + NAD(aq) = acetaldehyde(aq) + NADH(aq),,56KAP/CIO,,,303.15,6.5,4.83871e-05,,spectrophotometry,phosphate (0.1 mol dm-3),mol/L;phosphate buffer=0.1 _ nan _ ,1.1.1.1,,,,,
5326,820,,alcohol dehydrogenase,,CHB_15846 + CHB_16236 = CHB_15343 + CHB_16908,ethanol(aq) + NAD(aq) = acetaldehyde(aq) + NADH(aq),,56KAP/CIO,,,303.15,7.4,0.0002625,,spectrophotometry,phosphate (0.1 mol dm-3),mol/L;phosphate buffer=0.1 _ nan _ ,1.1.1.1,,,,,
5327,821,,alcohol dehydrogenase,,CHB_15846 + CHB_16236 = CHB_15343 + CHB_16908,ethanol(aq) + NAD(aq) = acetaldehyde(aq) + NADH(aq),,56KAP/CIO,,,303.15,8.1,0.003529412,,spectrophotometry,phosphate (0.1 mol dm-3),mol/L;phosphate buffer=0.1 _ nan _ ,1.1.1.1,,,,,
5328,861,,3(or 17)_-hydroxysteroid dehydrogenase,,CHB_15846 + CHB_17347 = CHB_16422 + CHB_16908,"4-androstene-17-ol-3-one(aq) + NAD(aq) = 4-androstene-3,17-dione(aq) + NADH(aq)",,56TAL/MAR,,,298.15,6.122270742,0.03182545,,spectrophotometry,orthophosphate (0.033 mol dm-3) and pyrophosphate (0.033 mol dm-3),mol/L;phosphate buffer=0.033 _ nan _ ,1.1.1.51,,,,,
5329,862,,3(or 17)_-hydroxysteroid dehydrogenase,,CHB_15846 + CHB_17347 = CHB_16422 + CHB_16908,"4-androstene-17-ol-3-one(aq) + NAD(aq) = 4-androstene-3,17-dione(aq) + NADH(aq)",,56TAL/MAR,,,298.15,6.598253275,0.113519747,,spectrophotometry,orthophosphate (0.033 mol dm-3) and pyrophosphate (0.033 mol dm-3),mol/L;phosphate buffer=0.033 _ nan _ ,1.1.1.51,,,,,
5330,863,,3(or 17)_-hydroxysteroid dehydrogenase,,CHB_15846 + CHB_17347 = CHB_16422 + CHB_16908,"4-androstene-17-ol-3-one(aq) + NAD(aq) = 4-androstene-3,17-dione(aq) + NADH(aq)",,56TAL/MAR,,,298.15,7.126637555,0.401079345,,spectrophotometry,orthophosphate (0.033 mol dm-3) and pyrophosphate (0.033 mol dm-3),mol/L;phosphate buffer=0.033 _ nan _ ,1.1.1.51,,,,,
5331,864,,3(or 17)_-hydroxysteroid dehydrogenase,,CHB_15846 + CHB_17347 = CHB_16422 + CHB_16908,"4-androstene-17-ol-3-one(aq) + NAD(aq) = 4-androstene-3,17-dione(aq) + NADH(aq)",,56TAL/MAR,,,298.15,7.611353712,0.947383901,,spectrophotometry,orthophosphate (0.033 mol dm-3) and pyrophosphate (0.033 mol dm-3),mol/L;phosphate buffer=0.033 _ nan _ ,1.1.1.51,,,,,
5332,865,,3(or 17)_-hydroxysteroid dehydrogenase,,CHB_15846 + CHB_17347 = CHB_16422 + CHB_16908,"4-androstene-17-ol-3-one(aq) + NAD(aq) = 4-androstene-3,17-dione(aq) + NADH(aq)",,56TAL/MAR,,,298.15,8.087336245,2.237605734,,spectrophotometry,orthophosphate (0.033 mol dm-3) and pyrophosphate (0.033 mol dm-3),mol/L;phosphate buffer=0.033 _ nan _ ,1.1.1.51,,,,,
5333,866,,3(or 17)_-hydroxysteroid dehydrogenase,,CHB_15846 + CHB_17347 = CHB_16422 + CHB_16908,"4-androstene-17-ol-3-one(aq) + NAD(aq) = 4-androstene-3,17-dione(aq) + NADH(aq)",,56TAL/MAR,,,298.15,8.947598253,25.21013106,,spectrophotometry,orthophosphate (0.033 mol dm-3) and pyrophosphate (0.033 mol dm-3),mol/L;pyrophosphate buffer=0.033 _ nan _ ,1.1.1.51,,,,,
5334,923,,hexokinase,,CHB_15422 + CHB_4167 = CHB_16761 + CHB_4170,ATP(aq) + D-glucose(aq) = ADP(aq) + D-glucose 6-phosphate(aq),,57ROB/BOY,,,303.15,5.94,222,,radioactivity,phosphate,mol/L;phosphate=0.1;(Mg)1(Cl)2=0.00217 _ MgCl2 (0.00217 mol/L) _ ,2.7.1.1,,,,,
5335,1067,,ribitol dehydrogenase,,CHB_15846 + CHB_15963 = CHB_16908 + CHB_28552,ribitol(aq) + NAD(aq) = D-ribulose(aq) + NADH(aq),,58FRO2,,,310.15,8,0.0085851,,spectrophotometry,Tris (0.1 mol dm-3) + HCl,mol/L;Tris=0.43 _ nan _ ,1.1.1.56,,,,,
5336,1068,,ribitol dehydrogenase,,CHB_15846 + CHB_15963 = CHB_16908 + CHB_28552,ribitol(aq) + NAD(aq) = D-ribulose(aq) + NADH(aq),,58FRO2,,,310.15,8.5,0.0311419,,spectrophotometry,Tris (0.1 mol dm-3) + HCl,mol/L;Tris=0.43 _ nan _ ,1.1.1.56,,,,,
5337,1090,,glycerol-3-phosphate dehydrogenase (NAD+),,CHB_15846 + CHB_15978 = CHB_16108 + CHB_16908,sn-glycerol 3-phosphate(aq) + NAD(aq) = dihydroxyacetone phosphate(aq) + NADH(aq),,58YOU/PAC,,,297.65,6.95,5.13361e-05,,spectrophotometry,phosphate (0.2 mol dm-3),mol/L;phosphate buffer=0.2 _ nan _ ,1.1.1.8,,,,,
5338,1091,,glycerol-3-phosphate dehydrogenase (NAD+),,CHB_15846 + CHB_15978 = CHB_16108 + CHB_16908,sn-glycerol 3-phosphate(aq) + NAD(aq) = dihydroxyacetone phosphate(aq) + NADH(aq),,58YOU/PAC,,,297.65,6.85,3.55389e-05,,spectrophotometry,phosphate (0.2 mol dm-3),mol/L;phosphate buffer=0.2 _ nan _ ,1.1.1.8,,,,,
5339,1092,,glycerol-3-phosphate dehydrogenase (NAD+),,CHB_15846 + CHB_15978 = CHB_16108 + CHB_16908,sn-glycerol 3-phosphate(aq) + NAD(aq) = dihydroxyacetone phosphate(aq) + NADH(aq),,58YOU/PAC,,,297.65,6.7,2.96202e-05,,spectrophotometry,phosphate (0.2 mol dm-3),mol/L;phosphate buffer=0.2 _ nan _ ,1.1.1.8,,,,,
5340,1093,,glycerol-3-phosphate dehydrogenase (NAD+),,CHB_15846 + CHB_15978 = CHB_16108 + CHB_16908,sn-glycerol 3-phosphate(aq) + NAD(aq) = dihydroxyacetone phosphate(aq) + NADH(aq),,58YOU/PAC,,,297.65,7.24,0.000112783,,spectrophotometry,phosphate (0.2 mol dm-3),mol/L;phosphate buffer=0.2 _ nan _ ,1.1.1.8,,,,,
5341,1235,,alanine dehydrogenase,,CHB_15377 + CHB_15846 + CHB_16977 = CHB_15361 + CHB_16134 + CHB_16908,L-alanine(aq) + NAD(aq) + H2O(l) = pyruvate(aq) + NADH(aq) + ammonia(aq),,60OCO/HAL,,,298.15,10,0.007548,,spectrophotometry,carbonate/bicarbonate (0.075 mol dm-3),mol/L;carbonate-bicarbonate buffer=0.075 _ nan _ ,1.4.1.1,,,,,
5342,1257,,phosphoglucomutase,,CHB_16077 = CHB_4170,D-glucose 1-phosphate(aq) = D-glucose 6-phosphate(aq),,61ATK/JOH,,,298.15,7,17,,,,mol/L;(Mg)1(Cl)2=0.025;D-glucose 1-phosphate=0.0008;D-glucose 6-phosphate=0.0136;D-fructose 6-phosphate=0.00034 _ nan _ ,,,,,,
5343,1258,,alkaline phosphatase,,CHB_15377 + CHB_4170 = CHB_26078 + CHB_4167,D-glucose 6-phosphate(aq) + H2O(l) = D-glucose(aq) + orthophosphate(aq),,61ATK/JOH,,,298.15,7,186.583,,enzymatic assay and spectrophotometry,NaOH + HCl,mol/L;(Mg)1(Cl)2=0.002;D-glucose 6-phosphate=0.000319;D-glucose=0.248;orthophosphate=0.240 _ nan _ ,3.1.3.1,,,,,
5344,1259,,phosphoglucomutase,,CHB_16077 = CHB_4170,D-glucose 1-phosphate(aq) = D-glucose 6-phosphate(aq),,61BEN/SCH,,,310.15,6.5,24,,enzymatic assay,histidine (0.001 mol dm-3),mol/L;histidine buffer=0.008;(Mn)1(Cl)2=0.0008;D-glucose 6-phosphate=0.11;D-glucose 1-phosphate=0 _ nan _ ,5.4.2.6,,,,,
5345,1266,,chymotrypsin,,CHB_15377 + MAN_10136 = MAN_10130 + PBC_151021,N-benzoyl-L-tyrosylglycinanilide(aq) + H2O(l) = N-benzoyl-L-tyrosine(aq) + glycylanalide(aq),,61GAW/GLA,,,296.15,6.5,555,,spectrophotometry,phosphate,nan _ nan _ ,3.4.21.1,,,,,
5346,1301,,glucose-1-phosphate adenylyltransferase,,CHB_15422 + CHB_16077 = CHB_15751 + CHB_18361,ATP(aq) + D-glucose 1-phosphate(aq) = ADPglucose(aq) + pyrophosphate(aq),,62ESP,,,310.15,7.9,0.952381,,radioactivity and spectrophotometry,Tris (0.050 mol dm-3) + HCl,mol/L;Tris-HCl=0.05;(Mg)1(Cl)2=0.02;ADPglucose=0.00052;pyrophosphate=0.001;ATP=0;D-glucose 1-phosphate=0 _ nan _ ,2.7.7.27,,,,,
5347,1304,,glycine dehydrogenase,,CHB_15377 + CHB_15428 + CHB_15846 = CHB_16134 + CHB_16891 + CHB_16908,glycine(aq) + NAD(aq) + H2O(l) = glyoxylate(aq) + NADH(aq) + ammonia(aq),,62GOL/WAG,,,303.15,6.4,0.0031684,,spectrophotometry,phosphate (0.08 mol dm-3),mol/L;phosphate buffer=0.08;(NH4)2(SO4)1=0.4 _ nan _ ,1.4.1.10,,,,,
5348,1333,,alkaline phosphatase,,CHB_15377 + MAN_10124 = CHB_26078 + PBC_8880,N-acetylethanolamine phosphate(aq) + H2O(l) = N-acetylethanolamine(aq) + orthophosphate(aq),,63DAY/WIL,,,298.15,8,34.61,,spectrophotometry,KH2PO4 (0.047 mol dm-3) + NaOH,mol/L;(K)1=0.0047;orthophosphate=0.00473;N-acetylethanolamine=7.58;N-acetylethanolamine phosphate=0 _ nan _ ,3.1.3.1,,,,,
5349,1351,,4-hydroxy-2-oxoglutarate aldolase,,CHB_17742 = CHB_15361 + CHB_16891,4-hydroxy-2-oxoglutarate(aq) = pyruvate(aq) + glyoxylate(aq),,63KUR/FUK,,,310.15,7.5,0.000328644,,spectrophotometry,potassium phosphate (0.075 mol dm-3),mol/L;potassium phosphate buffer=0.025;pyruvate=0.00112805;glyoxylate=0.00112805;4-hydroxy-2-oxoglutarate=0.00387195 _ nan _ ,4.1.3.16,,,,,
5350,1382,,oxamate carbamoyltransferase,,CHB_17672 + CHB_18058 = CHB_26078 + MAN_10167,carbamoyl phosphate(aq) + oxamate(aq) = orthophosphate(aq) + carbamoyl oxamate(aq),,64BOJ/GAU,,,303.15,8.3,0.623,,spectrophotometry,Tris (0.04 mol dm-3),mol/L;(Mg)1(SO4)1=0.005;Tris=0.04;orthophosphate=0.0071176;carbamoyl oxamate=0.0071176;oxamate=0.0090788;carbamoyl phosphate=0.0090824 _ nan _ ,2.1.3.5,,,,,
5351,1560,,glutamate dehydrogenase,,CHB_15377 + CHB_15846 + CHB_29985 = CHB_16134 + CHB_16810 + CHB_16908,L-glutamate(aq) + NAD(aq) + H2O(l) = 2-oxoglutarate(aq) + NADH(aq) + ammonia(aq),,67ENG/DAL,,,298.1195536,7,1.61406e-06,,spectrophotometry,phosphate,mol/L;IS=0.47 _ nan _ ,1.4.1.2,,,,0.47,
5352,1561,,glutamate dehydrogenase,,CHB_15377 + CHB_15846 + CHB_29985 = CHB_16134 + CHB_16810 + CHB_16908,L-glutamate(aq) + NAD(aq) + H2O(l) = 2-oxoglutarate(aq) + NADH(aq) + ammonia(aq),,67ENG/DAL,,,300.1847291,7,1.88948e-06,,spectrophotometry,phosphate,mol/L;IS=0.47 _ nan _ ,1.4.1.2,,,,0.47,
5353,1670,,glutamate dehydrogenase,,CHB_15377 + CHB_15846 + CHB_29985 = CHB_16134 + CHB_16810 + CHB_16908,L-glutamate(aq) + NAD(aq) + H2O(l) = 2-oxoglutarate(aq) + NADH(aq) + ammonia(aq),,67WIL/LUN,,,311.15,7,3.87e-06,,spectrophotometry,phosphate,mol/L;IS=0.25 _ nan _ ,1.4.1.2,,,,0.25,
5354,1717,,glucose-6-phosphate isomerase,,CHB_4170 = CHB_61553,D-glucose 6-phosphate(aq) = D-fructose 6-phosphate(aq),,68DYS/NOL,,,284.7,8.5,0.22,,spectrophotometry,Tris (0.050 mol dm-3) + HCl,mol/L;IS=0.12 _ nan _ ,5.3.1.9,,,,0.12,
5355,1759,,indolelactate dehydrogenase,,CHB_15846 + CHB_17282 = CHB_16908 + CHB_17640,indole-3-lactate(aq) + NAD(aq) = indole-3-pyruvate(aq) + NADH(aq),,68JEA/DEM,,,310.15,7,63,,spectrophotometry,potassium phosphate,mol/L;potassium phosphate buffer=0.1 _ nan _ ,1.1.1.110,,,,,
5356,1774,,glyoxylate reductase,,CHB_15846 + CHB_29805 = CHB_16891 + CHB_16908,glycolate(aq) + NAD(aq) = glyoxylate(aq) + NADH(aq),,68KOH/WAR,,,298.15,8.83,2.18159e-06,,spectrophotometry,,mol/L;Tris-HCl=0.2 _ nan _ ,1.1.1.26,,,,,
5357,1775,,glyoxylate reductase,,CHB_15846 + CHB_29805 = CHB_16891 + CHB_16908,glycolate(aq) + NAD(aq) = glyoxylate(aq) + NADH(aq),,68KOH/WAR,,,298.15,8.5,7.54149e-07,,spectrophotometry,,mol/L;Tris-HCl=0.2 _ nan _ ,1.1.1.26,,,,,
5358,1776,,glyoxylate reductase,,CHB_15846 + CHB_29805 = CHB_16891 + CHB_16908,glycolate(aq) + NAD(aq) = glyoxylate(aq) + NADH(aq),,68KOH/WAR,,,298.15,8.5,9.5198e-07,,spectrophotometry,,mol/L;potassium phosphate buffer=0.01;glycolate=0.00075;NAD=0.006355 _ nan _ ,1.1.1.26,,,,,
5359,1883,,L-lactate dehydrogenase,,CHB_1148 + CHB_15846 = CHB_16763 + CHB_16908,2-hydroxybutanoate(aq) + NAD(aq) = 2-oxobutanoate(aq) + NADH(aq),,69LAN/DEK,,,298.65,9,0.03,,chromatography and spectrophotometry,Tris (0.3 mol dm-3) + HCl,mol/L;Tris-HCl = 0.3 _ nan _ ,1.1.1.27,,,,,
5360,1887,,phosphomevalonate kinase,,CHB_15422 + CHB_17436 = CHB_15899 + CHB_16761,ATP(aq) + (R)-5-phosphomevalonate(aq) = ADP(aq) + (R)-5-diphosphomevalonate(aq),,69POP,,,310.15,7.3,0.9,,spectrophotometry,Tris (0.050 mol dm-3) + HCl,mol/L;Tris-HCl=0.05;(Mg)1(Cl)2=0.005;(K)1(F)1=0.01;L-cysteine=0.01;ATP=0.00283165;(R)-5-phosphomevalonate=0.000231651;ADP=0.000768349;(R)-5-diphosphomevalonate=0.000768349 _ nan _ ,2.7.4.2,,,,,
5361,1890,,arginine kinase,,CHB_15422 + CHB_16467 = CHB_16761 + CHB_18412,ATP(aq) + L-arginine(aq) = ADP(aq) + N-w-phospho-L-arginine(aq),,69SMI/MOR,,,303.15,8,0.95,,,triethanolamine (0.1 mol dm-3),mol/L;triethanolamine buffer=0.1;EDTA=0.00001;(Mg)1(Cl)2=0.0007;ATP=0.000346;L-arginine=0.000232;ADP=0.000268;N-w-phospho-L-arginine=0.000268 _ nan _ ,2.7.3.3,,,,,
5362,1892,,arginine kinase,,CHB_15422 + CHB_16467 = CHB_16761 + CHB_18412,ATP(aq) + L-arginine(aq) = ADP(aq) + N-w-phospho-L-arginine(aq),,69SMI/MOR,,,303.15,8,0.69,,,triethanolamine (0.1 mol dm-3),mol/L;triethanolamine buffer=0.1;EDTA=0.00001;(Mg)1(Cl)2=0.007;ATP=0.003521;L-arginine=0.00252;ADP=0.002479;N-w-phospho-L-arginine=0.002479 _ nan _ ,2.7.3.3,,,,,
5363,1915,,shikimate dehydrogenase,,CHB_16119 + CHB_18009 = CHB_16474 + MAN_10177,shikimate(aq) + NADP(aq) = 5-dehydroshikimate(aq) + NADPH(aq),,70BAL/DEN,,,298.15,7,0.0361,,spectrophotometry,,mol/L;glycine-NaOH=0.09 _ nan _ ,1.1.1.25,,,,,
5364,1916,,shikimate dehydrogenase,,CHB_16119 + CHB_18009 = CHB_16474 + MAN_10177,shikimate(aq) + NADP(aq) = 5-dehydroshikimate(aq) + NADPH(aq),,70BAL/DEN,,,298.15,7.9,0.175439,,spectrophotometry,,mol/L;glycine-NaOH=0.09 _ nan _ ,1.1.1.25,,,,,
5365,1935,,,,,D-glucose 6-phosphate(aq) + H2O(l) = D-glucose(aq) + HPO4(aq),,70GEO/WIT,,,298.15,,6483.933349,,chromatography and enzymatic assay,,nan _ nan _ ,3.1.3.1,,,,,
5366,1936,,,,,D-glucose 6-phosphate-(aq) + H2O(l) = D-glucose(aq) + HPO4-(aq),,70GEO/WIT,,,298.15,,722.5683031,,chromatography and enzymatic assay,,nan _ nan _ ,3.1.3.1,,,,,
5367,1937,,,,,D-glucose 6-phosphate-2-(aq) + H2O(l) = D-glucose(aq) + HPO4-2-(aq),,70GEO/WIT,,,298.15,,158.1749189,,chromatography and enzymatic assay,,nan _ nan _ ,3.1.3.1,,,,,
5368,1938,,,,,phosphoenolpyruvate(aq) + H2O(l) = pyruvate(aq) + HPO4(aq),,70GEO/WIT,,,298.15,,138771000000,,chromatography and enzymatic assay,,nan _ nan _ ,,,,,,
5369,1939,,,,,phosphoenolpyruvate-(aq) + H2O(l) = pyruvate(aq) + HPO4-(aq),,70GEO/WIT,,,298.15,,6649893718,,chromatography and enzymatic assay,,nan _ nan _ ,,,,,,
5370,1940,,,,,phosphoenolpyruvate-2-(aq) + H2O(l) = pyruvate-(aq) + HPO4-(aq),,70GEO/WIT,,,298.15,,230256000000,,chromatography and enzymatic assay,,nan _ nan _ ,,,,,,
5371,1941,,,,,phosphoenolpyruvate-3-(aq) + H2O(l) = pyruvate-(aq) + HPO4-2-(aq),,70GEO/WIT,,,298.15,,70644592944,,chromatography and enzymatic assay,,nan _ nan _ ,,,,,,
5372,1942,,,,,acetyl phosphate-(aq) + H2O(l) = acetate(aq) + HPO4-(aq),,70GEO/WIT,,,298.15,,18078156.73,,chromatography and enzymatic assay,,nan _ nan _ ,,,,,,
5373,1943,,,,,acetyl phosphate-2-(aq) + H2O(l) = acetate-(aq) + HPO4-(aq),,70GEO/WIT,,,298.15,,49771607.91,,chromatography and enzymatic assay,,nan _ nan _ ,,,,,,
5374,1951,,glyoxylate reductase,,CHB_15846 + CHB_16659 = CHB_16908 + CHB_30841,glycerate(aq) + NAD(aq) = hydroxypyruvate(aq) + NADH(aq),,70KOH/WAR,,,298.15,8.83,0.000419233,,spectrophotometry,,mol/L;Tris-HCl=0.2;glycerate=0.005;NAD=0.002;hydroxypyruvate=0;NADH=0 _ nan _ ,,,,,,
5375,1952,,glyoxylate reductase,,CHB_15846 + CHB_16659 = CHB_16908 + CHB_30841,glycerate(aq) + NAD(aq) = hydroxypyruvate(aq) + NADH(aq),,70KOH/WAR,,,298.15,8.5,0.000225375,,spectrophotometry,,mol/L;Tris-HCl=0.2;glycerate=0.005;NAD=0.002;hydroxypyruvate=0;NADH=0 _ nan _ ,,,,,,
5376,1953,,glyoxylate reductase,,CHB_15846 + CHB_16659 = CHB_16908 + CHB_30841,glycerate(aq) + NAD(aq) = hydroxypyruvate(aq) + NADH(aq),,70KOH/WAR,,,298.15,8.15,7.54513e-05,,spectrophotometry,,mol/L;Tris-HCl=0.2;glycerate=0.005;NAD=0.002;hydroxypyruvate=0;NADH=0 _ nan _ ,,,,,,
5377,1954,,glyoxylate reductase,,CHB_15846 + CHB_16659 = CHB_16908 + CHB_30841,glycerate(aq) + NAD(aq) = hydroxypyruvate(aq) + NADH(aq),,70KOH/WAR,,,298.15,8.5,0.000226091,,spectrophotometry,,mol/L;potassium phosphate buffer=0.06;(Li)1=0.005;hydroxypyruvate=0.005;NADH=0.0002;NAD=0;glycerate=0 _ nan _ ,,,,,,
5378,1985,,cytidine deaminase,,CHB_15377 + CHB_17562 = CHB_16134 + CHB_16704,cytidine(aq) + H2O(l) = uridine(aq) + ammonia(aq),,71COH/WOL,,,298.15,8.48,578,,spectrophotometry,ammonia (2.0 mol dm-3) + HCl,mol/L;IS=2.0 _ nan _ ,3.5.4.5,,,,,
5379,1986,,cytidine deaminase,,CHB_15377 + CHB_17562 = CHB_16134 + CHB_16704,cytidine(aq) + H2O(l) = uridine(aq) + ammonia(aq),,71COH/WOL,,,298.15,7.92,1644,,spectrophotometry,ammonia (2.0 mol dm-3) + HCl,mol/L;IS=2.0 _ nan _ ,3.5.4.5,,,,,
5380,1988,,cytidine deaminase,,CHB_15377 + CHB_17562 = CHB_16134 + CHB_16704,cytidine(aq) + H2O(l) = uridine(aq) + ammonia(aq),,71COH/WOL,,,298.15,7,12516,,spectrophotometry,ammonia (2.0 mol dm-3) + HCl,mol/L;IS=2.0 _ nan _ ,3.5.4.5,,,,,
5381,1989,,cytidine deaminase,,CHB_15377 + PBC_101436 = CHB_16704 + CHB_16830,N4-methylcytidine(aq) + H2O(l) = uridine(aq) + methylamine(aq),,71COH/WOL,,,298.15,10.17,128,,spectrophotometry,methylamine (0.32 mol dm-3) + HCl,mol/L;IS=2.0 _ nan _ ,3.5.4.5,,,,,
5382,1990,,cytidine deaminase,,CHB_15377 + PBC_101436 = CHB_16704 + CHB_16830,N4-methylcytidine(aq) + H2O(l) = uridine(aq) + methylamine(aq),,71COH/WOL,,,298.15,9.5,142,,spectrophotometry,methylamine (0.32 mol dm-3) + HCl,mol/L;IS=2.0 _ nan _ ,3.5.4.5,,,,,
5383,1992,,cytidine deaminase,,CHB_15377 + PBC_101436 = CHB_16704 + CHB_16830,N4-methylcytidine(aq) + H2O(l) = uridine(aq) + methylamine(aq),,71COH/WOL,,,298.15,8.87,287.41,,spectrophotometry,methylamine (0.32 mol dm-3) + HCl,mol/L;IS=2.0 _ nan _ ,3.5.4.5,,,,,
5384,1993,,cytidine deaminase,,CHB_15377 + PBC_101436 = CHB_16704 + CHB_16830,N4-methylcytidine(aq) + H2O(l) = uridine(aq) + methylamine(aq),,71COH/WOL,,,298.15,11,274,,spectrophotometry,methylamine (0.32 mol dm-3) + HCl,mol/L;IS=2.0 _ nan _ ,3.5.4.5,,,,,
5385,1994,,cytidine deaminase,,CHB_15377 + PBC_101436 = CHB_16704 + CHB_16830,N4-methylcytidine(aq) + H2O(l) = uridine(aq) + methylamine(aq),,71COH/WOL,,,298.15,7.5,4648,,spectrophotometry,methylamine (0.32 mol dm-3) + HCl,mol/L;IS=2.0 _ nan _ ,3.5.4.5,,,,,
5386,2027,,sepiapterin reductase,,CHB_15375 + CHB_18009 = CHB_16095 + CHB_16474,"7,8-dihydrobiopterin(aq) + NADP(aq) = sepiapterin(aq) + NADPH(aq)",,71KAT,,,298.15,7.8,0.125,,spectrophotometry,potassium phosphate,mol/L;potassium phosphate buffer=0.02 _ nan _ ,1.1.1.153,,,,,
5387,2029,,sepiapterin reductase,,CHB_15375 + CHB_18009 = CHB_16095 + CHB_16474,"7,8-dihydrobiopterin(aq) + NADP(aq) = sepiapterin(aq) + NADPH(aq)",,71KAT,,,298.15,7.6,0.0228682,,spectrophotometry,potassium phosphate,mol/L;potassium phosphate buffer=0.02 _ nan _ ,1.1.1.153,,,,,
5388,2043,,D-glutamate cyclase,,PBC_102871 = CHB_15377 + MAN_10003,g-fluoroglutamate(aq) = cis-D-3-fluoro-2-pyrrolidone-5-carboxylate(aq) + H2O(l),,71UNK/GOL,,,313.5,7.9,0.58,,spectrophotometry,2-methylimidazole (0.15 mol dm-3) + HCl,mol/L;2-methylimidazole-HCl=0.15;(Mg)1(SO4)1=0.033 _ nan _ ,4.2.1.48,,,,,
5389,2046,,D-glutamate cyclase,,PBC_102871 = CHB_15377 + MAN_10003,g-fluoroglutamate(aq) = cis-D-3-fluoro-2-pyrrolidone-5-carboxylate(aq) + H2O(l),,71UNK/GOL,,,299.4,7.9,0.43,,spectrophotometry,2-methylimidazole (0.15 mol dm-3) + HCl,mol/L;2-methylimidazole-HCl=0.15;(Mg)1(SO4)1=0.033 _ nan _ ,4.2.1.48,,,,,
5390,2091,,galactinol-raffinose galactosyltransferase,,CHB_16634 + CHB_17505 = CHB_17164 + CHB_17268,1--D-galactosyl-myo-inositol(aq) + raffinose(aq) = myo-inositol(aq) + stachyose(aq),,72LEH/TAN,,,305.15,6.5,4,,,phosphate (0.5 mol dm-3),mol/L;phosphate buffer=0.11 _ nan _ ,2.4.1.67,,,,,
5391,2108,,adenylate kinase,,2 CHB_16761 = CHB_15422 + CHB_16027,2 ADP(aq) = AMP(aq) + ATP(aq),,73DEW/LOW,,,288.15,7.25,0.645613837,,spectrophotometry,triethanolamine,mol/L;(Tetrabutylammonium)1(Cl)1=0.455;Tetrabutylammonium HEPES=0.025;DTT=0.01;(Mg)1(Cl)2=0.00518037044525969 _ nan _ ,2.7.4.3,,,,,
5392,2124,,adenylate kinase,,2 CHB_16761 = CHB_15422 + CHB_16027,2 ADP(aq) = AMP(aq) + ATP(aq),,73DEW/LOW,,,288.15,7.25,0.5477276,,spectrophotometry,triethanolamine,mol/L;(Tetrabutylammonium)1(Cl)1=0.455;Tetrabutylammonium HEPES=0.025;DTT=0.01;(Mg)1(Cl)2=1.25992907171891E-05 _ nan _ ,2.7.4.3,,,,,
5393,2126,,adenylate kinase,,2 CHB_16761 = CHB_15422 + CHB_16027,2 ADP(aq) = AMP(aq) + ATP(aq),,73DEW/LOW,,,288.15,7.25,0.508833135,,spectrophotometry,triethanolamine,mol/L;(Tetrabutylammonium)1(Cl)1=0.455;Tetrabutylammonium HEPES=0.025;DTT=0.01;(Mg)1(Cl)2=7.67283310883974E-06 _ nan _ ,2.7.4.3,,,,,
5394,2175,,citrate (si)-synthase,,CHB_15351 + CHB_15377 + CHB_16452 = CHB_15346 + CHB_30769,oxaloacetate(aq) + acetyl-CoA(aq) + H2O(l) = citrate(aq) + CoA(aq),,73GUY/GEL,,,311.15,6.36,992000,,spectrophotometry,potassium phosphate (0.025 mol dm-3),mol/L;IS=0.25;potassium phosphate=0.025;(Mg)1(SO4)1=0.00277 _ MgSO4 (0.00277 mol/L) _ ,4.1.3.7,,,,0.25,
5395,2248,,glucose-6-phosphate dehydrogenase,,CHB_18009 + CHB_4170 = CHB_16474 + CHB_16938,"D-glucose 6-phosphate(aq) + NADP(aq) = D-glucono-1,5-lactone 6-phosphate(aq) + NADPH(aq)",,73WUR/HES,,,298.15,7.6,32,,spectrophotometry,imidazole (0.050 mol dm-3) + HCl,mol/L;imidazole-HCl=0.05;(K)1(Cl)1=0.05;(Mg)1(SO4)1=0.008 _ nan _ ,1.1.1.49,,,,,
5396,2274,,alcohol dehydrogenase,,CHB_15846 + CHB_16236 = CHB_15343 + CHB_16908,ethanol(aq) + NAD(aq) = acetaldehyde(aq) + NADH(aq),,74BUR,,,307.75,7.571,0.00046549,,spectrophotometry,phosphate (0.005 mol dm-3),mol/L;IS=0.013 _ nan _ ,1.1.1.1,,,,0.013,
5397,2365,,acetate-CoA ligase,,CHB_15346 + CHB_15422 + CHB_30089 = CHB_15351 + CHB_16027 + CHB_18361,ATP(aq) + acetate(aq) + CoA(aq) = AMP(aq) + diphosphate(aq) + acetyl-CoA(aq),,74GUY/WEB,,,311.15,7.53,19.4,,spectrophotometry and enzymatic assay,,mol/L;IS=0.25;(Mg)1=0.005 _ Mg2+ (0.005 mol/L) _ ,6.2.1.1,,,,0.25,
5398,2504,,galactose dehydrogenase,,CHB_15846 + CHB_4139 = CHB_15895 + CHB_16908,"D-galactose(aq) + NAD(aq) = D-galactono-1,4-lactone(aq) + NADH(aq)",,74UEB/BLA,,,303.15,8.6,25000,,gas-liquid chromatography,potassium phosphate and sodium phosphate (0.1 mol dm-3),mol/L;sodium phosphate=0.1 _ nan _ ,1.1.1.48,,,,,
5399,2519,,urocanate hydratase,,CHB_15377 + CHB_27247 = CHB_27384,"urocanate(aq) + H2O(l) = 4,5-dihydro-4-oxo-5-imidazolepropanoate(aq)",,75COH/LYN,,,300.15,7.5,77.8,,spectrophotometry,potassium phosphate (0.025 mol dm-3),mol/L;potassium phosphate buffer=0.025 _ nan _ ,4.2.1.49,,,,,
5400,2547,,15-hydroxyprostaglandin dehydrogenase (NAD+),,CHB_15551 + CHB_15846 = CHB_16908 + CHB_57400,prostaglandin E2(aq) + NAD(aq) = 15-oxo-prostaglandin E2(aq) + NADH(aq),,75SCH/GRE,,,298.15,7,177,,spectrophotometry,Tris (0.1 mol dm-3),mol/L;Tris=0.1 _ nan _ ,1.1.1.141,,,,,
5401,2548,,15-hydroxyprostaglandin dehydrogenase (NAD+),,CHB_15551 + CHB_15846 = CHB_16908 + CHB_57400,prostaglandin E2(aq) + NAD(aq) = 15-oxo-prostaglandin E2(aq) + NADH(aq),,75SCH/GRE,,,298.15,8,1770,,spectrophotometry,Tris (0.1 mol dm-3),nan _ nan _ ,1.1.1.141,,,,,
5402,2597,,alkaline phosphatase,,CHB_15377 + CHB_18132 = CHB_15354 + CHB_26078,phosphorylcholine(aq) + H2O(l) = choline(aq) + orthophosphate(aq),,76GUY,,,311.15,7.23,31.3,,spectrophotometry,Tris + HCl,mol/L;IS=0.25;(Mg)1(Cl)2=0.0005 _ MgCl2 (0.0005 mol/L) _ ,3.1.3.1,,,,0.25,
5403,2635,,formate dehydrogenase,,CHB_15740 + CHB_15846 = CHB_16526 + CHB_16908,formate(aq) + NAD(aq) = CO2(aq) + NADH(aq),,76RUS/MUL,,,293.15,6.2,420,,spectrophotometry,histidine hydrochloride (0.071 mol dm-3),mol/L;histidine-HCl=0.071;(K)2(CO3)1=0.01;NADH=0.1 _ nan _ ,1.2.1.2,,,,,
5404,2648,,NAD+ kinase,,CHB_15422 + CHB_15846 = CHB_16761 + CHB_18009,ATP(aq) + NAD(aq) = ADP(aq) + NADP(aq),,77APP/NAI,,,303.15,7,29.3,,enzymatic assay and chromatography,sodium cacodylate (0.1 mol dm-3),mol/L;sodium cacodylate=0.1;(Mg)1(Cl)2=0.01;NAD=0.001;ATP=0.002;ADP=0;NADP=0 _ nan _ ,2.7.1.23,,,,,
5405,2670,,nucleoside-diphosphate kinase,,CHB_15422 + CHB_17552 = CHB_15996 + CHB_16761,ATP(aq) + GDP(aq) = ADP(aq) + GTP(aq),,78LYN/GUY,,,311.15,7,0.84,,fluorimetry and spectrophotometry,potassium phosphate (0.025 mol dm-3),mol/L;IS=0.25;Mg2+_tot=0.001;ATP=0.00022;GTP=0.000198;ADP=0.000181;GDP=0.000194;K+_tot=0.247 _ nan _ ,2.7.4.6,,,,0.25,
5406,2671,,nucleoside-diphosphate kinase,,CHB_15422 + CHB_17552 = CHB_15996 + CHB_16761,ATP(aq) + GDP(aq) = ADP(aq) + GTP(aq),,78LYN/GUY,,,311.15,7,1.89,,fluorimetry and spectrophotometry,,mol/L;IS=0.25;Mg2+_tot=0.001;ATP=0.000185;GTP=0.000216;ADP=0.000212;GDP=0.000178;K+_tot=0.247 _ nan _ ,2.7.4.7,,,,0.25,
5407,2672,,nucleoside-diphosphate kinase,,CHB_15422 + CHB_17552 = CHB_15996 + CHB_16761,ATP(aq) + GDP(aq) = ADP(aq) + GTP(aq),,78LYN/GUY,,,311.15,7,0.7,,fluorimetry and spectrophotometry,,mol/L;IS=0.25;Mg2+_tot=0.001;ATP=0.000244;GTP=0.000176;ADP=0.000178;GDP=0.000184;K+_tot=0.247 _ nan _ ,2.7.4.8,,,,0.25,
5408,2674,,nucleoside-diphosphate kinase,,CHB_15422 + CHB_17552 = CHB_15996 + CHB_16761,ATP(aq) + GDP(aq) = ADP(aq) + GTP(aq),,78LYN/GUY,,,311.15,7,1.06,,fluorimetry and spectrophotometry,,mol/L;IS=0.25;Mg2+_tot=0.0073;ATP=0.000204;GTP=0.000197;ADP=0.000198;GDP=0.000181;K+_tot=0.2281 _ nan _ ,2.7.4.10,,,,0.25,
5409,2675,,nucleoside-diphosphate kinase,,CHB_15422 + CHB_17552 = CHB_15996 + CHB_16761,ATP(aq) + GDP(aq) = ADP(aq) + GTP(aq),,78LYN/GUY,,,311.15,7,0.9,,fluorimetry and spectrophotometry,,mol/L;IS=0.25;Mg2+_tot=0.0073;ATP=0.00023;GTP=0.000182;ADP=0.000186;GDP=0.000163;K+_tot=0.2281 _ nan _ ,2.7.4.11,,,,0.25,
5410,2676,,nucleoside-diphosphate kinase,,CHB_15422 + CHB_17552 = CHB_15996 + CHB_16761,ATP(aq) + GDP(aq) = ADP(aq) + GTP(aq),,78LYN/GUY,,,311.15,7,0.62,,fluorimetry and spectrophotometry,,mol/L;IS=0.25;Mg2+_tot=0.0137;ATP=0.000231;GTP=0.000177;ADP=0.000156;GDP=0.000192;K+_tot=0.2089 _ nan _ ,2.7.4.12,,,,0.25,
5411,2677,,nucleoside-diphosphate kinase,,CHB_15422 + CHB_17552 = CHB_15996 + CHB_16761,ATP(aq) + GDP(aq) = ADP(aq) + GTP(aq),,78LYN/GUY,,,311.15,7,1.45,,fluorimetry and spectrophotometry,,mol/L;IS=0.25;Mg2+_tot=0.0137;ATP=0.000164;GTP=0.000178;ADP=0.000198;GDP=0.000148;K+_tot=0.2089 _ nan _ ,2.7.4.13,,,,0.25,
5412,2678,,nucleoside-diphosphate kinase,,CHB_15422 + CHB_17552 = CHB_15996 + CHB_16761,ATP(aq) + GDP(aq) = ADP(aq) + GTP(aq),,78LYN/GUY,,,311.15,7,0.74,,fluorimetry and spectrophotometry,,mol/L;IS=0.25;Mg2+_tot=0.0137;ATP=0.000231;GTP=0.000167;ADP=0.000172;GDP=0.000168;K+_tot=0.2089 _ nan _ ,2.7.4.14,,,,0.25,
5413,2679,,nucleoside-diphosphate kinase,,CHB_15422 + CHB_17552 = CHB_15996 + CHB_16761,ATP(aq) + GDP(aq) = ADP(aq) + GTP(aq),,78LYN/GUY,,,311.15,7,1.46,,fluorimetry and spectrophotometry,,mol/L;IS=0.25;Mg2+_tot=0.02;ATP=0.000182;GTP=0.000205;ADP=0.000168;GDP=0.00013;K+_tot=0.19 _ nan _ ,2.7.4.15,,,,0.25,
5414,2680,,nucleoside-diphosphate kinase,,CHB_15422 + CHB_17552 = CHB_15996 + CHB_16761,ATP(aq) + GDP(aq) = ADP(aq) + GTP(aq),,78LYN/GUY,,,311.15,7,1.3,,fluorimetry and spectrophotometry,,mol/L;IS=0.25;Mg2+_tot=0.02;ATP=0.000171;GTP=0.000182;ADP=0.000184;GDP=0.000151;K+_tot=0.19 _ nan _ ,2.7.4.16,,,,0.25,
5415,2681,,nucleoside-diphosphate kinase,,CHB_15422 + CHB_17552 = CHB_15996 + CHB_16761,ATP(aq) + GDP(aq) = ADP(aq) + GTP(aq),,78LYN/GUY,,,311.15,7,0.92,,fluorimetry and spectrophotometry,,mol/L;IS=0.25;Mg2+_tot=0.001;ATP=0.000195;GTP=0.000186;ADP=0.000217;GDP=0.000225;K+_tot=0.247 _ nan _ ,2.7.4.17,,,,0.25,
5416,2682,,nucleoside-diphosphate kinase,,CHB_15422 + CHB_17552 = CHB_15996 + CHB_16761,ATP(aq) + GDP(aq) = ADP(aq) + GTP(aq),,78LYN/GUY,,,311.15,7,1.56,,fluorimetry and spectrophotometry,,mol/L;IS=0.25;Mg2+_tot=0.001;ATP=0.000167;GTP=0.000205;ADP=0.000247;GDP=0.000195;K+_tot=0.247 _ nan _ ,2.7.4.18,,,,0.25,
5417,2683,,nucleoside-diphosphate kinase,,CHB_15422 + CHB_17552 = CHB_15996 + CHB_16761,ATP(aq) + GDP(aq) = ADP(aq) + GTP(aq),,78LYN/GUY,,,311.15,7,1.18,,fluorimetry and spectrophotometry,,mol/L;IS=0.25;Mg2+_tot=0.001;ATP=0.000192;GTP=0.00019;ADP=0.000245;GDP=0.000206;K+_tot=0.247 _ nan _ ,2.7.4.19,,,,0.25,
5418,2684,,nucleoside-diphosphate kinase,,CHB_15422 + CHB_17552 = CHB_15996 + CHB_16761,ATP(aq) + GDP(aq) = ADP(aq) + GTP(aq),,78LYN/GUY,,,311.15,7,0.84,,fluorimetry and spectrophotometry,,mol/L;IS=0.25;Mg2+_tot=0.0073;ATP=0.000192;GTP=0.000177;ADP=0.000201;GDP=0.000222;K+_tot=0.2281 _ nan _ ,2.7.4.20,,,,0.25,
5419,2685,,nucleoside-diphosphate kinase,,CHB_15422 + CHB_17552 = CHB_15996 + CHB_16761,ATP(aq) + GDP(aq) = ADP(aq) + GTP(aq),,78LYN/GUY,,,311.15,7,0.78,,fluorimetry and spectrophotometry,,mol/L;IS=0.25;Mg2+_tot=0.0073;ATP=0.000204;GTP=0.00017;ADP=0.000214;GDP=0.00023;K+_tot=0.2281 _ nan _ ,2.7.4.21,,,,0.25,
5420,2686,,nucleoside-diphosphate kinase,,CHB_15422 + CHB_17552 = CHB_15996 + CHB_16761,ATP(aq) + GDP(aq) = ADP(aq) + GTP(aq),,78LYN/GUY,,,311.15,7,1.14,,fluorimetry and spectrophotometry,,mol/L;IS=0.25;Mg2+_tot=0.0073;ATP=0.000194;GTP=0.000187;ADP=0.000239;GDP=0.000203;K+_tot=0.2281 _ nan _ ,2.7.4.22,,,,0.25,
5421,2687,,nucleoside-diphosphate kinase,,CHB_15422 + CHB_17552 = CHB_15996 + CHB_16761,ATP(aq) + GDP(aq) = ADP(aq) + GTP(aq),,78LYN/GUY,,,311.15,7,1.05,,fluorimetry and spectrophotometry,,mol/L;IS=0.25;Mg2+_tot=0.0137;ATP=0.000176;GTP=0.0002;ADP=0.000188;GDP=0.000204;K+_tot=0.2089 _ nan _ ,2.7.4.23,,,,0.25,
5422,2688,,nucleoside-diphosphate kinase,,CHB_15422 + CHB_17552 = CHB_15996 + CHB_16761,ATP(aq) + GDP(aq) = ADP(aq) + GTP(aq),,78LYN/GUY,,,311.15,7,0.64,,fluorimetry and spectrophotometry,,mol/L;IS=0.25;Mg2+_tot=0.0137;ATP=0.000204;GTP=0.000152;ADP=0.000199;GDP=0.00023;K+_tot=0.2089 _ nan _ ,2.7.4.24,,,,0.25,
5423,2689,,nucleoside-diphosphate kinase,,CHB_15422 + CHB_17552 = CHB_15996 + CHB_16761,ATP(aq) + GDP(aq) = ADP(aq) + GTP(aq),,78LYN/GUY,,,311.15,7,0.69,,fluorimetry and spectrophotometry,,mol/L;IS=0.25;Mg2+_tot=0.0137;ATP=0.000209;GTP=0.000155;ADP=0.000196;GDP=0.000211;K+_tot=0.2089 _ nan _ ,2.7.4.25,,,,0.25,
5424,2690,,nucleoside-diphosphate kinase,,CHB_15422 + CHB_17552 = CHB_15996 + CHB_16761,ATP(aq) + GDP(aq) = ADP(aq) + GTP(aq),,78LYN/GUY,,,311.15,7,1.08,,fluorimetry and spectrophotometry,,mol/L;IS=0.25;Mg2+_tot=0.02;ATP=0.000175;GTP=0.000201;ADP=0.000188;GDP=0.0002;K+_tot=0.19 _ nan _ ,2.7.4.26,,,,0.25,
5425,2691,,nucleoside-diphosphate kinase,,CHB_15422 + CHB_17552 = CHB_15996 + CHB_16761,ATP(aq) + GDP(aq) = ADP(aq) + GTP(aq),,78LYN/GUY,,,311.15,7,1.12,,fluorimetry and spectrophotometry,,mol/L;IS=0.25;Mg2+_tot=0.02;ATP=0.000167;GTP=0.000166;ADP=0.000207;GDP=0.000183;K+_tot=0.19 _ nan _ ,2.7.4.27,,,,0.25,
5426,2692,,nucleoside-diphosphate kinase,,CHB_15422 + CHB_17552 = CHB_15996 + CHB_16761,ATP(aq) + GDP(aq) = ADP(aq) + GTP(aq),,78LYN/GUY,,,311.15,7,1.4,,fluorimetry and spectrophotometry,,mol/L;IS=0.25;Mg2+_tot=0.02;ATP=0.000162;GTP=0.000173;ADP=0.000215;GDP=0.000164;K+_tot=0.19 _ nan _ ,2.7.4.28,,,,0.25,
5427,2815,,glyceraldehyde-3-phosphate dehydrogenase,,CHB_15846 + CHB_26078 + CHB_29052 = CHB_16001 + CHB_16908,D-glyceraldehyde 3-phosphate(aq) + orthophosphate(aq) + NAD(aq) = 3-phospho-D-glyceroyl phosphate(aq) + NADH(aq),,79COR/LEA,,,311.15,6.91,0.41,,enzymatic assay and spectrophotometry,potassium phosphate,mol/L;IS=0.25;(Mg)1=0.00064 _ Mg2+ (0.00064 mol/L) _ ,1.2.1.12,,,,0.25,
5428,2883,,fructose-biphosphatase,,CHB_15377 + CHB_40595 = CHB_26078 + CHB_61553,"D-fructose 1,6-bisphosphate(aq) + H2O(l) = D-fructose 6-phosphate(aq) + orthophosphate(aq)",,79LAW/VEE,,,311.15,6.95,244,,enzymatic assay; spectrophotometry,phosphate (0.104 mol dm-3),"mol/L;D-fructose 1,6-bisphosphate=0.00000386;D-fructose 6-phosphate=0.00886;orthophosphate=0.101;IS=0.25;Mn2+_tot=0.000025;K+_tot=0.249925 _ nan _ ",3.1.3.11,,,,0.25,
5429,2885,,fructose-biphosphatase,,CHB_15377 + CHB_40595 = CHB_26078 + CHB_61553,"D-fructose 1,6-bisphosphate(aq) + H2O(l) = D-fructose 6-phosphate(aq) + orthophosphate(aq)",,79LAW/VEE,,,311.15,6.95,211,,enzymatic assay; spectrophotometry,phosphate (0.104 mol dm-3),"mol/L;D-fructose 1,6-bisphosphate=0.00000424;D-fructose 6-phosphate=0.00877;orthophosphate=0.102;IS=0.25;Mn2+_tot=0.000025;K+_tot=0.249925 _ nan _ ",3.1.3.11,,,,0.25,
5430,2886,,fructose-biphosphatase,,CHB_15377 + CHB_40595 = CHB_26078 + CHB_61553,"D-fructose 1,6-bisphosphate(aq) + H2O(l) = D-fructose 6-phosphate(aq) + orthophosphate(aq)",,79LAW/VEE,,,311.15,6.95,222,,enzymatic assay; spectrophotometry,phosphate (0.104 mol dm-3),"mol/L;D-fructose 1,6-bisphosphate=0.0000043;D-fructose 6-phosphate=0.00908;orthophosphate=0.105;IS=0.25;Mn2+_tot=0.000025;K+_tot=0.249925 _ nan _ ",3.1.3.11,,,,0.25,
5431,2887,,fructose-biphosphatase,,CHB_15377 + CHB_40595 = CHB_26078 + CHB_61553,"D-fructose 1,6-bisphosphate(aq) + H2O(l) = D-fructose 6-phosphate(aq) + orthophosphate(aq)",,79LAW/VEE,,,311.15,6.99,154,,enzymatic assay; spectrophotometry,phosphate (0.104 mol dm-3),"mol/L;D-fructose 1,6-bisphosphate=0.00000348;D-fructose 6-phosphate=0.00525;orthophosphate=0.102;IS=0.25;Mg2+_tot=0.00604;K+_tot=0.23188 _ nan _ ",3.1.3.11,,,,0.25,
5432,2889,,fructose-biphosphatase,,CHB_15377 + CHB_40595 = CHB_26078 + CHB_61553,"D-fructose 1,6-bisphosphate(aq) + H2O(l) = D-fructose 6-phosphate(aq) + orthophosphate(aq)",,79LAW/VEE,,,311.15,6.99,203,,enzymatic assay; spectrophotometry,phosphate (0.104 mol dm-3),"mol/L;D-fructose 1,6-bisphosphate=0.0000105;D-fructose 6-phosphate=0.0208;orthophosphate=0.102;IS=0.25;Mg2+_tot=0.00604;K+_tot=0.23188 _ nan _ ",3.1.3.11,,,,0.25,
5433,2890,,fructose-biphosphatase,,CHB_15377 + CHB_40595 = CHB_26078 + CHB_61553,"D-fructose 1,6-bisphosphate(aq) + H2O(l) = D-fructose 6-phosphate(aq) + orthophosphate(aq)",,79LAW/VEE,,,311.15,6.99,201,,enzymatic assay; spectrophotometry,phosphate (0.104 mol dm-3),"mol/L;D-fructose 1,6-bisphosphate=0.0000108;D-fructose 6-phosphate=0.0212;orthophosphate=0.102;IS=0.25;Mg2+_tot=0.00604;K+_tot=0.23188 _ nan _ ",3.1.3.11,,,,0.25,
5434,2891,,fructose-biphosphatase,,CHB_15377 + CHB_40595 = CHB_26078 + CHB_61553,"D-fructose 1,6-bisphosphate(aq) + H2O(l) = D-fructose 6-phosphate(aq) + orthophosphate(aq)",,79LAW/VEE,,,311.15,6.99,166,,enzymatic assay; spectrophotometry,phosphate (0.104 mol dm-3),"mol/L;D-fructose 1,6-bisphosphate=0.00000648;D-fructose 6-phosphate=0.0108;orthophosphate=0.101;IS=0.25;Mg2+_tot=0.00604;K+_tot=0.23188 _ nan _ ",3.1.3.11,,,,0.25,
5435,2892,,fructose-biphosphatase,,CHB_15377 + CHB_40595 = CHB_26078 + CHB_61553,"D-fructose 1,6-bisphosphate(aq) + H2O(l) = D-fructose 6-phosphate(aq) + orthophosphate(aq)",,79LAW/VEE,,,311.15,6.99,184,,enzymatic assay; spectrophotometry,phosphate (0.104 mol dm-3),"mol/L;D-fructose 1,6-bisphosphate=0.00000616;D-fructose 6-phosphate=0.0108;orthophosphate=0.105;IS=0.25;Mg2+_tot=0.00604;K+_tot=0.23188 _ nan _ ",3.1.3.11,,,,0.25,
5436,2893,,fructose-biphosphatase,,CHB_15377 + CHB_40595 = CHB_26078 + CHB_61553,"D-fructose 1,6-bisphosphate(aq) + H2O(l) = D-fructose 6-phosphate(aq) + orthophosphate(aq)",,79LAW/VEE,,,311.15,6.99,154,,enzymatic assay; spectrophotometry,phosphate (0.104 mol dm-3),"mol/L;D-fructose 1,6-bisphosphate=0.00000734;D-fructose 6-phosphate=0.011;orthophosphate=0.102;IS=0.25;Mg2+_tot=0.00604;K+_tot=0.23188 _ nan _ ",3.1.3.11,,,,0.25,
5437,2894,,fructose-biphosphatase,,CHB_15377 + CHB_40595 = CHB_26078 + CHB_61553,"D-fructose 1,6-bisphosphate(aq) + H2O(l) = D-fructose 6-phosphate(aq) + orthophosphate(aq)",,79LAW/VEE,,,311.15,6.99,160,,enzymatic assay; spectrophotometry,phosphate (0.104 mol dm-3),"mol/L;D-fructose 1,6-bisphosphate=0.0000071;D-fructose 6-phosphate=0.0108;orthophosphate=0.105;IS=0.25;Mg2+_tot=0.00604;K+_tot=0.23188 _ nan _ ",3.1.3.11,,,,0.25,
5438,2897,,alkaline phosphatase,,CHB_15377 + CHB_4170 = CHB_26078 + CHB_4167,D-glucose 6-phosphate(aq) + H2O(l) = D-glucose(aq) + orthophosphate(aq),,79LAW/VEE,,,311.15,6.99,113,,enzymatic assay; spectrophotometry,phosphate (0.098 mol dm-3),mol/L;D-glucose 6-phosphate=0.0000449;D-glucose=0.0523;orthophosphate=0.0968;IS=0.25;Zn2+_tot=0.000025;K+_tot=0.249925 _ nan _ ,3.1.3.1,,,,0.25,
5439,2898,,alkaline phosphatase,,CHB_15377 + CHB_4170 = CHB_26078 + CHB_4167,D-glucose 6-phosphate(aq) + H2O(l) = D-glucose(aq) + orthophosphate(aq),,79LAW/VEE,,,311.15,6.99,108,,enzymatic assay; spectrophotometry,phosphate (0.098 mol dm-3),mol/L;D-glucose 6-phosphate=0.0000474;D-glucose=0.0529;orthophosphate=0.0968;IS=0.25;Zn2+_tot=0.000025;K+_tot=0.249925 _ nan _ ,3.1.3.1,,,,0.25,
5440,2899,,alkaline phosphatase,,CHB_15377 + CHB_4170 = CHB_26078 + CHB_4167,D-glucose 6-phosphate(aq) + H2O(l) = D-glucose(aq) + orthophosphate(aq),,79LAW/VEE,,,311.15,6.99,108,,enzymatic assay; spectrophotometry,phosphate (0.098 mol dm-3),mol/L;D-glucose 6-phosphate=0.0000898;D-glucose=0.102;orthophosphate=0.095;IS=0.25;Zn2+_tot=0.000025;K+_tot=0.249925 _ nan _ ,3.1.3.1,,,,0.25,
5441,2900,,alkaline phosphatase,,CHB_15377 + CHB_4170 = CHB_26078 + CHB_4167,D-glucose 6-phosphate(aq) + H2O(l) = D-glucose(aq) + orthophosphate(aq),,79LAW/VEE,,,311.15,6.99,109,,enzymatic assay; spectrophotometry,phosphate (0.098 mol dm-3),mol/L;D-glucose 6-phosphate=0.0000922;D-glucose=0.104;orthophosphate=0.0968;IS=0.25;Zn2+_tot=0.000025;K+_tot=0.249925 _ nan _ ,3.1.3.1,,,,0.25,
5442,2901,,alkaline phosphatase,,CHB_15377 + CHB_4170 = CHB_26078 + CHB_4167,D-glucose 6-phosphate(aq) + H2O(l) = D-glucose(aq) + orthophosphate(aq),,79LAW/VEE,,,311.15,6.99,109,,enzymatic assay; spectrophotometry,phosphate (0.098 mol dm-3),mol/L;D-glucose 6-phosphate=0.000091;D-glucose=0.104;orthophosphate=0.0958;IS=0.25;Zn2+_tot=0.000025;K+_tot=0.249925 _ nan _ ,3.1.3.1,,,,0.25,
5443,2902,,alkaline phosphatase,,CHB_15377 + CHB_4170 = CHB_26078 + CHB_4167,D-glucose 6-phosphate(aq) + H2O(l) = D-glucose(aq) + orthophosphate(aq),,79LAW/VEE,,,311.15,6.99,109,,enzymatic assay; spectrophotometry,phosphate (0.098 mol dm-3),mol/L;D-glucose 6-phosphate=0.0000922;D-glucose=0.105;orthophosphate=0.0957;IS=0.25;Zn2+_tot=0.000025;K+_tot=0.249925 _ nan _ ,3.1.3.1,,,,0.25,
5444,2903,,alkaline phosphatase,,CHB_15377 + CHB_4170 = CHB_26078 + CHB_4167,D-glucose 6-phosphate(aq) + H2O(l) = D-glucose(aq) + orthophosphate(aq),,79LAW/VEE,,,311.15,6.99,110,,enzymatic assay; spectrophotometry,phosphate (0.098 mol dm-3),mol/L;D-glucose 6-phosphate=0.0000947;D-glucose=0.105;orthophosphate=0.0996;IS=0.25;Mg2+_tot=0.00604;K+_tot=0.23188 _ nan _ ,3.1.3.1,,,,0.25,
5445,2904,,alkaline phosphatase,,CHB_15377 + CHB_4170 = CHB_26078 + CHB_4167,D-glucose 6-phosphate(aq) + H2O(l) = D-glucose(aq) + orthophosphate(aq),,79LAW/VEE,,,311.15,6.99,107,,enzymatic assay; spectrophotometry,phosphate (0.098 mol dm-3),mol/L;D-glucose 6-phosphate=0.000093;D-glucose=0.106;orthophosphate=0.0942;IS=0.25;Mg2+_tot=0.00604;K+_tot=0.23188 _ nan _ ,3.1.3.1,,,,0.25,
5446,2905,,alkaline phosphatase,,CHB_15377 + CHB_4170 = CHB_26078 + CHB_4167,D-glucose 6-phosphate(aq) + H2O(l) = D-glucose(aq) + orthophosphate(aq),,79LAW/VEE,,,311.15,6.99,110,,enzymatic assay; spectrophotometry,phosphate (0.098 mol dm-3),mol/L;D-glucose 6-phosphate=0.0000449;D-glucose=0.051;orthophosphate=0.0969;IS=0.25;Mg2+_tot=0.00604;K+_tot=0.23188 _ nan _ ,3.1.3.1,,,,0.25,
5447,2906,,alkaline phosphatase,,CHB_15377 + CHB_4170 = CHB_26078 + CHB_4167,D-glucose 6-phosphate(aq) + H2O(l) = D-glucose(aq) + orthophosphate(aq),,79LAW/VEE,,,311.15,6.99,111,,enzymatic assay; spectrophotometry,phosphate (0.098 mol dm-3),mol/L;D-glucose 6-phosphate=0.0000465;D-glucose=0.052;orthophosphate=0.0983;IS=0.25;Mg2+_tot=0.00604;K+_tot=0.23188 _ nan _ ,3.1.3.1,,,,0.25,
5448,2907,,alkaline phosphatase,,CHB_15377 + CHB_4170 = CHB_26078 + CHB_4167,D-glucose 6-phosphate(aq) + H2O(l) = D-glucose(aq) + orthophosphate(aq),,79LAW/VEE,,,311.15,6.99,114,,enzymatic assay; spectrophotometry,phosphate (0.098 mol dm-3),mol/L;D-glucose 6-phosphate=0.0000914;D-glucose=0.108;orthophosphate=0.0969;IS=0.25;Mg2+_tot=0.00604;K+_tot=0.23188 _ nan _ ,3.1.3.1,,,,0.25,
5449,2908,,alkaline phosphatase,,CHB_15377 + CHB_4170 = CHB_26078 + CHB_4167,D-glucose 6-phosphate(aq) + H2O(l) = D-glucose(aq) + orthophosphate(aq),,79LAW/VEE,,,311.15,6.99,109,,enzymatic assay; spectrophotometry,phosphate (0.098 mol dm-3),mol/L;D-glucose 6-phosphate=0.0000964;D-glucose=0.108;orthophosphate=0.0969;IS=0.25;Mg2+_tot=0.00604;K+_tot=0.23188 _ nan _ ,3.1.3.1,,,,0.25,
5450,2909,,alkaline phosphatase,,CHB_15377 + CHB_4170 = CHB_26078 + CHB_4167,D-glucose 6-phosphate(aq) + H2O(l) = D-glucose(aq) + orthophosphate(aq),,79LAW/VEE,,,311.15,6.99,109,,enzymatic assay; spectrophotometry,phosphate (0.098 mol dm-3),mol/L;D-glucose 6-phosphate=0.000098;D-glucose=0.109;orthophosphate=0.0983;IS=0.25;Mg2+_tot=0.00604;K+_tot=0.23188 _ nan _ ,3.1.3.1,,,,0.25,
5451,2910,,alkaline phosphatase,,CHB_15377 + CHB_4170 = CHB_26078 + CHB_4167,D-glucose 6-phosphate(aq) + H2O(l) = D-glucose(aq) + orthophosphate(aq),,79LAW/VEE,,,311.15,6.99,106,,enzymatic assay; spectrophotometry,phosphate (0.098 mol dm-3),mol/L;D-glucose 6-phosphate=0.0000964;D-glucose=0.106;orthophosphate=0.0942;IS=0.25;Mg2+_tot=0.00604;K+_tot=0.23188 _ nan _ ,3.1.3.1,,,,0.25,
5452,2911,,xylose isomerase,,CHB_4167 = CHB_37721,D-glucose(aq) = D-fructose(aq),,79MCK/TAV,,,323.15,8,0.837899364,,polarimetry,,mol/L;(Mg)1(SO4)1=0.01;D-glucose=0.108819886;D-fructose=0.091180114 _ nan _ ,5.3.1.5,,,,,
5453,2912,,xylose isomerase,,CHB_4167 = CHB_37721,D-glucose(aq) = D-fructose(aq),,79MCK/TAV,,,333.15,8,1.324423982,,polarimetry,,mol/L;(Mg)1(SO4)1=0.01;D-glucose=0.086042822;D-fructose=0.113957178 _ nan _ ,5.3.1.5,,,,,
5454,2913,,xylose isomerase,,CHB_4167 = CHB_37721,D-glucose(aq) = D-fructose(aq),,79MCK/TAV,,,343.15,8,1.059497358,,polarimetry,,mol/L;(Mg)1(SO4)1=0.01;D-glucose=0.097111074;D-fructose=0.102888926 _ nan _ ,5.3.1.5,,,,,
5455,2914,,xylose isomerase,,CHB_4167 = CHB_37721,D-glucose(aq) = D-fructose(aq),,79MCK/TAV,,,353.15,8,1.11536981,,polarimetry,,mol/L;(Mg)1(SO4)1=0.01;D-glucose=0.094546116;D-fructose=0.105453884 _ nan _ ,5.3.1.5,,,,,
5456,2915,,"2,3-dimethylmalate lyase",,CHB_15590 = CHB_15361 + CHB_17272,"2,3-dimethylmalate(aq) = propanoate(aq) + pyruvate(aq)",,79PIR/LIL,,,298.15,8,0.61,,gas chromatography and spectrophotometry,Tris (0.10 mol dm-3),"mol/L;Tris buffer=0.1;(Mg)1(Cl)2=0.002;DTT=0.005;propanoate=0.00838475;pyruvate=0.00838475;2,3-dimethylmalate=0.000115252;IS=0.092 _ nan _ ",4.1.3.32,,,,,
5457,2916,,"2,3-dimethylmalate lyase",,CHB_15590 = CHB_15361 + CHB_17272,"2,3-dimethylmalate(aq) = propanoate(aq) + pyruvate(aq)",,79PIR/LIL,,,298.15,8,0.41,,gas chromatography and spectrophotometry,Tris (0.10 mol dm-3),"mol/L;Tris buffer=0.1;(Mg)1(Cl)2=0.002;DTT=0.005;propanoate=0.0202499;pyruvate=0.0202499;2,3-dimethylmalate=0.00100014;IS=0.157 _ nan _ ",4.1.3.32,,,,,
5458,2917,,"2,3-dimethylmalate lyase",,CHB_15590 = CHB_15361 + CHB_17272,"2,3-dimethylmalate(aq) = propanoate(aq) + pyruvate(aq)",,79PIR/LIL,,,298.15,8,0.4,,gas chromatography and spectrophotometry,Tris (0.10 mol dm-3),"mol/L;Tris buffer=0.1;(Mg)1(Cl)2=0.002;DTT=0.005;propanoate=0.0387467;pyruvate=0.0387467;2,3-dimethylmalate=0.00375327;IS=0.266 _ nan _ ",4.1.3.32,,,,,
5459,2919,,"2,3-dimethylmalate lyase",,CHB_15590 = CHB_15361 + CHB_17272,"2,3-dimethylmalate(aq) = propanoate(aq) + pyruvate(aq)",,79PIR/LIL,,,298.15,8,0.59,,gas chromatography and spectrophotometry,Tris (0.10 mol dm-3),"mol/L;Tris buffer=0.1;(Mg)1(Cl)2=0.002;DTT=0.005;propanoate=0.0376034;pyruvate=0.0376034;2,3-dimethylmalate=0.00239663;IS=0.133 _ nan _ ",4.1.3.32,,,,,
5460,2920,,"2,3-dimethylmalate lyase",,CHB_15590 = CHB_15361 + CHB_17272,"2,3-dimethylmalate(aq) = propanoate(aq) + pyruvate(aq)",,79PIR/LIL,,,298.15,8,0.45,,gas chromatography and spectrophotometry,Tris (0.10 mol dm-3),"mol/L;Tris buffer=0.1;(Mg)1(Cl)2=0.002;DTT=0.005;propanoate=0.0842329;pyruvate=0.0842329;2,3-dimethylmalate=0.0157671;IS=0.265 _ nan _ ",4.1.3.32,,,,,
5461,2948,,pyruvate kinase,,CHB_15361 + PBC_123766 = CHB_18021 + PBC_6912713,ATP-b--S(aq) + pyruvate(aq) = ADP-b--S(aq) + phosphoenolpyruvate(aq),,80LER/COH,,,303.15,8,0.019,,NMR,,mol/L;HEPES=0.2;magnesium acetate=0.038;EDTA=0.005;ADP-b--S=0.00363427;phosphoenolpyruvate=0.00363427;ATP-b--S=0.0263657;pyruvate=0.0263657 _ nan _ ,,,,,,
5462,2986,,phosphoglycerate dehydrogenase,,CHB_15846 + CHB_17794 = CHB_16908 + CHB_18110,3-phospho-D-glycerate(aq) + NAD(aq) = 3-phosphohydroxypyruvate(aq) + NADH(aq),,81MER/MCA,,,311.15,7.12,2.73e-06,,enzymatic assay and spectrophotometry,phosphate (0.025 mol dm-3),mol/L; IS=0.25;(Mg)1=0.005;NADH=0.0000243;3-phosphohydroxypyruvate=0.0000243;NAD=0.0117;3-phospho-D-glycerate=0.014;Mg2+_free=0.00154 _ nan _ ,1.1.1.95,,,,0.25,
5463,2987,,phosphoglycerate dehydrogenase,,CHB_15846 + CHB_17794 = CHB_16908 + CHB_18110,3-phospho-D-glycerate(aq) + NAD(aq) = 3-phosphohydroxypyruvate(aq) + NADH(aq),,81MER/MCA,,,311.15,7.11,2.98e-06,,enzymatic assay and spectrophotometry,phosphate (0.025 mol dm-3),mol/L; IS=0.25;(Mg)1=0.005;NADH=0.0000233;3-phosphohydroxypyruvate=0.000027;NAD=0.0117;3-phospho-D-glycerate=0.014;Mg2+_free=0.00154 _ nan _ ,1.1.1.95,,,,0.25,
5464,2988,,phosphoglycerate dehydrogenase,,CHB_15846 + CHB_17794 = CHB_16908 + CHB_18110,3-phospho-D-glycerate(aq) + NAD(aq) = 3-phosphohydroxypyruvate(aq) + NADH(aq),,81MER/MCA,,,311.15,7.12,2.48e-06,,enzymatic assay and spectrophotometry,phosphate (0.025 mol dm-3),mol/L; IS=0.25;(Mg)1=0.02;NADH=0.0000227;3-phosphohydroxypyruvate=0.0000227;NAD=0.0116;3-phospho-D-glycerate=0.014;Mg2+_free=0.00708 _ nan _ ,1.1.1.95,,,,0.25,
5465,2998,,phosphoserine transaminase,,CHB_18110 + CHB_29985 = CHB_15811 + CHB_16810,3-phosphonooxypyruvate(aq) + L-glutamate(aq) = 2-oxoglutarate(aq) + O-phospho-L-serine(aq),,81MER/MCA,,,311.15,6.98,91.37,,enzymatic assay and spectrophotometry,phosphate (0.025 mol dm-3),mol/L; IS=0.25 _ nan _ ,2.6.1.52,,,,0.25,
5466,3081,,glycerate dehydrogenase,,CHB_15846 + CHB_16659 = CHB_16908 + CHB_30841,(R)-glycerate(aq) + NAD(aq) = hydroxypyruvate(aq) + NADH(aq),,82GUY,,,311.15,6.41,1.09254e-06,,spectrophotometry,potassium phosphate (0.025 mol dm-3),mol/L;IS=0.25;(R)-glycerate=0.0637;hydroxypyruvate=0.0000252;NADH=0.0000252;NAD=0.0091248;K+_tot=0.24305 _ nan _ ,1.1.1.29,,,,0.25,
5467,3083,,glycerate dehydrogenase,,CHB_15846 + CHB_16659 = CHB_16908 + CHB_30841,(R)-glycerate(aq) + NAD(aq) = hydroxypyruvate(aq) + NADH(aq),,82GUY,,,311.15,6.96,3.35349e-06,,spectrophotometry,potassium phosphate (0.025 mol dm-3),mol/L;IS=0.25;(R)-glycerate=0.00502;hydroxypyruvate=0.0000111;NADH=0.0000111;NAD=0.0073189;K+_tot=0.234625 _ nan _ ,1.1.1.29,,,,0.25,
5468,3084,,glycerate dehydrogenase,,CHB_15846 + CHB_16659 = CHB_16908 + CHB_30841,(R)-glycerate(aq) + NAD(aq) = hydroxypyruvate(aq) + NADH(aq),,82GUY,,,311.15,7.22,6.89124e-06,,spectrophotometry,potassium phosphate (0.025 mol dm-3),mol/L;IS=0.25;(R)-glycerate=0.0101;hydroxypyruvate=0.0000178;NADH=0.0000178;NAD=0.0045522;K+_tot=0.232075 _ nan _ ,1.1.1.29,,,,0.25,
5469,3085,,glycerate dehydrogenase,,CHB_15846 + CHB_16659 = CHB_16908 + CHB_30841,(R)-glycerate(aq) + NAD(aq) = hydroxypyruvate(aq) + NADH(aq),,82GUY,,,311.15,7.72,2.26083e-05,,spectrophotometry,potassium phosphate (0.025 mol dm-3),mol/L;IS=0.25;(R)-glycerate=0.0644;hydroxypyruvate=0.000114;NADH=0.000114;NAD=0.008926;K+_tot=0.228 _ nan _ ,1.1.1.29,,,,0.25,
5470,3086,,glycerate dehydrogenase,,CHB_15846 + CHB_16659 = CHB_16908 + CHB_30841,(R)-glycerate(aq) + NAD(aq) = hydroxypyruvate(aq) + NADH(aq),,82GUY,,,311.15,7.72,2.1817e-05,,spectrophotometry,potassium phosphate (0.025 mol dm-3),mol/L;IS=0.25;(R)-glycerate=0.0644;hydroxypyruvate=0.000112;NADH=0.000112;NAD=0.008928;K+_tot=0.228 _ nan _ ,1.1.1.29,,,,0.25,
5471,3087,,glycerate dehydrogenase,,CHB_15846 + CHB_16659 = CHB_16908 + CHB_30841,(R)-glycerate(aq) + NAD(aq) = hydroxypyruvate(aq) + NADH(aq),,82GUY,,,311.15,7.8,3.25924e-05,,spectrophotometry,potassium phosphate (0.025 mol dm-3),mol/L;IS=0.25;(R)-glycerate=0.0646;hydroxypyruvate=0.000116;NADH=0.000169;NAD=0.009311;K+_tot=0.2273 _ nan _ ,1.1.1.29,,,,0.25,
5472,3088,,glycerate dehydrogenase,,CHB_15846 + CHB_16659 = CHB_16908 + CHB_30841,(R)-glycerate(aq) + NAD(aq) = hydroxypyruvate(aq) + NADH(aq),,82GUY,,,311.15,6.41,1.15417e-06,,spectrophotometry,potassium phosphate (0.025 mol dm-3),mol/L;IS=0.25;(R)-glycerate=0.0637;hydroxypyruvate=0.0000259;NADH=0.0000259;NAD=0.0091241;K+_tot=0.24305 _ nan _ ,1.1.1.29,,,,0.25,
5473,3089,,glycerate dehydrogenase,,CHB_15846 + CHB_16659 = CHB_16908 + CHB_30841,(R)-glycerate(aq) + NAD(aq) = hydroxypyruvate(aq) + NADH(aq),,82GUY,,,311.15,6.49,9.30319e-07,,spectrophotometry,potassium phosphate (0.025 mol dm-3),mol/L;IS=0.25;(R)-glycerate=0.0637;hydroxypyruvate=0.0000078;NADH=0.0000706;NAD=0.0092924;K+_tot=0.24175 _ nan _ ,1.1.1.29,,,,0.25,
5474,3090,,glycerate dehydrogenase,,CHB_15846 + CHB_16659 = CHB_16908 + CHB_30841,(R)-glycerate(aq) + NAD(aq) = hydroxypyruvate(aq) + NADH(aq),,82GUY,,,311.15,7.03,4.56213e-06,,spectrophotometry,potassium phosphate (0.025 mol dm-3),mol/L;IS=0.25;(R)-glycerate=0.0645;hydroxypyruvate=0.0000516;NADH=0.0000516;NAD=0.0090484;K+_tot=0.234625 _ nan _ ,1.1.1.29,,,,0.25,
5475,3093,,glycerate dehydrogenase,,CHB_15846 + CHB_16659 = CHB_16908 + CHB_30841,(R)-glycerate(aq) + NAD(aq) = hydroxypyruvate(aq) + NADH(aq),,82GUY,,,311.15,6.98,5.43988e-06,,spectrophotometry,potassium phosphate (0.025 mol dm-3),mol/L;IS=0.25;(R)-glycerate=0.0683;hydroxypyruvate=0.0000408;NADH=0.0000862;NAD=0.0094658;K+_tot=0.234625 _ nan _ ,1.1.1.29,,,,0.25,
5476,3094,,glycerate dehydrogenase,,CHB_15846 + CHB_16659 = CHB_16908 + CHB_30841,(R)-glycerate(aq) + NAD(aq) = hydroxypyruvate(aq) + NADH(aq),,82GUY,,,311.15,8.05,6.22693e-05,,spectrophotometry,potassium phosphate (0.025 mol dm-3),mol/L;IS=0.25;(R)-glycerate=0.00993;hydroxypyruvate=0.0000666;NADH=0.0000666;NAD=0.0071734;K+_tot=0.2265 _ nan _ ,1.1.1.29,,,,0.25,
5477,3095,,glycerate dehydrogenase,,CHB_15846 + CHB_16659 = CHB_16908 + CHB_30841,(R)-glycerate(aq) + NAD(aq) = hydroxypyruvate(aq) + NADH(aq),,82GUY,,,311.15,6.98,4.06348e-06,,spectrophotometry,potassium phosphate (0.025 mol dm-3),mol/L;IS=0.25;(R)-glycerate=0.0682;hydroxypyruvate=0.0000786;NADH=0.0000331;NAD=0.0093879;K+_tot=0.234625 _ nan _ ,1.1.1.29,,,,0.25,
5478,3096,,glycerate dehydrogenase,,CHB_15846 + CHB_16659 = CHB_16908 + CHB_30841,(R)-glycerate(aq) + NAD(aq) = hydroxypyruvate(aq) + NADH(aq),,82GUY,,,311.15,6.98,3.77884e-06,,spectrophotometry,potassium phosphate (0.025 mol dm-3),mol/L;IS=0.25;(R)-glycerate=0.0682;hydroxypyruvate=0.0000783;NADH=0.0000309;NAD=0.0093881;K+_tot=0.234625 _ nan _ ,1.1.1.29,,,,0.25,
5479,3097,,glycerate dehydrogenase,,CHB_15846 + CHB_16659 = CHB_16908 + CHB_30841,(R)-glycerate(aq) + NAD(aq) = hydroxypyruvate(aq) + NADH(aq),,82GUY,,,311.15,6.98,3.79427e-06,,spectrophotometry,potassium phosphate (0.025 mol dm-3),mol/L;IS=0.25;(R)-glycerate=0.0682;hydroxypyruvate=0.0000799;NADH=0.0000304;NAD=0.0093866;K+_tot=0.234625 _ nan _ ,1.1.1.29,,,,0.25,
5480,3098,,glycerate dehydrogenase,,CHB_15846 + CHB_16659 = CHB_16908 + CHB_30841,(R)-glycerate(aq) + NAD(aq) = hydroxypyruvate(aq) + NADH(aq),,82GUY,,,311.15,6.96,3.72964e-06,,spectrophotometry,potassium phosphate (0.025 mol dm-3),mol/L;IS=0.25;(R)-glycerate=0.0681;hydroxypyruvate=0.0000538;NADH=0.0000429;NAD=0.0090871;K+_tot=0.234625 _ nan _ ,1.1.1.29,,,,0.25,
5481,3099,,glycerate dehydrogenase,,CHB_15846 + CHB_16659 = CHB_16908 + CHB_30841,(R)-glycerate(aq) + NAD(aq) = hydroxypyruvate(aq) + NADH(aq),,82GUY,,,311.15,6.98,3.78794e-06,,spectrophotometry,potassium phosphate (0.025 mol dm-3),mol/L;IS=0.25;(R)-glycerate=0.0681;hydroxypyruvate=0.0000542;NADH=0.0000432;NAD=0.0090768;K+_tot=0.234625 _ nan _ ,1.1.1.29,,,,0.25,
5482,3101,,glycerate dehydrogenase,,CHB_15846 + CHB_16659 = CHB_16908 + CHB_30841,(R)-glycerate(aq) + NAD(aq) = hydroxypyruvate(aq) + NADH(aq),,82GUY,,,311.15,6.98,4.2458e-06,,spectrophotometry,potassium phosphate (0.025 mol dm-3),mol/L;IS=0.25;(R)-glycerate=0.0681;hydroxypyruvate=0.0000558;NADH=0.0000449;NAD=0.0086651;K+_tot=0.234625 _ nan _ ,1.1.1.29,,,,0.25,
5483,3102,,glycerate dehydrogenase,,CHB_15846 + CHB_16659 = CHB_16908 + CHB_30841,(R)-glycerate(aq) + NAD(aq) = hydroxypyruvate(aq) + NADH(aq),,82GUY,,,311.15,6.97,4.16066e-06,,spectrophotometry,potassium phosphate (0.025 mol dm-3),mol/L;IS=0.25;(R)-glycerate=0.0681;hydroxypyruvate=0.0000553;NADH=0.0000444;NAD=0.0086656;K+_tot=0.234625 _ nan _ ,1.1.1.29,,,,0.25,
5484,3103,,glycerate dehydrogenase,,CHB_15846 + CHB_16659 = CHB_16908 + CHB_30841,(R)-glycerate(aq) + NAD(aq) = hydroxypyruvate(aq) + NADH(aq),,82GUY,,,311.15,7,3.8e-06,,spectrophotometry,potassium phosphate (0.025 mol dm-3),mol/L;IS=0.0595;K+_tot=0.044125 _ nan _ ,1.1.1.29,,,,0.0595,
5485,3105,,glycerate dehydrogenase,,CHB_15846 + CHB_16659 = CHB_16908 + CHB_30841,(R)-glycerate(aq) + NAD(aq) = hydroxypyruvate(aq) + NADH(aq),,82GUY,,,311.15,7,5.4e-06,,spectrophotometry,potassium phosphate (0.025 mol dm-3),mol/L;IS=1;K+_tot=0.984625 _ nan _ ,1.1.1.29,,,,1,
5486,3106,,glycerate dehydrogenase,,CHB_15846 + CHB_16659 = CHB_16908 + CHB_30841,(R)-glycerate(aq) + NAD(aq) = hydroxypyruvate(aq) + NADH(aq),,82GUY,,,311.15,7,4.19e-06,,spectrophotometry,potassium phosphate (0.025 mol dm-3),mol/L;IS=0.25;Mg2+_free=0.001;Mg2+_tot=0.003;K+_tot=0.225625 _ MgCl2 (0.003 mol/L) _ ,1.1.1.29,,,,0.25,
5487,3107,,glycerate dehydrogenase,,CHB_15846 + CHB_16659 = CHB_16908 + CHB_30841,(R)-glycerate(aq) + NAD(aq) = hydroxypyruvate(aq) + NADH(aq),,82GUY,,,311.15,7,4.36e-06,,spectrophotometry,potassium phosphate (0.025 mol dm-3),mol/L;IS=0.25;Mg2+_free=0.0033;Mg2+_tot=0.01;K+_tot=0.204625 _ MgCl2 (0.01 mol/L) _ ,1.1.1.29,,,,0.25,
5488,3126,,serine-pyruvate transaminase,,CHB_16977 + CHB_30841 = CHB_15361 + CHB_17115,L-alanine(aq) + hydroxypyruvate(aq) = L-serine(aq) + pyruvate(aq),,82GUY,,,311.15,7,6.128898129,,spectrophotometry,potassium phosphate (0.025 mol dm-3),mol/L;IS=0.25;K+_tot=0.234625;L-alanine=0.0221;L-serine=0.0187;pyruvate=0.00804;hydroxypyruvate=0.00111 _ nan _ ,2.6.1.51,,,,0.25,
5489,3127,,serine-pyruvate transaminase,,CHB_16977 + CHB_30841 = CHB_15361 + CHB_17115,L-alanine(aq) + hydroxypyruvate(aq) = L-serine(aq) + pyruvate(aq),,82GUY,,,311.15,7,5.995536821,,spectrophotometry,potassium phosphate (0.025 mol dm-3),mol/L;IS=0.25;K+_tot=0.234625;L-alanine=0.0222;L-serine=0.0186;pyruvate=0.0078;hydroxypyruvate=0.00109 _ nan _ ,2.6.1.51,,,,0.25,
5490,3128,,serine-pyruvate transaminase,,CHB_16977 + CHB_30841 = CHB_15361 + CHB_17115,L-alanine(aq) + hydroxypyruvate(aq) = L-serine(aq) + pyruvate(aq),,82GUY,,,311.15,7,6.255411255,,spectrophotometry,potassium phosphate (0.025 mol dm-3),mol/L;IS=0.25;K+_tot=0.234625;L-alanine=0.0153;L-serine=0.0255;pyruvate=0.00578;hydroxypyruvate=0.00154 _ nan _ ,2.6.1.51,,,,0.25,
5491,3129,,serine-pyruvate transaminase,,CHB_16977 + CHB_30841 = CHB_15361 + CHB_17115,L-alanine(aq) + hydroxypyruvate(aq) = L-serine(aq) + pyruvate(aq),,82GUY,,,311.15,7,5.995385325,,spectrophotometry,potassium phosphate (0.025 mol dm-3),mol/L;IS=0.25;K+_tot=0.234625;L-alanine=0.0197;L-serine=0.0203;pyruvate=0.000384;hydroxypyruvate=0.000066 _ nan _ ,2.6.1.51,,,,0.25,
5492,3130,,serine-pyruvate transaminase,,CHB_16977 + CHB_30841 = CHB_15361 + CHB_17115,L-alanine(aq) + hydroxypyruvate(aq) = L-serine(aq) + pyruvate(aq),,82GUY,,,311.15,7,6.084602369,,spectrophotometry,potassium phosphate (0.025 mol dm-3),mol/L;IS=0.25;K+_tot=0.234625;L-alanine=0.0197;L-serine=0.0203;pyruvate=0.000372;hydroxypyruvate=0.000063 _ nan _ ,2.6.1.51,,,,0.25,
5493,3131,,serine-pyruvate transaminase,,CHB_16977 + CHB_30841 = CHB_15361 + CHB_17115,L-alanine(aq) + hydroxypyruvate(aq) = L-serine(aq) + pyruvate(aq),,82GUY,,,311.15,7,6.084602369,,spectrophotometry,potassium phosphate (0.025 mol dm-3),mol/L;IS=0.25;K+_tot=0.234625;L-alanine=0.0197;L-serine=0.0203;pyruvate=0.000372;hydroxypyruvate=0.000063 _ nan _ ,2.6.1.51,,,,0.25,
5494,3132,,serine-pyruvate transaminase,,CHB_16977 + CHB_30841 = CHB_15361 + CHB_17115,L-alanine(aq) + hydroxypyruvate(aq) = L-serine(aq) + pyruvate(aq),,82GUY,,,311.15,7,6.163618057,,spectrophotometry,potassium phosphate (0.025 mol dm-3),mol/L;IS=0.25;K+_tot=0.234625;L-alanine=0.0202;L-serine=0.0198;pyruvate=0.000371;hydroxypyruvate=0.000059 _ nan _ ,2.6.1.51,,,,0.25,
5495,3133,,serine-pyruvate transaminase,,CHB_16977 + CHB_30841 = CHB_15361 + CHB_17115,L-alanine(aq) + hydroxypyruvate(aq) = L-serine(aq) + pyruvate(aq),,82GUY,,,311.15,7,6.175247525,,spectrophotometry,potassium phosphate (0.025 mol dm-3),mol/L;IS=0.25;K+_tot=0.234625;L-alanine=0.0202;L-serine=0.0198;pyruvate=0.000378;hydroxypyruvate=0.00006 _ nan _ ,2.6.1.51,,,,0.25,
5496,3135,,serine-pyruvate transaminase,,CHB_16977 + CHB_30841 = CHB_15361 + CHB_17115,L-alanine(aq) + hydroxypyruvate(aq) = L-serine(aq) + pyruvate(aq),,82GUY,,,311.15,7,4.801641587,,spectrophotometry,potassium phosphate (0.025 mol dm-3),mol/L;IS=0.25;K+_tot=0.234625;L-alanine=0.0204;L-serine=0.0195;pyruvate=0.000432;hydroxypyruvate=0.000086 _ nan _ ,2.6.1.51,,,,0.25,
5497,3136,,serine-pyruvate transaminase,,CHB_16977 + CHB_30841 = CHB_15361 + CHB_17115,L-alanine(aq) + hydroxypyruvate(aq) = L-serine(aq) + pyruvate(aq),,82GUY,,,311.15,7,4.790526676,,spectrophotometry,potassium phosphate (0.025 mol dm-3),mol/L;IS=0.25;K+_tot=0.234625;L-alanine=0.0204;L-serine=0.0195;pyruvate=0.000431;hydroxypyruvate=0.000086 _ nan _ ,2.6.1.51,,,,0.25,
5498,3137,,serine-pyruvate transaminase,,CHB_16977 + CHB_30841 = CHB_15361 + CHB_17115,L-alanine(aq) + hydroxypyruvate(aq) = L-serine(aq) + pyruvate(aq),,82GUY,,,311.15,7,4.727055241,,spectrophotometry,potassium phosphate (0.025 mol dm-3),mol/L;IS=0.25;K+_tot=0.234625;L-alanine=0.0209;L-serine=0.0189;pyruvate=0.00046;hydroxypyruvate=0.000088 _ nan _ ,2.6.1.51,,,,0.25,
5499,3138,,serine-pyruvate transaminase,,CHB_16977 + CHB_30841 = CHB_15361 + CHB_17115,L-alanine(aq) + hydroxypyruvate(aq) = L-serine(aq) + pyruvate(aq),,82GUY,,,311.15,7,4.868532324,,spectrophotometry,potassium phosphate (0.025 mol dm-3),mol/L;IS=0.25;K+_tot=0.234625;L-alanine=0.0209;L-serine=0.0189;pyruvate=0.000463;hydroxypyruvate=0.000086 _ nan _ ,2.6.1.51,,,,0.25,
5500,3140,,serine-pyruvate transaminase,,CHB_16977 + CHB_30841 = CHB_15361 + CHB_17115,L-alanine(aq) + hydroxypyruvate(aq) = L-serine(aq) + pyruvate(aq),,82GUY,,,311.15,7,5.105810617,,spectrophotometry,potassium phosphate (0.025 mol dm-3),mol/L;IS=0.25;K+_tot=0.234625;L-alanine=0.0204;L-serine=0.0195;pyruvate=0.000438;hydroxypyruvate=0.000082 _ nan _ ,2.6.1.51,,,,0.25,
5501,3141,,serine-pyruvate transaminase,,CHB_16977 + CHB_30841 = CHB_15361 + CHB_17115,L-alanine(aq) + hydroxypyruvate(aq) = L-serine(aq) + pyruvate(aq),,82GUY,,,311.15,7,5.376940133,,spectrophotometry,potassium phosphate (0.025 mol dm-3),mol/L;IS=0.25;K+_tot=0.234625;L-alanine=0.0209;L-serine=0.019;pyruvate=0.000485;hydroxypyruvate=0.000082 _ nan _ ,2.6.1.51,,,,0.25,
5502,3142,,serine-pyruvate transaminase,,CHB_16977 + CHB_30841 = CHB_15361 + CHB_17115,L-alanine(aq) + hydroxypyruvate(aq) = L-serine(aq) + pyruvate(aq),,82GUY,,,311.15,7,4.907024793,,spectrophotometry,potassium phosphate (0.025 mol dm-3),mol/L;IS=0.25;K+_tot=0.234625;L-alanine=0.0209;L-serine=0.019;pyruvate=0.000475;hydroxypyruvate=0.000088 _ nan _ ,2.6.1.51,,,,0.25,
5503,3143,,serine-pyruvate transaminase,,CHB_16977 + CHB_30841 = CHB_15361 + CHB_17115,L-alanine(aq) + hydroxypyruvate(aq) = L-serine(aq) + pyruvate(aq),,82GUY,,,311.15,7,4.700868984,,spectrophotometry,potassium phosphate (0.025 mol dm-3),mol/L;IS=0.25;K+_tot=0.234625;L-alanine=0.0204;L-serine=0.0194;pyruvate=0.000435;hydroxypyruvate=0.000088 _ nan _ ,2.6.1.51,,,,0.25,
5504,3144,,serine-pyruvate transaminase,,CHB_16977 + CHB_30841 = CHB_15361 + CHB_17115,L-alanine(aq) + hydroxypyruvate(aq) = L-serine(aq) + pyruvate(aq),,82GUY,,,311.15,7,4.904531382,,spectrophotometry,potassium phosphate (0.025 mol dm-3),mol/L;IS=0.25;K+_tot=0.234625;L-alanine=0.0209;L-serine=0.0189;pyruvate=0.000461;hydroxypyruvate=0.000085 _ nan _ ,2.6.1.51,,,,0.25,
5505,3147,,serine-pyruvate transaminase,,CHB_16977 + CHB_30841 = CHB_15361 + CHB_17115,L-alanine(aq) + hydroxypyruvate(aq) = L-serine(aq) + pyruvate(aq),,82GUY,,,311.15,7,5.590646948,,spectrophotometry,potassium phosphate (0.025 mol dm-3),mol/L;IS=0.25;K+_tot=0.234625;L-alanine=0.0211;L-serine=0.0197;pyruvate=0.000497;hydroxypyruvate=0.000083 _ nan _ ,2.6.1.51,,,,0.25,
5506,3148,,serine-pyruvate transaminase,,CHB_16977 + CHB_30841 = CHB_15361 + CHB_17115,L-alanine(aq) + hydroxypyruvate(aq) = L-serine(aq) + pyruvate(aq),,82GUY,,,311.15,7,5.624948803,,spectrophotometry,potassium phosphate (0.025 mol dm-3),mol/L;IS=0.25;K+_tot=0.234625;L-alanine=0.0211;L-serine=0.0197;pyruvate=0.000488;hydroxypyruvate=0.000081 _ nan _ ,2.6.1.51,,,,0.25,
5507,3152,,serine-pyruvate transaminase,,CHB_16977 + CHB_30841 = CHB_15361 + CHB_17115,L-alanine(aq) + hydroxypyruvate(aq) = L-serine(aq) + pyruvate(aq),,82GUY,,,311.15,7,5.73,,spectrophotometry,potassium phosphate (0.025 mol dm-3),mol/L;IS=0.06;K+_tot=0.044625 _ nan _ ,2.6.1.51,,,,0.06,
5508,3250,,formate dehydrogenase (NADP+),,CHB_15740 + CHB_18009 = CHB_16474 + CHB_16526,formate(aq) + NADP(aq) = CO2(aq) + NADPH(aq),,83YAM/SAI,,,328.15,7.5,42.55,,spectrophotometry,triethanolamine-maleate (0.1 mol dm-3),mol/L;triethanolamine-maleate=0.1;sodium ascorbate=0.05;(Na)1(HCO3)1=0.04 _ nan _ ,1.2.1.43,,,,,
5509,3336,,UDPglucose 4-epimerase,,CHB_18066 = CHB_18307,UDPglucose(aq) = UDPgalactose(aq),,84DEY,,,303.15,9.5,0.31,,spectrophotometry,glycine (0.1 mol dm-3),mol/L;glycine buffer=0.1 _ nan _ ,5.1.3.2,,,,,
5510,3266,,inorganic pyrophosphatase,,CHB_15377 + CHB_18361 = 2 CHB_26078,pyrophosphate(aq) + H2O(l) = 2 orthophosphate(aq),,84DEM,,,308.15,7.8,72,,radioactivity,"Tris (0.050 mol dm-3) + HCl, (Tris + HCl) and imidazole","mol/L;Tris-HCl=0.05;orthophosphate=0.002;(Mg)1(Cl)2=0.01;pyrophosphate=0 _ MgCl2 (0.01 mol/L), orthophosphate (0.002 mol/L) _ ",3.6.1.1,,,,,
5511,3267,,inorganic pyrophosphatase,,CHB_15377 + CHB_18361 = 2 CHB_26078,pyrophosphate(aq) + H2O(l) = 2 orthophosphate(aq),,84DEM,,,308.15,7.8,82,,radioactivity,"Tris (0.050 mol dm-3) + HCl, (Tris + HCl) and imidazole","mol/L;Tris-HCl=0.05;orthophosphate=0.002;(Mg)1(Cl)2=0.01;pyrophosphate=0 _ MgCl2 (0.01 mol/L), orthophosphate (0.002 mol/L) _ ",3.6.1.1,,,,,
5512,3268,,inorganic pyrophosphatase,,CHB_15377 + CHB_18361 = 2 CHB_26078,pyrophosphate(aq) + H2O(l) = 2 orthophosphate(aq),,84DEM,,,308.15,7.8,110,,radioactivity,"Tris (0.050 mol dm-3) + HCl, (Tris + HCl) and imidazole","mol/L;Tris-HCl=0.05;orthophosphate=0.002;(Mg)1(Cl)2=0.006;pyrophosphate=0 _ MgCl2 (0.006 mol/L), orthophosphate (0.002 mol/L) _ ",3.6.1.1,,,,,
5513,3269,,inorganic pyrophosphatase,,CHB_15377 + CHB_18361 = 2 CHB_26078,pyrophosphate(aq) + H2O(l) = 2 orthophosphate(aq),,84DEM,,,308.15,7.8,170,,radioactivity,"Tris (0.050 mol dm-3) + HCl, (Tris + HCl) and imidazole","mol/L;Tris-HCl=0.05;orthophosphate=0.002;(Mg)1(Cl)2=0.004;pyrophosphate=0 _ MgCl2 (0.004 mol/L), orthophosphate (0.002 mol/L) _ ",3.6.1.1,,,,,
5514,3270,,inorganic pyrophosphatase,,CHB_15377 + CHB_18361 = 2 CHB_26078,pyrophosphate(aq) + H2O(l) = 2 orthophosphate(aq),,84DEM,,,308.15,7.8,310,,radioactivity,"Tris (0.050 mol dm-3) + HCl, (Tris + HCl) and imidazole","mol/L;Tris-HCl=0.05;orthophosphate=0.002;(Mg)1(Cl)2=0.002;pyrophosphate=0 _ MgCl2 (0.002 mol/L), orthophosphate (0.002 mol/L) _ ",3.6.1.1,,,,,
5515,3271,,inorganic pyrophosphatase,,CHB_15377 + CHB_18361 = 2 CHB_26078,pyrophosphate(aq) + H2O(l) = 2 orthophosphate(aq),,84DEM,,,308.15,7.8,500,,radioactivity,"Tris (0.050 mol dm-3) + HCl, (Tris + HCl) and imidazole","mol/L;Tris-HCl=0.05;orthophosphate=0.002;(Mg)1(Cl)2=0.001;pyrophosphate=0 _ MgCl2 (0.001 mol/L), orthophosphate (0.002 mol/L) _ ",3.6.1.1,,,,,
5516,3272,,inorganic pyrophosphatase,,CHB_15377 + CHB_18361 = 2 CHB_26078,pyrophosphate(aq) + H2O(l) = 2 orthophosphate(aq),,84DEM,,,308.15,7.8,530,,radioactivity,"Tris (0.050 mol dm-3) + HCl, (Tris + HCl) and imidazole","mol/L;Tris-HCl=0.05;orthophosphate=0.002;(Mg)1(Cl)2=0.001;pyrophosphate=0 _ MgCl2 (0.001 mol/L), orthophosphate (0.002 mol/L) _ ",3.6.1.1,,,,,
5517,3273,,inorganic pyrophosphatase,,CHB_15377 + CHB_18361 = 2 CHB_26078,pyrophosphate(aq) + H2O(l) = 2 orthophosphate(aq),,84DEM,,,308.15,7.8,900,,radioactivity,"Tris (0.050 mol dm-3) + HCl, (Tris + HCl) and imidazole","mol/L;Tris-HCl=0.05;orthophosphate=0.002;(Mg)1(Cl)2=0.0005;pyrophosphate=0 _ MgCl2 (0.0005 mol/L), orthophosphate (0.002 mol/L) _ ",3.6.1.1,,,,,
5518,3274,,inorganic pyrophosphatase,,CHB_15377 + CHB_18361 = 2 CHB_26078,pyrophosphate(aq) + H2O(l) = 2 orthophosphate(aq),,84DEM,,,308.15,7.8,74,,radioactivity,"Tris (0.050 mol dm-3) + HCl, (Tris + HCl) and imidazole","mol/L;Tris-HCl=0.05;orthophosphate=0.004;(Mg)1(Cl)2=0.1;pyrophosphate=0 _ MgCl2 (0.1 mol/L), orthophosphate (0.004 mol/L) _ ",3.6.1.1,,,,,
5519,3275,,inorganic pyrophosphatase,,CHB_15377 + CHB_18361 = 2 CHB_26078,pyrophosphate(aq) + H2O(l) = 2 orthophosphate(aq),,84DEM,,,308.15,7.8,82,,radioactivity,"Tris (0.050 mol dm-3) + HCl, (Tris + HCl) and imidazole","mol/L;Tris-HCl=0.05;orthophosphate=0.004;(Mg)1(Cl)2=0.04;pyrophosphate=0 _ MgCl2 (0.04 mol/L), orthophosphate (0.004 mol/L) _ ",3.6.1.1,,,,,
5520,3276,,inorganic pyrophosphatase,,CHB_15377 + CHB_18361 = 2 CHB_26078,pyrophosphate(aq) + H2O(l) = 2 orthophosphate(aq),,84DEM,,,308.15,7.8,110,,radioactivity,"Tris (0.050 mol dm-3) + HCl, (Tris + HCl) and imidazole","mol/L;Tris-HCl=0.05;orthophosphate=0.004;(Mg)1(Cl)2=0.02;pyrophosphate=0 _ MgCl2 (0.02 mol/L), orthophosphate (0.004 mol/L) _ ",3.6.1.1,,,,,
5521,3277,,inorganic pyrophosphatase,,CHB_15377 + CHB_18361 = 2 CHB_26078,pyrophosphate(aq) + H2O(l) = 2 orthophosphate(aq),,84DEM,,,308.15,8.93,130,,radioactivity,"Tris (0.050 mol dm-3) + HCl, (Tris + HCl) and imidazole","mol/L;Tris-HCl=0.05;orthophosphate=0.004;(Mg)1(Cl)2=0.01;pyrophosphate=0 _ MgCl2 (0.01 mol/L), orthophosphate (0.004 mol/L) _ ",3.6.1.1,,,,,
5522,3278,,inorganic pyrophosphatase,,CHB_15377 + CHB_18361 = 2 CHB_26078,pyrophosphate(aq) + H2O(l) = 2 orthophosphate(aq),,84DEM,,,308.15,7.8,180,,radioactivity,"Tris (0.050 mol dm-3) + HCl, (Tris + HCl) and imidazole","mol/L;Tris-HCl=0.05;orthophosphate=0.004;(Mg)1(Cl)2=0.01;pyrophosphate=0 _ MgCl2 (0.01 mol/L), orthophosphate (0.004 mol/L) _ ",3.6.1.1,,,,,
5523,3279,,inorganic pyrophosphatase,,CHB_15377 + CHB_18361 = 2 CHB_26078,pyrophosphate(aq) + H2O(l) = 2 orthophosphate(aq),,84DEM,,,308.15,7.82,180,,radioactivity,"Tris (0.050 mol dm-3) + HCl, (Tris + HCl) and imidazole","mol/L;Tris-HCl=0.05;orthophosphate=0.004;(Mg)1(Cl)2=0.01;pyrophosphate=0 _ MgCl2 (0.01 mol/L), orthophosphate (0.004 mol/L) _ ",3.6.1.1,,,,,
5524,3280,,inorganic pyrophosphatase,,CHB_15377 + CHB_18361 = 2 CHB_26078,pyrophosphate(aq) + H2O(l) = 2 orthophosphate(aq),,84DEM,,,308.15,7.8,370,,radioactivity,"Tris (0.050 mol dm-3) + HCl, (Tris + HCl) and imidazole","mol/L;Tris-HCl=0.05;orthophosphate=0.004;(Mg)1(Cl)2=0.004;pyrophosphate=0 _ MgCl2 (0.004 mol/L), orthophosphate (0.004 mol/L) _ ",3.6.1.1,,,,,
5525,3281,,inorganic pyrophosphatase,,CHB_15377 + CHB_18361 = 2 CHB_26078,pyrophosphate(aq) + H2O(l) = 2 orthophosphate(aq),,84DEM,,,308.15,7.8,372,,radioactivity,"Tris (0.050 mol dm-3) + HCl, (Tris + HCl) and imidazole","mol/L;Tris-HCl=0.05;orthophosphate=0.004;(Mg)1(Cl)2=0.004;pyrophosphate=0 _ MgCl2 (0.004 mol/L), orthophosphate (0.004 mol/L) _ ",3.6.1.1,,,,,
5526,3282,,inorganic pyrophosphatase,,CHB_15377 + CHB_18361 = 2 CHB_26078,pyrophosphate(aq) + H2O(l) = 2 orthophosphate(aq),,84DEM,,,308.15,7.8,400,,radioactivity,"Tris (0.050 mol dm-3) + HCl, (Tris + HCl) and imidazole","mol/L;Tris-HCl=0.05;orthophosphate=0.004;(Mg)1(Cl)2=0.004;pyrophosphate=0 _ MgCl2 (0.004 mol/L), orthophosphate (0.004 mol/L) _ ",3.6.1.1,,,,,
5527,3283,,inorganic pyrophosphatase,,CHB_15377 + CHB_18361 = 2 CHB_26078,pyrophosphate(aq) + H2O(l) = 2 orthophosphate(aq),,84DEM,,,308.15,7.8,650,,radioactivity,"Tris (0.050 mol dm-3) + HCl, (Tris + HCl) and imidazole","mol/L;Tris-HCl=0.05;orthophosphate=0.004;(Mg)1(Cl)2=0.002;pyrophosphate=0 _ MgCl2 (0.002 mol/L), orthophosphate (0.004 mol/L) _ ",3.6.1.1,,,,,
5528,3284,,inorganic pyrophosphatase,,CHB_15377 + CHB_18361 = 2 CHB_26078,pyrophosphate(aq) + H2O(l) = 2 orthophosphate(aq),,84DEM,,,308.15,7.8,1500,,radioactivity,"Tris (0.050 mol dm-3) + HCl, (Tris + HCl) and imidazole","mol/L;Tris-HCl=0.05;orthophosphate=0.004;(Mg)1(Cl)2=0.001;pyrophosphate=0 _ MgCl2 (0.001 mol/L), orthophosphate (0.004 mol/L) _ ",3.6.1.1,,,,,
5529,3285,,inorganic pyrophosphatase,,CHB_15377 + CHB_18361 = 2 CHB_26078,pyrophosphate(aq) + H2O(l) = 2 orthophosphate(aq),,84DEM,,,308.15,7,66,,radioactivity,"imidazole (0.050 mol dm-3), (Tris + HCl) and imidazole","mol/L;imidazole=0.05;orthophosphate=0.004;(Mg)1(Cl)2=0.1;pyrophosphate=0 _ MgCl2 (0.1 mol/L), orthophosphate (0.004 mol/L) _ ",3.6.1.1,,,,,
5530,3286,,inorganic pyrophosphatase,,CHB_15377 + CHB_18361 = 2 CHB_26078,pyrophosphate(aq) + H2O(l) = 2 orthophosphate(aq),,84DEM,,,308.15,6.2,140,,radioactivity,"imidazole (0.050 mol dm-3), (Tris + HCl) and imidazole","mol/L;imidazole=0.05;orthophosphate=0.004;(Mg)1(Cl)2=0.1;pyrophosphate=0 _ MgCl2 (0.1 mol/L), orthophosphate (0.004 mol/L) _ ",3.6.1.1,,,,,
5531,3287,,inorganic pyrophosphatase,,CHB_15377 + CHB_18361 = 2 CHB_26078,pyrophosphate(aq) + H2O(l) = 2 orthophosphate(aq),,84DEM,,,308.15,7,98,,radioactivity,"imidazole (0.050 mol dm-3), (Tris + HCl) and imidazole","mol/L;imidazole=0.05;orthophosphate=0.004;(Mg)1(Cl)2=0.04;pyrophosphate=0 _ MgCl2 (0.04 mol/L), orthophosphate (0.004 mol/L) _ ",3.6.1.1,,,,,
5532,3288,,inorganic pyrophosphatase,,CHB_15377 + CHB_18361 = 2 CHB_26078,pyrophosphate(aq) + H2O(l) = 2 orthophosphate(aq),,84DEM,,,308.15,6.2,420,,radioactivity,"imidazole (0.050 mol dm-3), (Tris + HCl) and imidazole","mol/L;imidazole=0.05;orthophosphate=0.004;(Mg)1(Cl)2=0.04;pyrophosphate=0 _ MgCl2 (0.04 mol/L), orthophosphate (0.004 mol/L) _ ",3.6.1.1,,,,,
5533,3289,,inorganic pyrophosphatase,,CHB_15377 + CHB_18361 = 2 CHB_26078,pyrophosphate(aq) + H2O(l) = 2 orthophosphate(aq),,84DEM,,,308.15,7,170,,radioactivity,"imidazole (0.050 mol dm-3), (Tris + HCl) and imidazole","mol/L;imidazole=0.05;orthophosphate=0.004;(Mg)1(Cl)2=0.02;pyrophosphate=0 _ MgCl2 (0.02 mol/L), orthophosphate (0.004 mol/L) _ ",3.6.1.1,,,,,
5534,3290,,inorganic pyrophosphatase,,CHB_15377 + CHB_18361 = 2 CHB_26078,pyrophosphate(aq) + H2O(l) = 2 orthophosphate(aq),,84DEM,,,308.15,7,270,,radioactivity,"imidazole (0.050 mol dm-3), (Tris + HCl) and imidazole","mol/L;imidazole=0.05;orthophosphate=0.004;(Mg)1(Cl)2=0.01;pyrophosphate=0 _ MgCl2 (0.01 mol/L), orthophosphate (0.004 mol/L) _ ",3.6.1.1,,,,,
5535,3291,,inorganic pyrophosphatase,,CHB_15377 + CHB_18361 = 2 CHB_26078,pyrophosphate(aq) + H2O(l) = 2 orthophosphate(aq),,84DEM,,,308.15,7,280,,radioactivity,"imidazole (0.050 mol dm-3), (Tris + HCl) and imidazole","mol/L;imidazole=0.05;orthophosphate=0.004;(Mg)1(Cl)2=0.01;pyrophosphate=0 _ MgCl2 (0.01 mol/L), orthophosphate (0.004 mol/L) _ ",3.6.1.1,,,,,
5536,3292,,inorganic pyrophosphatase,,CHB_15377 + CHB_18361 = 2 CHB_26078,pyrophosphate(aq) + H2O(l) = 2 orthophosphate(aq),,84DEM,,,308.15,6.42,570,,radioactivity,"imidazole (0.050 mol dm-3), (Tris + HCl) and imidazole","mol/L;imidazole=0.05;orthophosphate=0.004;(Mg)1(Cl)2=0.01;pyrophosphate=0 _ MgCl2 (0.01 mol/L), orthophosphate (0.004 mol/L) _ ",3.6.1.1,,,,,
5537,3293,,inorganic pyrophosphatase,,CHB_15377 + CHB_18361 = 2 CHB_26078,pyrophosphate(aq) + H2O(l) = 2 orthophosphate(aq),,84DEM,,,308.15,6.15,1200,,radioactivity,"imidazole (0.050 mol dm-3), (Tris + HCl) and imidazole","mol/L;imidazole=0.05;orthophosphate=0.004;(Mg)1(Cl)2=0.01;pyrophosphate=0 _ MgCl2 (0.01 mol/L), orthophosphate (0.004 mol/L) _ ",3.6.1.1,,,,,
5538,3294,,inorganic pyrophosphatase,,CHB_15377 + CHB_18361 = 2 CHB_26078,pyrophosphate(aq) + H2O(l) = 2 orthophosphate(aq),,84DEM,,,308.15,6.2,1200,,radioactivity,"imidazole (0.050 mol dm-3), (Tris + HCl) and imidazole","mol/L;imidazole=0.05;orthophosphate=0.004;(Mg)1(Cl)2=0.01;pyrophosphate=0 _ MgCl2 (0.01 mol/L), orthophosphate (0.004 mol/L) _ ",3.6.1.1,,,,,
5539,3295,,inorganic pyrophosphatase,,CHB_15377 + CHB_18361 = 2 CHB_26078,pyrophosphate(aq) + H2O(l) = 2 orthophosphate(aq),,84DEM,,,308.15,7,690,,radioactivity,"imidazole (0.050 mol dm-3), (Tris + HCl) and imidazole","mol/L;imidazole=0.05;orthophosphate=0.004;(Mg)1(Cl)2=0.004;pyrophosphate=0 _ MgCl2 (0.004 mol/L), orthophosphate (0.004 mol/L) _ ",3.6.1.1,,,,,
5540,3296,,inorganic pyrophosphatase,,CHB_15377 + CHB_18361 = 2 CHB_26078,pyrophosphate(aq) + H2O(l) = 2 orthophosphate(aq),,84DEM,,,308.15,6.2,2600,,radioactivity,"imidazole (0.050 mol dm-3), (Tris + HCl) and imidazole","mol/L;imidazole=0.05;orthophosphate=0.004;(Mg)1(Cl)2=0.004;pyrophosphate=0 _ MgCl2 (0.004 mol/L), orthophosphate (0.004 mol/L) _ ",3.6.1.1,,,,,
5541,3297,,inorganic pyrophosphatase,,CHB_15377 + CHB_18361 = 2 CHB_26078,pyrophosphate(aq) + H2O(l) = 2 orthophosphate(aq),,84DEM,,,308.15,7,4000,,radioactivity,"imidazole (0.050 mol dm-3), (Tris + HCl) and imidazole","mol/L;imidazole=0.05;orthophosphate=0.004;(Mg)1(Cl)2=0.001;pyrophosphate=0 _ MgCl2 (0.001 mol/L), orthophosphate (0.004 mol/L) _ ",3.6.1.1,,,,,
5542,3298,,inorganic pyrophosphatase,,CHB_15377 + CHB_18361 = 2 CHB_26078,pyrophosphate(aq) + H2O(l) = 2 orthophosphate(aq),,84DEM,,,308.15,7.8,450,,radioactivity,"Tris (0.050 mol dm-3) + HCl, (Tris + HCl) and imidazole","mol/L;Tris-HCl=0.05;orthophosphate=0.005;(Mg)1(Cl)2=0.005;pyrophosphate=0 _ MgCl2 (0.005 mol/L), orthophosphate (0.005 mol/L) _ ",3.6.1.1,,,,,
5543,3299,,inorganic pyrophosphatase,,CHB_15377 + CHB_18361 = 2 CHB_26078,pyrophosphate(aq) + H2O(l) = 2 orthophosphate(aq),,84DEM,,,293.15,7.8,81,,radioactivity,"Tris (0.10 mol dm-3) + HCl, (Tris + HCl) and imidazole","mol/L;Tris-HCl=0.1;orthophosphate=0.012;(Mg)1(Cl)2=0.1;pyrophosphate=0 _ MgCl2 (0.1 mol/L), orthophosphate (0.012 mol/L) _ ",3.6.1.1,,,,,
5544,3300,,inorganic pyrophosphatase,,CHB_15377 + CHB_18361 = 2 CHB_26078,pyrophosphate(aq) + H2O(l) = 2 orthophosphate(aq),,84DEM,,,299.15,7.8,100,,radioactivity,"Tris (0.10 mol dm-3) + HCl, (Tris + HCl) and imidazole","mol/L;Tris-HCl=0.1;orthophosphate=0.012;(Mg)1(Cl)2=0.1;pyrophosphate=0 _ MgCl2 (0.1 mol/L), orthophosphate (0.012 mol/L) _ ",3.6.1.1,,,,,
5545,3301,,inorganic pyrophosphatase,,CHB_15377 + CHB_18361 = 2 CHB_26078,pyrophosphate(aq) + H2O(l) = 2 orthophosphate(aq),,84DEM,,,302.15,7.8,110,,radioactivity,"Tris (0.10 mol dm-3) + HCl, (Tris + HCl) and imidazole","mol/L;Tris-HCl=0.1;orthophosphate=0.012;(Mg)1(Cl)2=0.1;pyrophosphate=0 _ MgCl2 (0.1 mol/L), orthophosphate (0.012 mol/L) _ ",3.6.1.1,,,,,
5546,3302,,inorganic pyrophosphatase,,CHB_15377 + CHB_18361 = 2 CHB_26078,pyrophosphate(aq) + H2O(l) = 2 orthophosphate(aq),,84DEM,,,308.15,7.8,160,,radioactivity,"Tris (0.10 mol dm-3) + HCl, (Tris + HCl) and imidazole","mol/L;Tris-HCl=0.1;orthophosphate=0.012;(Mg)1(Cl)2=0.1;pyrophosphate=0 _ MgCl2 (0.1 mol/L), orthophosphate (0.012 mol/L) _ ",3.6.1.1,,,,,
5547,3303,,inorganic pyrophosphatase,,CHB_15377 + CHB_18361 = 2 CHB_26078,pyrophosphate(aq) + H2O(l) = 2 orthophosphate(aq),,84DEM,,,293.15,7.8,82,,radioactivity,"Tris (0.10 mol dm-3) + HCl, (Tris + HCl) and imidazole","mol/L;Tris-HCl=0.1;orthophosphate=0.012;(Mg)1(Cl)2=0.05;pyrophosphate=0 _ MgCl2 (0.05 mol/L), orthophosphate (0.012 mol/L) _ ",3.6.1.1,,,,,
5548,3304,,inorganic pyrophosphatase,,CHB_15377 + CHB_18361 = 2 CHB_26078,pyrophosphate(aq) + H2O(l) = 2 orthophosphate(aq),,84DEM,,,299.15,7.8,110,,radioactivity,"Tris (0.10 mol dm-3) + HCl, (Tris + HCl) and imidazole","mol/L;Tris-HCl=0.1;orthophosphate=0.012;(Mg)1(Cl)2=0.05;pyrophosphate=0 _ MgCl2 (0.05 mol/L), orthophosphate (0.012 mol/L) _ ",3.6.1.1,,,,,
5549,3305,,inorganic pyrophosphatase,,CHB_15377 + CHB_18361 = 2 CHB_26078,pyrophosphate(aq) + H2O(l) = 2 orthophosphate(aq),,84DEM,,,302.15,7.8,140,,radioactivity,"Tris (0.10 mol dm-3) + HCl, (Tris + HCl) and imidazole","mol/L;Tris-HCl=0.1;orthophosphate=0.012;(Mg)1(Cl)2=0.05;pyrophosphate=0 _ MgCl2 (0.05 mol/L), orthophosphate (0.012 mol/L) _ ",3.6.1.1,,,,,
5550,3306,,inorganic pyrophosphatase,,CHB_15377 + CHB_18361 = 2 CHB_26078,pyrophosphate(aq) + H2O(l) = 2 orthophosphate(aq),,84DEM,,,308.15,7.8,170,,radioactivity,"Tris (0.10 mol dm-3) + HCl, (Tris + HCl) and imidazole","mol/L;Tris-HCl=0.1;orthophosphate=0.012;(Mg)1(Cl)2=0.05;pyrophosphate=0 _ MgCl2 (0.05 mol/L), orthophosphate (0.012 mol/L) _ ",3.6.1.1,,,,,
5551,3307,,inorganic pyrophosphatase,,CHB_15377 + CHB_18361 = 2 CHB_26078,pyrophosphate(aq) + H2O(l) = 2 orthophosphate(aq),,84DEM,,,313.15,7.8,230,,radioactivity,"Tris (0.10 mol dm-3) + HCl, (Tris + HCl) and imidazole","mol/L;Tris-HCl=0.1;orthophosphate=0.012;(Mg)1(Cl)2=0.05;pyrophosphate=0 _ MgCl2 (0.05 mol/L), orthophosphate (0.012 mol/L) _ ",3.6.1.1,,,,,
5552,3308,,inorganic pyrophosphatase,,CHB_15377 + CHB_18361 = 2 CHB_26078,pyrophosphate(aq) + H2O(l) = 2 orthophosphate(aq),,84DEM,,,293.15,7.8,130,,radioactivity,"Tris (0.10 mol dm-3) + HCl, (Tris + HCl) and imidazole","mol/L;Tris-HCl=0.1;orthophosphate=0.012;(Mg)1(Cl)2=0.025;pyrophosphate=0 _ MgCl2 (0.025 mol/L), orthophosphate (0.012 mol/L) _ ",3.6.1.1,,,,,
5553,3309,,inorganic pyrophosphatase,,CHB_15377 + CHB_18361 = 2 CHB_26078,pyrophosphate(aq) + H2O(l) = 2 orthophosphate(aq),,84DEM,,,299.15,7.8,160,,radioactivity,"Tris (0.10 mol dm-3) + HCl, (Tris + HCl) and imidazole","mol/L;Tris-HCl=0.1;orthophosphate=0.012;(Mg)1(Cl)2=0.025;pyrophosphate=0 _ MgCl2 (0.025 mol/L), orthophosphate (0.012 mol/L) _ ",3.6.1.1,,,,,
5554,3310,,inorganic pyrophosphatase,,CHB_15377 + CHB_18361 = 2 CHB_26078,pyrophosphate(aq) + H2O(l) = 2 orthophosphate(aq),,84DEM,,,302.15,7.8,210,,radioactivity,"Tris (0.10 mol dm-3) + HCl, (Tris + HCl) and imidazole","mol/L;Tris-HCl=0.1;orthophosphate=0.012;(Mg)1(Cl)2=0.025;pyrophosphate=0 _ MgCl2 (0.025 mol/L), orthophosphate (0.012 mol/L) _ ",3.6.1.1,,,,,
5555,3311,,inorganic pyrophosphatase,,CHB_15377 + CHB_18361 = 2 CHB_26078,pyrophosphate(aq) + H2O(l) = 2 orthophosphate(aq),,84DEM,,,308.15,7.8,230,,radioactivity,"Tris (0.10 mol dm-3) + HCl, (Tris + HCl) and imidazole","mol/L;Tris-HCl=0.1;orthophosphate=0.012;(Mg)1(Cl)2=0.025;pyrophosphate=0 _ MgCl2 (0.025 mol/L), orthophosphate (0.012 mol/L) _ ",3.6.1.1,,,,,
5556,3312,,inorganic pyrophosphatase,,CHB_15377 + CHB_18361 = 2 CHB_26078,pyrophosphate(aq) + H2O(l) = 2 orthophosphate(aq),,84DEM,,,313.15,7.8,320,,radioactivity,"Tris (0.10 mol dm-3) + HCl, (Tris + HCl) and imidazole","mol/L;Tris-HCl=0.1;orthophosphate=0.012;(Mg)1(Cl)2=0.025;pyrophosphate=0 _ MgCl2 (0.025 mol/L), orthophosphate (0.012 mol/L) _ ",3.6.1.1,,,,,
5557,3313,,inorganic pyrophosphatase,,CHB_15377 + CHB_18361 = 2 CHB_26078,pyrophosphate(aq) + H2O(l) = 2 orthophosphate(aq),,84DEM,,,293.15,7.8,280,,radioactivity,"Tris (0.10 mol dm-3) + HCl, (Tris + HCl) and imidazole","mol/L;Tris-HCl=0.1;orthophosphate=0.012;(Mg)1(Cl)2=0.01;pyrophosphate=0 _ MgCl2 (0.01 mol/L), orthophosphate (0.012 mol/L) _ ",3.6.1.1,,,,,
5558,3314,,inorganic pyrophosphatase,,CHB_15377 + CHB_18361 = 2 CHB_26078,pyrophosphate(aq) + H2O(l) = 2 orthophosphate(aq),,84DEM,,,293.15,7.8,280,,radioactivity,"Tris (0.10 mol dm-3) + HCl, (Tris + HCl) and imidazole","mol/L;Tris-HCl=0.1;orthophosphate=0.012;(Mg)1(Cl)2=0.01;pyrophosphate=0 _ MgCl2 (0.01 mol/L), orthophosphate (0.012 mol/L) _ ",3.6.1.1,,,,,
5559,3315,,inorganic pyrophosphatase,,CHB_15377 + CHB_18361 = 2 CHB_26078,pyrophosphate(aq) + H2O(l) = 2 orthophosphate(aq),,84DEM,,,299.15,7.8,420,,radioactivity,"Tris (0.10 mol dm-3) + HCl, (Tris + HCl) and imidazole","mol/L;Tris-HCl=0.1;orthophosphate=0.012;(Mg)1(Cl)2=0.01;pyrophosphate=0 _ MgCl2 (0.01 mol/L), orthophosphate (0.012 mol/L) _ ",3.6.1.1,,,,,
5560,3316,,inorganic pyrophosphatase,,CHB_15377 + CHB_18361 = 2 CHB_26078,pyrophosphate(aq) + H2O(l) = 2 orthophosphate(aq),,84DEM,,,302.15,7.8,490,,radioactivity,"Tris (0.10 mol dm-3) + HCl, (Tris + HCl) and imidazole","mol/L;Tris-HCl=0.1;orthophosphate=0.012;(Mg)1(Cl)2=0.01;pyrophosphate=0 _ MgCl2 (0.01 mol/L), orthophosphate (0.012 mol/L) _ ",3.6.1.1,,,,,
5561,3317,,inorganic pyrophosphatase,,CHB_15377 + CHB_18361 = 2 CHB_26078,pyrophosphate(aq) + H2O(l) = 2 orthophosphate(aq),,84DEM,,,308.15,7.8,660,,radioactivity,"Tris (0.10 mol dm-3) + HCl, (Tris + HCl) and imidazole","mol/L;Tris-HCl=0.1;orthophosphate=0.012;(Mg)1(Cl)2=0.01;pyrophosphate=0 _ MgCl2 (0.01 mol/L), orthophosphate (0.012 mol/L) _ ",3.6.1.1,,,,,
5562,3318,,inorganic pyrophosphatase,,CHB_15377 + CHB_18361 = 2 CHB_26078,pyrophosphate(aq) + H2O(l) = 2 orthophosphate(aq),,84DEM,,,313.15,7.8,830,,radioactivity,"Tris (0.10 mol dm-3) + HCl, (Tris + HCl) and imidazole","mol/L;Tris-HCl=0.1;orthophosphate=0.012;(Mg)1(Cl)2=0.01;pyrophosphate=0 _ MgCl2 (0.01 mol/L), orthophosphate (0.012 mol/L) _ ",3.6.1.1,,,,,
5563,3319,,inorganic pyrophosphatase,,CHB_15377 + CHB_18361 = 2 CHB_26078,pyrophosphate(aq) + H2O(l) = 2 orthophosphate(aq),,84DEM,,,313.15,7.8,830,,radioactivity,"Tris (0.10 mol dm-3) + HCl, (Tris + HCl) and imidazole","mol/L;Tris-HCl=0.1;orthophosphate=0.012;(Mg)1(Cl)2=0.01;pyrophosphate=0 _ MgCl2 (0.01 mol/L), orthophosphate (0.012 mol/L) _ ",3.6.1.1,,,,,
5564,3320,,inorganic pyrophosphatase,,CHB_15377 + CHB_18361 = 2 CHB_26078,pyrophosphate(aq) + H2O(l) = 2 orthophosphate(aq),,84DEM,,,308.15,7.8,74,,radioactivity,"Tris (0.050 mol dm-3) + HCl, (Tris + HCl) and imidazole","mol/L;Tris-HCl=0.05;orthophosphate=0.012;(Mg)1(Cl)2=0.1;pyrophosphate=0 _ MgCl2 (0.1 mol/L), orthophosphate (0.012 mol/L) _ ",3.6.1.1,,,,,
5565,3321,,inorganic pyrophosphatase,,CHB_15377 + CHB_18361 = 2 CHB_26078,pyrophosphate(aq) + H2O(l) = 2 orthophosphate(aq),,84DEM,,,308.15,7.8,110,,radioactivity,"Tris (0.050 mol dm-3) + HCl, (Tris + HCl) and imidazole","mol/L;Tris-HCl=0.05;orthophosphate=0.012;(Mg)1(Cl)2=0.05;pyrophosphate=0 _ MgCl2 (0.05 mol/L), orthophosphate (0.012 mol/L) _ ",3.6.1.1,,,,,
5566,3322,,inorganic pyrophosphatase,,CHB_15377 + CHB_18361 = 2 CHB_26078,pyrophosphate(aq) + H2O(l) = 2 orthophosphate(aq),,84DEM,,,308.15,7.8,180,,radioactivity,"Tris (0.050 mol dm-3) + HCl, (Tris + HCl) and imidazole","mol/L;Tris-HCl=0.05;orthophosphate=0.012;(Mg)1(Cl)2=0.025;pyrophosphate=0 _ MgCl2 (0.025 mol/L), orthophosphate (0.012 mol/L) _ ",3.6.1.1,,,,,
5567,3323,,inorganic pyrophosphatase,,CHB_15377 + CHB_18361 = 2 CHB_26078,pyrophosphate(aq) + H2O(l) = 2 orthophosphate(aq),,84DEM,,,308.15,7.8,400,,radioactivity,"Tris (0.050 mol dm-3) + HCl, (Tris + HCl) and imidazole","mol/L;Tris-HCl=0.05;orthophosphate=0.012;(Mg)1(Cl)2=0.012;pyrophosphate=0 _ MgCl2 (0.012 mol/L), orthophosphate (0.012 mol/L) _ ",3.6.1.1,,,,,
5568,3324,,inorganic pyrophosphatase,,CHB_15377 + CHB_18361 = 2 CHB_26078,pyrophosphate(aq) + H2O(l) = 2 orthophosphate(aq),,84DEM,,,308.15,7.8,430,,radioactivity,"Tris (0.050 mol dm-3) + HCl, (Tris + HCl) and imidazole","mol/L;Tris-HCl=0.05;orthophosphate=0.012;(Mg)1(Cl)2=0.01;pyrophosphate=0 _ MgCl2 (0.01 mol/L), orthophosphate (0.012 mol/L) _ ",3.6.1.1,,,,,
5569,3325,,inorganic pyrophosphatase,,CHB_15377 + CHB_18361 = 2 CHB_26078,pyrophosphate(aq) + H2O(l) = 2 orthophosphate(aq),,84DEM,,,308.15,7.8,440,,radioactivity,"Tris (0.050 mol dm-3) + HCl, (Tris + HCl) and imidazole","mol/L;Tris-HCl=0.05;orthophosphate=0.012;(Mg)1(Cl)2=0.01;pyrophosphate=0 _ MgCl2 (0.01 mol/L), orthophosphate (0.012 mol/L) _ ",3.6.1.1,,,,,
5570,3326,,inorganic pyrophosphatase,,CHB_15377 + CHB_18361 = 2 CHB_26078,pyrophosphate(aq) + H2O(l) = 2 orthophosphate(aq),,84DEM,,,308.15,7.8,1000,,radioactivity,"Tris (0.050 mol dm-3) + HCl, (Tris + HCl) and imidazole","mol/L;Tris-HCl=0.05;orthophosphate=0.012;(Mg)1(Cl)2=0.004;pyrophosphate=0 _ MgCl2 (0.004 mol/L), orthophosphate (0.012 mol/L) _ ",3.6.1.1,,,,,
5571,3327,,inorganic pyrophosphatase,,CHB_15377 + CHB_18361 = 2 CHB_26078,pyrophosphate(aq) + H2O(l) = 2 orthophosphate(aq),,84DEM,,,308.15,7.8,3000,,radioactivity,"Tris (0.050 mol dm-3) + HCl, (Tris + HCl) and imidazole","mol/L;Tris-HCl=0.05;orthophosphate=0.012;(Mg)1(Cl)2=0.001;pyrophosphate=0 _ MgCl2 (0.001 mol/L), orthophosphate (0.012 mol/L) _ ",3.6.1.1,,,,,
5572,3328,,inorganic pyrophosphatase,,CHB_15377 + CHB_18361 = 2 CHB_26078,pyrophosphate(aq) + H2O(l) = 2 orthophosphate(aq),,84DEM,,,308.15,7,89,,radioactivity,"imidazole (0.050 mol dm-3), (Tris + HCl) and imidazole","mol/L;imidazole=0.05;orthophosphate=0.0012;(Mg)1(Cl)2=0.1;pyrophosphate=0 _ MgCl2 (0.1 mol/L), orthophosphate (0.012 mol/L) _ ",3.6.1.1,,,,,
5573,3329,,inorganic pyrophosphatase,,CHB_15377 + CHB_18361 = 2 CHB_26078,pyrophosphate(aq) + H2O(l) = 2 orthophosphate(aq),,84DEM,,,308.15,6.2,310,,radioactivity,"imidazole (0.050 mol dm-3), (Tris + HCl) and imidazole","mol/L;imidazole=0.05;orthophosphate=0.0012;(Mg)1(Cl)2=0.1;pyrophosphate=0 _ MgCl2 (0.1 mol/L), orthophosphate (0.012 mol/L) _ ",3.6.1.1,,,,,
5574,3330,,inorganic pyrophosphatase,,CHB_15377 + CHB_18361 = 2 CHB_26078,pyrophosphate(aq) + H2O(l) = 2 orthophosphate(aq),,84DEM,,,308.15,7,190,,radioactivity,"imidazole (0.050 mol dm-3), (Tris + HCl) and imidazole","mol/L;imidazole=0.05;orthophosphate=0.0012;(Mg)1(Cl)2=0.05;pyrophosphate=0 _ MgCl2 (0.05 mol/L), orthophosphate (0.012 mol/L) _ ",3.6.1.1,,,,,
5575,3331,,inorganic pyrophosphatase,,CHB_15377 + CHB_18361 = 2 CHB_26078,pyrophosphate(aq) + H2O(l) = 2 orthophosphate(aq),,84DEM,,,308.15,6.2,510,,radioactivity,"imidazole (0.050 mol dm-3), (Tris + HCl) and imidazole","mol/L;imidazole=0.05;orthophosphate=0.0012;(Mg)1(Cl)2=0.05;pyrophosphate=0 _ MgCl2 (0.05 mol/L), orthophosphate (0.012 mol/L) _ ",3.6.1.1,,,,,
5576,3332,,inorganic pyrophosphatase,,CHB_15377 + CHB_18361 = 2 CHB_26078,pyrophosphate(aq) + H2O(l) = 2 orthophosphate(aq),,84DEM,,,308.15,7,400,,radioactivity,"imidazole (0.050 mol dm-3), (Tris + HCl) and imidazole","mol/L;imidazole=0.05;orthophosphate=0.0012;(Mg)1(Cl)2=0.025;pyrophosphate=0 _ MgCl2 (0.025 mol/L), orthophosphate (0.012 mol/L) _ ",3.6.1.1,,,,,
5577,3333,,inorganic pyrophosphatase,,CHB_15377 + CHB_18361 = 2 CHB_26078,pyrophosphate(aq) + H2O(l) = 2 orthophosphate(aq),,84DEM,,,308.15,6.2,920,,radioactivity,"imidazole (0.050 mol dm-3), (Tris + HCl) and imidazole","mol/L;imidazole=0.05;orthophosphate=0.0012;(Mg)1(Cl)2=0.025;pyrophosphate=0 _ MgCl2 (0.025 mol/L), orthophosphate (0.012 mol/L) _ ",3.6.1.1,,,,,
5578,3334,,inorganic pyrophosphatase,,CHB_15377 + CHB_18361 = 2 CHB_26078,pyrophosphate(aq) + H2O(l) = 2 orthophosphate(aq),,84DEM,,,308.15,7,1200,,radioactivity,"imidazole (0.050 mol dm-3), (Tris + HCl) and imidazole","mol/L;imidazole=0.05;orthophosphate=0.0012;(Mg)1(Cl)2=0.01;pyrophosphate=0 _ MgCl2 (0.01 mol/L), orthophosphate (0.012 mol/L) _ ",3.6.1.1,,,,,
5579,3335,,inorganic pyrophosphatase,,CHB_15377 + CHB_18361 = 2 CHB_26078,pyrophosphate(aq) + H2O(l) = 2 orthophosphate(aq),,84DEM,,,308.15,6.2,2600,,radioactivity,"imidazole (0.050 mol dm-3), (Tris + HCl) and imidazole","mol/L;imidazole=0.05;orthophosphate=0.0012;(Mg)1(Cl)2=0.01;pyrophosphate=0 _ MgCl2 (0.01 mol/L), orthophosphate (0.012 mol/L) _ ",3.6.1.1,,,,,
5580,3336,,UDPglucose 4-epimerase,,CHB_18066 = CHB_18307,UDPglucose(aq) = UDPgalactose(aq),,84DEY,,,303.15,9.5,0.31,,spectrophotometry,glycine (0.1 mol dm-3),mol/L;glycine buffer=0.1 _ nan _ ,5.1.3.2,,,,,
5581,3337,,aldehyde reductase,,CHB_17151 + CHB_18009 = CHB_16474 + CHB_53455,xylitol(aq) + NADP(aq) = D-xylose(aq) + NADPH(aq),,84DIT/KUB,,,303.15,7.5,0.00316228,,spectrophotometry,glycylglycine (0.025 mol dm-3),mol/L;glycylglycine buffer=0.025 _ nan _ ,1.1.1.21,,,,,
5582,3338,,D-xylulose reductase,,CHB_15846 + CHB_17151 = CHB_16908 + CHS_388344,xylitol(aq) + NAD(aq) = D-xylulose(aq) + NADH(aq),,84DIT/KUB2,,,303.15,7,0.000425,,spectrophotometry,Tris (0.025 mol dm-3) + HCl,mol/L;Tris-HCl=0.05;(Mg)1(Cl)2=0.005;xylitol=0.1;NAD=0.0005;D-xylulose=0;NADH=0 _ nan _ ,1.1.1.9,,,,,
5583,3339,,dimethylmaleate hydratase,,CHB_15582 = CHB_15377 + CHB_17081,"(2R,3S)-2,3-dimethylmalate(aq) = dimethylmaleate(aq) + H2O(l)",,84KOL/EGG,,,308.15,7,0.43,,spectrophotometry,phosphate (0.10 mol dm-3),"mol/L;potassium phosphate buffer=0.1;DTT=0.001;(2R,3S)-2,3-dimethylmalate=0.0035;dimethylmaleate=0.0015 _ nan _ ",4.2.1.85,,,,,
5584,3340,,xylose isomerase,,CHB_4167 = CHB_37721,D-glucose(aq) = D-fructose(aq),,84LLO/CHA,,,333.15,7,1.039,,HPLC,sodium sulfite + sodium hydrogen sulfite,nan _ nan _ ,5.3.1.5,,,,,
5585,3341,,xylose isomerase,,CHB_4167 = CHB_37721,D-glucose(aq) = D-fructose(aq),,84LLO/CHA,,,338.15,7,1.062,,HPLC,sodium sulfite + sodium hydrogen sulfite,nan _ nan _ ,5.3.1.5,,,,,
5586,3342,,xylose isomerase,,CHB_4167 = CHB_37721,D-glucose(aq) = D-fructose(aq),,84LLO/CHA,,,343.15,7,1.103,,HPLC,sodium sulfite + sodium hydrogen sulfite,nan _ nan _ ,5.3.1.5,,,,,
5587,3343,,xylose isomerase,,CHB_4167 = CHB_37721,D-glucose(aq) = D-fructose(aq),,84LLO/CHA,,,348.15,7,1.131,,HPLC,sodium sulfite + sodium hydrogen sulfite,nan _ nan _ ,5.3.1.5,,,,,
5588,3344,,xylose isomerase,,CHB_4167 = CHB_37721,D-glucose(aq) = D-fructose(aq),,84LLO/CHA,,,353.15,7,1.182,,HPLC,sodium sulfite + sodium hydrogen sulfite,nan _ nan _ ,5.3.1.5,,,,,
5589,3345,,xylose isomerase,,CHB_4167 = CHB_37721,D-glucose(aq) = D-fructose(aq),,84LLO/CHA,,,358.15,7,1.209,,HPLC,sodium sulfite + sodium hydrogen sulfite,nan _ nan _ ,5.3.1.5,,,,,
5590,3346,,thermolysin,,CHB_15377 + MAN_10127 = CHS_2006119 + CHS_643364,N-(benzyloxycarbonyl)-L-aspartyl-L-phenylalanine methyl ester(aq) + H2O(l) = N-(benzyloxycarbonyl)-L-aspartic acid(aq) + L-phenylalanine methyl ester(aq),,84OYA/IRI,,,313.15,? 6.5,0.67,,HPLC,No specific buffering system was used.  The pH was adjusted with NaOH.,nan _ nan _ ,3.4.24.27,,,,,
5591,3347,,thiamine pyridinylase,,CHB_17296 + CHB_18385 = CHB_17957 + MAN_10118,thiamine(aq) + aniline(aq) = 4-methyl-5-(2'-hydroxyethyl)-thiazole(aq) + heteroanilithiamine(aq),,84PUZ/GOR,,,303.15,6.5,0.03,,chemical analysis and radioactivity,phosphate (0.05 mol dm-3),mol/L;phosphate buffer=0.05 _ nan _ ,2.5.1.2,,,,,
5592,3348,,thiamine pyridinylase,,CHB_17154 + CHB_18385 = CHB_17957 + MAN_10117,thiamine(aq) + nicotinamide(aq) = 4-methyl-5-(2'-hydroxyethyl)-thiazole(aq) + heteronicotinathiamine(aq),,84PUZ/GOR,,,303.15,6.5,0.022,,chemical analysis and radioactivity,phosphate (0.05 mol dm-3),mol/L;phosphate buffer=0.05 _ nan _ ,2.5.1.2,,,,,
5593,3349,,methylenetetrahydrofolate dehydrogenase (NAD+),,CHB_15846 + CHB_1989 = CHB_15638 + CHB_16908,"5,10-methylenetetrahydrofolate(aq) + NAD(aq) = 5,10-methenyltetrahydrofolate(aq) + NADH(aq)",,84RAG/LJU,,,298.15,6.7,2,,spectrophotometry,Tris + maleate (0.5 mol dm-3),mol/L;Tris-maleate=0.5;2-mercaptoethanol=0.022 _ nan _ ,1.5.1.15,,,,,
5594,3350,,xylose isomerase,,CHB_4167 = CHB_37721,D-glucose(aq) = D-fructose(aq),,84TEW/GOL,,,298.15,7.5,0.866,,HPLC,phosphate (0.039 mol dm-3) and {Tris (0.050 mol dm-3) + HCl},mol/L;(K)1(H2PO4)1=0.0087;(Na)2(HPO4)1=0.0303;(Mg)1(SO4)1=0.0066 _ nan _ ,5.3.1.5,,,,,
5595,3351,,xylose isomerase,,CHB_4167 = CHB_37721,D-glucose(aq) = D-fructose(aq),,84TEW/GOL,,,306.15,7.5,0.892,,HPLC,phosphate (0.039 mol dm-3) and {Tris (0.050 mol dm-3) + HCl},mol/L;(K)1(H2PO4)1=0.0087;(Na)2(HPO4)1=0.0303;(Mg)1(SO4)1=0.0093 _ nan _ ,5.3.1.5,,,,,
5596,3352,,xylose isomerase,,CHB_4167 = CHB_37721,D-glucose(aq) = D-fructose(aq),,84TEW/GOL,,,313.15,7.5,0.936,,HPLC,phosphate (0.039 mol dm-3) and {Tris (0.050 mol dm-3) + HCl},mol/L;(K)1(H2PO4)1=0.0087;(Na)2(HPO4)1=0.0303;(Mg)1(SO4)1=0.0066 _ nan _ ,5.3.1.5,,,,,
5597,3353,,xylose isomerase,,CHB_4167 = CHB_37721,D-glucose(aq) = D-fructose(aq),,84TEW/GOL,,,322.15,7.5,0.964,,HPLC,phosphate (0.039 mol dm-3) and {Tris (0.050 mol dm-3) + HCl},mol/L;(K)1(H2PO4)1=0.0087;(Na)2(HPO4)1=0.0303;(Mg)1(SO4)1=0.0066 _ nan _ ,5.3.1.5,,,,,
5598,3354,,xylose isomerase,,CHB_4167 = CHB_37721,D-glucose(aq) = D-fructose(aq),,84TEW/GOL,,,331.85,7.5,1.004,,HPLC,phosphate (0.039 mol dm-3) and {Tris (0.050 mol dm-3) + HCl},mol/L;Tris-HCl=0.05;(Mg)1(SO4)1=0.007 _ nan _ ,5.3.1.5,,,,,
5599,3355,,xylose isomerase,,CHB_4167 = CHB_37721,D-glucose(aq) = D-fructose(aq),,84TEW/GOL,,,344.15,7.5,1.094,,HPLC,phosphate (0.039 mol dm-3) and {Tris (0.050 mol dm-3) + HCl},mol/L;(K)1(H2PO4)1=0.0087;(Na)2(HPO4)1=0.0303;(Mg)1(SO4)1=0.0079 _ nan _ ,5.3.1.5,,,,,
5600,3356,,xylose isomerase,,CHB_4167 = CHB_37721,D-glucose(aq) = D-fructose(aq),,84TEW/GOL,,,353.15,7.5,1.157,,HPLC,phosphate (0.039 mol dm-3) and {Tris (0.050 mol dm-3) + HCl},mol/L;(K)1(H2PO4)1=0.0087;(Na)2(HPO4)1=0.0303;(Mg)1(SO4)1=0.0061 _ nan _ ,5.3.1.5,,,,,
5601,3357,,xylose isomerase,,CHB_4167 = CHB_37721,D-glucose(aq) = D-fructose(aq),,84TEW/GOL,,,358.15,7.5,1.199,,HPLC,phosphate (0.039 mol dm-3) and {Tris (0.050 mol dm-3) + HCl},mol/L;(K)1(H2PO4)1=0.0087;(Na)2(HPO4)1=0.0303;(Mg)1(SO4)1=0.0061 _ nan _ ,5.3.1.5,,,,,
5602,3358,,N-acetylneuraminate lyase,,CHB_35418 = CHB_15361 + CHB_63153,N-acetylneuraminate(aq) = N-acetyl-D-mannosamine(aq) + pyruvate(aq),,84UCH/TSU,,,310.15,7.7,0.08,,,phosphate (0.050 mol dm-3),mol/L;phosphate buffer=0.05;N-acetylneuraminate=0.005;N-acetyl-D-mannosamine=0.02;pyruvate=0.02 _ nan _ ,4.1.3.3,,,,,
5603,3359,,alanine racemase,,CHB_16977 = CHB_15570,L-alanine(aq) = D-alanine(aq),,84WAS/DAU,,,310.15,9.2,1.01,,spectrophotometry,Ches (0.10 mol dm-3),mol/L;CHES buffer=0.1 _ nan _ ,5.1.1.1,,,,,
5604,3360,,malate dehydrogenase,,CHB_15589 + CHB_15846 = CHB_16452 + CHB_16908,(S)-malate(aq) + NAD(aq) = oxaloacetate(aq) + NADH(aq),,85ANS/PRI,,,311.15,7.6,2.4e-05,,,"ovalbumin protein, sodium phosphate (0.1 mol dm-3)",nan _ nan _ ,1.1.1.37,,,,,
5605,3361,,malate dehydrogenase,,CHB_15589 + CHB_15846 = CHB_16452 + CHB_16908,(S)-malate(aq) + NAD(aq) = oxaloacetate(aq) + NADH(aq),,85ANS/PRI,,,311.15,7.6,6.4e-05,,,"BSA protein, sodium phosphate (0.1 mol dm-3)",nan _ nan _ ,1.1.1.37,,,,,
5606,3362,,malate dehydrogenase,,CHB_15589 + CHB_15846 = CHB_16452 + CHB_16908,(S)-malate(aq) + NAD(aq) = oxaloacetate(aq) + NADH(aq),,85ANS/PRI,,,311.15,7.6,3.58296e-05,,,sodium phosphate (0.1 mol dm-3),mol/L;sodium phosphate buffer=0.1 _ nan _ ,1.1.1.37,,,,,
5607,3363,,glutamate dehydrogenase,,CHB_15377 + CHB_15846 + CHB_29985 = CHB_16134 + CHB_16810 + CHB_16908,L-glutamate(aq) + NAD(aq) + H2O(l) = 2-oxoglutarate(aq) + NADH(aq) + ammonia(aq),,85ANS/PRI,,,311.15,7.6,8e-08,,,"ovalbumin protein, sodium phosphate (0.1 mol dm-3)",nan _ nan _ ,1.4.1.2,,,,,
5608,3364,,glutamate dehydrogenase,,CHB_15377 + CHB_15846 + CHB_29985 = CHB_16134 + CHB_16810 + CHB_16908,L-glutamate(aq) + NAD(aq) + H2O(l) = 2-oxoglutarate(aq) + NADH(aq) + ammonia(aq),,85ANS/PRI,,,311.15,7.6,4.8e-07,,,"BSA protein, sodium phosphate (0.1 mol dm-3)",nan _ nan _ ,1.4.1.2,,,,,
5609,3365,,glutamate dehydrogenase,,CHB_15377 + CHB_15846 + CHB_29985 = CHB_16134 + CHB_16810 + CHB_16908,L-glutamate(aq) + NAD(aq) + H2O(l) = 2-oxoglutarate(aq) + NADH(aq) + ammonia(aq),,85ANS/PRI,,,311.15,7.6,3.11e-06,,,sodium phosphate (0.1 mol dm-3),mol/L;sodium phosphate buffer=0.1 _ nan _ ,1.4.1.2,,,,,
5610,3366,,,,CHB_16810 + CHB_29991 = CHB_16452 + CHB_29985,L-aspartate(aq) + 2-oxoglutarate(aq) = oxaloacetate(aq) + L-glutamate(aq),,85ANS/PRI,,,311.15,7.6,0.6,,,,mol/L;sodium phosphate buffer=0.1 _ nan _ ,,,,,,
5611,3367,,,,CHB_15377 + CHB_29806 = CHB_15589,fumarate(aq) + H2O(l) = (S)-malate(aq),,85ANS/PRI,,,311.15,7.6,5,,,,mol/L;sodium phosphate buffer=0.1 _ nan _ ,,,,,,
5612,3369,,sucrose-phosphate synthase,,CHB_18066 + CHB_61553 = CHB_16308 + CHB_17659,UDPglucose(aq) + D-fructose 6-phosphate(aq) = UDP(aq) + sucrose 6-phosphate(aq),,85BAR,,,310.15,7.5,1.8,,electrophoresis and radioactivity,(Tris + HCl) and mercaptoethanol,mol/L;UDPglucose=0.000652174;D-fructose 6-phosphate=0.000869565;UDP=0;sucrose 6-phosphate=0;(Mg)1(Cl)2=0.00434783;Tris-HCl=0.25;EDTA=0.001;2-mercaptoethanol=0.01 _ nan _ ,2.4.1.14,,,,,
5613,3373,,inorganic pyrophosphatase,,CHB_15377 + CHB_18361 = 2 CHB_26078,pyrophosphate(aq) + H2O(l) = 2 orthophosphate(aq),,85DEM/BEH,,,303.15,8,390.8442956,,radioactivity,"Tris (0.050 mol dm-3) + HCl, Mops (0.050 mol dm-3) or {Tris (0.050 mol dm-3) + HCl} or Mes (0.050 mol dm-3)","mol/L;Tris-HCl=0.05;pyrophosphate=0.001;orthophosphate=0;(Mg)1(Cl)2=0.0009 _ MgCl2 (0.009 mol/L), orthophosphate (0.001 mol/L) _ ",3.6.1.1,,,,,
5614,3382,,inorganic pyrophosphatase,,CHB_15377 + CHB_18361 = 2 CHB_26078,pyrophosphate(aq) + H2O(l) = 2 orthophosphate(aq),,85DEM/BEH,,,303.15,6.2,141.3039649,,radioactivity,"Mes (0.050 mol dm-3), Mops (0.050 mol dm-3) or {Tris (0.050 mol dm-3) + HCl} or Mes (0.050 mol dm-3)","mol/L;MES buffer=0.05;pyrophosphate=0.001;orthophosphate=0;(Mg)1(Cl)2=0.025 _ MgCl2 (0.02 mol/L), orthophosphate (0.001 mol/L) _ ",3.6.1.1,,,,,
5615,3390,,succinate-semialdehyde reductase,,CHB_16474 + CHB_57706 = CHB_16724 + CHB_18009,4-oxobutanoate(aq) + NADPH(aq) = 4-hydroxybutanoate(aq) + NADP(aq),,85HEA/CHU,,,298.15,7.2,3.65955,,spectrophotometry,potassium phosphate (0.10 mol dm-3),mol/L;potassium phosphate buffer=0.1;4-hydroxybutanoate=0.00005;NADP=0.00002;4-oxobutanoate=0;NADPH=0 _ nan _ ,1.2.1.a,,,,,
5616,3394,,phosphomevalonate kinase,,CHB_17436 + PBC_123766 = CHB_15899 + PBC_6912713,ATP-b--S(aq) + (R)-5-phosphomevalonate(aq) = ADP-b--S(aq) + (R)-5-diphosphomevalonate(aq),,85LEE/OSU,,,303.15,8,84,,NMR and radioassay,Hepes (0.10 mol dm-3) + KOH,mol/L;HEPES-KOH=0.2;ATP-b--S=0.0051;(R)-5-phosphomevalonate=0.0052;(Mg)1(Cl)2=0.0079;DTT=0.001;ADP-b--S=0;(R)-5-diphosphomevalonate=0 _ nan _ ,2.7.4.2,,,,,
5617,3395,,phosphomevalonate kinase,,CHB_17436 + PBC_440317 = CHB_16761 + MAN_10035,ATP-g--S(aq) + (R)-5-phosphomevalonate(aq) = ADP(aq) + 2-thio-5-diphosphomevalonate(aq),,85LEE/OSU,,,303.15,8,1,,NMR and radioassay,Hepes (0.10 mol dm-3) + KOH,mol/L;HEPES-KOH=0.2;ATP-g--S=0.0082;(R)-5-phosphomevalonate=0.0083;(Mg)1(Cl)2=0.01;DTT=0.001;ADP=0;2-thio-5-diphosphomevalonate=0 _ nan _ ,2.7.4.2,,,,,
5618,3396,,phosphomevalonate kinase,,CHB_15422 + CHB_17436 = CHB_15899 + CHB_16761,ATP(aq) + (R)-5-phosphomevalonate(aq) = ADP(aq) + (R)-5-diphosphomevalonate(aq),,85LEE/OSU,,,303.15,8,1.65,,NMR and radioassay,,mol/L;HEPES-KOH=0.1;ATP=0.008;(R)-5-phosphomevalonate=0.008;(Mg)1(Cl)2=0.009;DTT=0.001;ADP=0;(R)-5-diphosphomevalonate=0 _ nan _ ,2.7.4.2,,,,,
5619,3397,,phosphomevalonate kinase,,CHB_17436 + MAN_10173 = CHB_15899 + MAN_10174,ATP-a--S(aq) + (R)-5-phosphomevalonate(aq) = ADP-a--S(aq) + (R)-5-diphosphomevalonate(aq),,85LEE/OSU,,,303.15,8,3.1,,NMR and radioassay,,mol/L;HEPES-KOH=0.1;ATP-a--S=0.005;(R)-5-phosphomevalonate=0.005;(Mg)1(Cl)2=0.006;DTT=0.001;ADP-a--S=0;(R)-5-diphosphomevalonate=0 _ nan _ ,2.7.4.2,,,,,
5620,3398,,phosphomevalonate kinase,,CHB_17436 + PBC_123766 = CHB_15899 + PBC_6912713,ATP-b--S(aq) + (R)-5-phosphomevalonate(aq) = ADP-b--S(aq) + (R)-5-diphosphomevalonate(aq),,85LEE/OSU,,,303.15,8,76,,NMR and radioassay,,mol/L;HEPES-KOH=0.1;ATP-b--S=0.0055;(R)-5-phosphomevalonate=0.0055;(Mg)1(Cl)2=0.0065;DTT=0.001;ADP-b--S=0;(R)-5-diphosphomevalonate=0 _ nan _ ,2.7.4.2,,,,,
5621,3406,,dihydrolipoamide dehydrogenase,,CHB_15846 + CHB_18047 = CHB_16908 + CHB_30313,dihydro--lipoate(aq) + NAD(aq) = lipoate(aq) + NADH(aq),,85LIE,,,311.15,6.72,0.088,,spectrophotometry,potassium phosphate (0.050 mol dm-3) or sodium pyrophosphate (0.030 mol dm-3),mol/L;IS=0.25; potassium phosphate buffer=0.05 _ nan _ ,1.8.1.4,,,,0.25,
5622,3438,,dihydrolipoamide dehydrogenase,,CHB_15846 + CHB_18047 = CHB_16908 + CHB_30313,dihydro--lipoate(aq) + NAD(aq) = lipoate(aq) + NADH(aq),,85LIE,,,311.15,7.07,0.34,,spectrophotometry,potassium phosphate (0.050 mol dm-3) or sodium pyrophosphate (0.030 mol dm-3),mol/L;IS=0.25; potassium phosphate buffer=0.05 _ nan _ ,1.8.1.4,,,,0.25,
5623,3597,,(R)-2-hydroxyglutarate dehydrogenase,,CHB_15846 + CHB_32796 = CHB_16810 + CHB_16908,(R)-2-hydroxyglutarate(aq) + NAD(aq) = 2-oxoglutarate(aq) + NADH(aq),,87BUC/MIL,,,298.15,7.44,4.15889e-05,,spectrophotometry,,mol/L;IS=0.101;(K)1(H2PO4)1=0.004;(K)2(HPO4)1=0.016;(Na)1(Cl)1=0.03;(R)-2-hydroxyglutarate=0.0062;NAD=0.002;2-oxoglutarate=0;NADH=0 _ nan _ ,1.1.1.-,,,,,
5624,3598,,(R)-2-hydroxyglutarate dehydrogenase,,CHB_15846 + CHB_32796 = CHB_16810 + CHB_16908,(R)-2-hydroxyglutarate(aq) + NAD(aq) = 2-oxoglutarate(aq) + NADH(aq),,87BUC/MIL,,,298.15,7.43,3.92964e-05,,spectrophotometry,,mol/L;IS=0.099;(K)1(H2PO4)1=0.004;(K)2(HPO4)1=0.016;(Na)1(Cl)1=0.019;(R)-2-hydroxyglutarate=0.0093;NAD=0.002;2-oxoglutarate=0;NADH=0 _ nan _ ,1.1.1.-,,,,,
5625,3599,,(R)-2-hydroxyglutarate dehydrogenase,,CHB_15846 + CHB_32796 = CHB_16810 + CHB_16908,(R)-2-hydroxyglutarate(aq) + NAD(aq) = 2-oxoglutarate(aq) + NADH(aq),,87BUC/MIL,,,298.15,7.45,3.97392e-05,,spectrophotometry,,mol/L;IS=0.099;(K)1(H2PO4)1=0.004;(K)2(HPO4)1=0.016;(Na)1(Cl)1=0.01;(R)-2-hydroxyglutarate=0.0124;NAD=0.002;2-oxoglutarate=0;NADH=0 _ nan _ ,1.1.1.-,,,,,
5626,3600,,(R)-2-hydroxyglutarate dehydrogenase,,CHB_15846 + CHB_32796 = CHB_16810 + CHB_16908,(R)-2-hydroxyglutarate(aq) + NAD(aq) = 2-oxoglutarate(aq) + NADH(aq),,87BUC/MIL,,,298.15,7.45,4.93217e-05,,spectrophotometry,,mol/L;IS=0.1;(K)1(H2PO4)1=0.004;(K)2(HPO4)1=0.016;(Na)1(Cl)1=0.02;(R)-2-hydroxyglutarate=0.0093;NAD=0.001;2-oxoglutarate=0;NADH=0 _ nan _ ,1.1.1.-,,,,,
5627,3601,,(R)-2-hydroxyglutarate dehydrogenase,,CHB_15846 + CHB_32796 = CHB_16810 + CHB_16908,(R)-2-hydroxyglutarate(aq) + NAD(aq) = 2-oxoglutarate(aq) + NADH(aq),,87BUC/MIL,,,298.15,6.92,1.18942e-05,,spectrophotometry,,mol/L;IS=0.104;(K)1(H2PO4)1=0.01;(K)2(HPO4)1=0.015;(Na)1(Cl)1=0.03;(R)-2-hydroxyglutarate=0.0062;NAD=0.002;2-oxoglutarate=0;NADH=0 _ nan _ ,1.1.1.-,,,,,
5628,3602,,(R)-2-hydroxyglutarate dehydrogenase,,CHB_15846 + CHB_32796 = CHB_16810 + CHB_16908,(R)-2-hydroxyglutarate(aq) + NAD(aq) = 2-oxoglutarate(aq) + NADH(aq),,87BUC/MIL,,,298.15,6.91,1.17048e-05,,spectrophotometry,,mol/L;IS=0.104;(K)1(H2PO4)1=0.01;(K)2(HPO4)1=0.015;(Na)1(Cl)1=0.021;(R)-2-hydroxyglutarate=0.0093;NAD=0.002;2-oxoglutarate=0;NADH=0 _ nan _ ,1.1.1.-,,,,,
5629,3603,,(R)-2-hydroxyglutarate dehydrogenase,,CHB_15846 + CHB_32796 = CHB_16810 + CHB_16908,(R)-2-hydroxyglutarate(aq) + NAD(aq) = 2-oxoglutarate(aq) + NADH(aq),,87BUC/MIL,,,298.15,6.91,1.07294e-05,,spectrophotometry,"Tris + HCl, (Tris + HCl) and phosphate",mol/L;IS=0.104;(K)1(H2PO4)1=0.01;(K)2(HPO4)1=0.015;(Na)1(Cl)1=0.012;(R)-2-hydroxyglutarate=0.0124;NAD=0.002;2-oxoglutarate=0;NADH=0 _ nan _ ,1.1.1.-,,,,,
5630,3604,,(R)-2-hydroxyglutarate dehydrogenase,,CHB_15846 + CHB_32796 = CHB_16810 + CHB_16908,(R)-2-hydroxyglutarate(aq) + NAD(aq) = 2-oxoglutarate(aq) + NADH(aq),,87BUC/MIL,,,298.15,6.91,1.18673e-05,,spectrophotometry,"phosphate, (Tris + HCl) and phosphate",mol/L;IS=0.104;(K)1(H2PO4)1=0.01;(K)2(HPO4)1=0.015;(Na)1(Cl)1=0.003;(R)-2-hydroxyglutarate=0.0155;NAD=0.002;2-oxoglutarate=0;NADH=0 _ nan _ ,1.1.1.-,,,,,
5631,3620,,phenylalanine ammonia-lyase,,CHB_17295 = CHB_16134 + CHB_35697,L-phenylalanine(aq) = trans-cinnamate(aq) + ammonia(aq),,87TEW/GAJ,,,292.15,7.64,2.08,,HPLC,Tris (0.1 mol dm-3) + HCl,mol/kg;IS=1.05 _ nan _ ,4.3.1.5,,,,1.05,
5632,3627,,phenylalanine ammonia-lyase,,CHB_17295 = CHB_16134 + CHB_35697,L-phenylalanine(aq) = trans-cinnamate(aq) + ammonia(aq),,87TEW/GAJ,,,309.95,7.27,3.53,,HPLC,Tris (0.1 mol dm-3) + HCl,mol/kg;IS=2.06 _ nan _ ,4.3.1.5,,,,2.06,
5633,3630,,phenylalanine ammonia-lyase,,CHB_17295 = CHB_16134 + CHB_35697,L-phenylalanine(aq) = trans-cinnamate(aq) + ammonia(aq),,87TEW/GAJ,,,292.15,7.6,2.1,,HPLC,Tris (0.1 mol dm-3) + HCl,mol/kg;IS=1.05 _ nan _ ,4.3.1.5,,,,1.05,
5634,3631,,phenylalanine ammonia-lyase,,CHB_17295 = CHB_16134 + CHB_35697,L-phenylalanine(aq) = trans-cinnamate(aq) + ammonia(aq),,87TEW/GAJ,,,298.05,7.69,2.44,,HPLC,Tris (0.1 mol dm-3) + HCl,mol/kg;IS=1.05 _ nan _ ,4.3.1.5,,,,1.05,
5635,3632,,phenylalanine ammonia-lyase,,CHB_17295 = CHB_16134 + CHB_35697,L-phenylalanine(aq) = trans-cinnamate(aq) + ammonia(aq),,87TEW/GAJ,,,304.45,7.63,3.1,,HPLC,Tris (0.1 mol dm-3) + HCl,mol/kg;IS=1.05 _ nan _ ,4.3.1.5,,,,1.05,
5636,3633,,phenylalanine ammonia-lyase,,CHB_17295 = CHB_16134 + CHB_35697,L-phenylalanine(aq) = trans-cinnamate(aq) + ammonia(aq),,87TEW/GAJ,,,309.95,6.98,3.69,,HPLC,Tris (0.1 mol dm-3) + HCl,mol/kg;IS=1.05 _ nan _ ,4.3.1.5,,,,1.05,
5637,3635,,phenylalanine ammonia-lyase,,CHB_17295 = CHB_16134 + CHB_35697,L-phenylalanine(aq) = trans-cinnamate(aq) + ammonia(aq),,87TEW/GAJ,,,309.95,7.71,3.54,,HPLC,Tris (0.1 mol dm-3) + HCl,mol/kg;IS=1.05 _ nan _ ,4.3.1.5,,,,1.05,
5638,3636,,phenylalanine ammonia-lyase,,CHB_17295 = CHB_16134 + CHB_35697,L-phenylalanine(aq) = trans-cinnamate(aq) + ammonia(aq),,87TEW/GAJ,,,309.95,7.38,3.77,,HPLC,Tris (0.1 mol dm-3) + HCl,mol/kg;IS=1.55 _ nan _ ,4.3.1.5,,,,1.55,
5639,3637,,phenylalanine ammonia-lyase,,CHB_17295 = CHB_16134 + CHB_35697,L-phenylalanine(aq) = trans-cinnamate(aq) + ammonia(aq),,87TEW/GAJ,,,309.95,7.28,3.63,,HPLC,Tris (0.1 mol dm-3) + HCl,mol/kg;IS=2.06 _ nan _ ,4.3.1.5,,,,2.06,
5640,3638,,phenylalanine ammonia-lyase,,CHB_17295 = CHB_16134 + CHB_35697,L-phenylalanine(aq) = trans-cinnamate(aq) + ammonia(aq),,87TEW/GAJ,,,316.45,7.2,4.51,,HPLC,Tris (0.1 mol dm-3) + HCl,mol/kg;IS=1.05 _ nan _ ,4.3.1.5,,,,1.05,
5641,3692,,arginine kinase,,CHB_15422 + CHB_16467 = CHB_16761 + CHB_18412,ATP(aq) + L-arginine(aq) = ADP(aq) + N-w-phospho-L-arginine(aq),,89ELL,,,308.15,7.25,0.0757576,,NMR and enzymatic assay,mercaptoethanol (0.014 mol dm-3) + Hepes (0.050 mol dm-3),mol/L;phosphocreatine=0.01;L-arginine=0.01;ATP=0.002;magnesium acetate=0.004;(K)1(Cl)1=0.05;2-mercaptoethanol=0.014;HEPES=0.05;ADP=0;N-w-phospho-L-arginine=0 _ nan _ ,2.7.3.3,,,,,
5642,3693,,guanidinoacetate kinase,,CHB_15422 + CHB_16344 = CHB_16034 + CHB_16761,ATP(aq) + guanidinoacetate(aq) = ADP(aq) + phosphoguanidinoacetate(aq),,89ELL,,,308.15,7.25,0.0344828,,NMR and enzymatic assay,mercaptoethanol (0.014 mol dm-3) + Hepes (0.050 mol dm-3),mol/L;phosphocreatine=0.01;guanidinoacetate=0.01;ATP=0.002;magnesium acetate=0.004;(K)1(Cl)1=0.05;2-mercaptoethanol=0.014;HEPES=0.05;ADP=0;phosphoguanidinoacetate=0 _ nan _ ,2.7.3.1,,,,,
5643,3694,,taurocyamine kinase,,CHB_15422 + CHB_17228 = CHB_16761 + PBC_439923,ATP(aq) + taurocyamine(aq) = ADP(aq) + N-w-phosphotaurocyamine(aq),,89ELL,,,308.15,7.25,0.0341297,,NMR and enzymatic assay,mercaptoethanol (0.014 mol dm-3) + Hepes (0.050 mol dm-3),mol/L;phosphocreatine=0.01;taurocyamine=0.01;ATP=0.002;magnesium acetate=0.004;(K)1(Cl)1=0.05;2-mercaptoethanol=0.014;HEPES=0.05;ADP=0;N-w-phosphotaurocyamine=0 _ nan _ ,2.7.3.4,,,,,
5644,3695,,lombricine kinase,,CHB_15422 + CHB_16585 = CHB_16761 + CHB_18039,ATP(aq) + lombricine(aq) = ADP(aq) + N-w-phospholombricine(aq),,89ELL,,,308.15,7.25,0.0309598,,NMR and enzymatic assay,mercaptoethanol (0.014 mol dm-3) + Hepes (0.050 mol dm-3),mol/L;phosphocreatine=0.01;lombricine=0.01;ATP=0.002;magnesium acetate=0.004;(K)1(Cl)1=0.05;2-mercaptoethanol=0.014;HEPES=0.05;ADP=0;N-w-phospholombricine=0 _ nan _ ,2.7.3.5,,,,,
5645,3701,,phosphoglucomutase,,CHB_16077 = CHB_4170,D-glucose 1-phosphate(aq) = D-glucose 6-phosphate(aq),,89GOL/TEW2,,,298.15,8.48,17.12,,HPLC,Tris (0.1 mol dm-3) + HCl,mol/L;Tris-HCl=0.1 _ nan _ ,5.4.2.2,,,,,
5646,3702,,sucrose phosphorylase,,CHB_17992 + CHB_26078 = CHB_16077 + CHB_37721,sucrose(aq) + orthophosphate(aq) = D-glucose 1-phosphate(aq) + D-fructose(aq),,89GOL/TEW2,,,298.15,8.25,31.5,,HPLC,Tris (0.1 mol dm-3) + HCl,mol/L;Tris-HCl=0.1 _ nan _ ,2.4.1.7,,,,,
5647,3720,,carnitine dehydratase,,CHB_16347 = CHB_15377 + CHB_1774,L-carnitine(aq) = 4-(trimethylammonio)but-2-enoate(aq) + H2O(l),,89JUN/JUN,,,310.15,7.8,0.667,,radioactivity,potassium phosphate (0.05 mol dm-3),mol/L;phosphate buffer=0.05 _ nan _ ,4.2.1.89,,,,,
5648,3721,,creatine kinase,,CHB_15422 + CHB_16919 = CHB_16761 + CHB_17287,ATP(aq) + creatine(aq) = ADP(aq) + phosphocreatine(aq),,89LOP/COH,,,309.15,7.2,0.009209608,,NMR,potassium acetate (0.140 mol dm-3) + KHCO3 (0.006 mol dm-3) + (KH2PO4 + Na2HPO4) (0.001 mol dm-3),mol/L;creatine=0.0254;ATP=0.00395;phosphocreatine=0.00088;ADP=0.00105;magnesium acetate=0.006;(K)1(Cl)1=0.004;(K)1(HCO3)1=0.006;potassium acetate=0.14;(K)1(H2PO4)1=0.0004;(Na)2(HPO4)1=0.0006 _ nan _ ,2.7.3.2,,,,,
5649,3722,,creatine kinase,,CHB_15422 + CHB_16919 = CHB_16761 + CHB_17287,ATP(aq) + creatine(aq) = ADP(aq) + phosphocreatine(aq),,89LOP/COH,,,309.15,7.1,0.005476819,,NMR,potassium acetate (0.140 mol dm-3) + KHCO3 (0.006 mol dm-3) + (KH2PO4 + Na2HPO4) (0.001 mol dm-3),mol/L;creatine=0.0257;ATP=0.00411;phosphocreatine=0.00065;ADP=0.00089;magnesium acetate=0.006;(K)1(Cl)1=0.004;(K)1(HCO3)1=0.006;potassium acetate=0.14;(K)1(H2PO4)1=0.0004;(Na)2(HPO4)1=0.0006 _ nan _ ,2.7.3.2,,,,,
5650,3723,,creatine kinase,,CHB_15422 + CHB_16919 = CHB_16761 + CHB_17287,ATP(aq) + creatine(aq) = ADP(aq) + phosphocreatine(aq),,89LOP/COH,,,309.15,6.7,0.004039459,,NMR,potassium acetate (0.140 mol dm-3) + KHCO3 (0.006 mol dm-3) + (KH2PO4 + Na2HPO4) (0.001 mol dm-3),mol/L;creatine=0.0256;ATP=0.00434;phosphocreatine=0.00068;ADP=0.00066;magnesium acetate=0.006;(K)1(Cl)1=0.004;(K)1(HCO3)1=0.006;potassium acetate=0.14;(K)1(H2PO4)1=0.0004;(Na)2(HPO4)1=0.0006 _ nan _ ,2.7.3.2,,,,,
5651,3724,,creatine kinase,,CHB_15422 + CHB_16919 = CHB_16761 + CHB_17287,ATP(aq) + creatine(aq) = ADP(aq) + phosphocreatine(aq),,89LOP/COH,,,309.15,6.8,0.004704162,,NMR,potassium acetate (0.140 mol dm-3) + KHCO3 (0.006 mol dm-3) + (KH2PO4 + Na2HPO4) (0.001 mol dm-3),mol/L;creatine=0.0256;ATP=0.00422;phosphocreatine=0.00066;ADP=0.00077;magnesium acetate=0.006;(K)1(Cl)1=0.004;(K)1(HCO3)1=0.006;potassium acetate=0.14;(K)1(H2PO4)1=0.0004;(Na)2(HPO4)1=0.0006 _ nan _ ,2.7.3.2,,,,,
5652,3725,,creatine kinase,,CHB_15422 + CHB_16919 = CHB_16761 + CHB_17287,ATP(aq) + creatine(aq) = ADP(aq) + phosphocreatine(aq),,89LOP/COH,,,309.15,7.1,0.008229426,,NMR,potassium acetate (0.140 mol dm-3) + KHCO3 (0.006 mol dm-3) + (KH2PO4 + Na2HPO4) (0.001 mol dm-3),mol/L;creatine=0.0255;ATP=0.00401;phosphocreatine=0.00085;ADP=0.00099;magnesium acetate=0.006;(K)1(Cl)1=0.004;(K)1(HCO3)1=0.006;potassium acetate=0.14;(K)1(H2PO4)1=0.0004;(Na)2(HPO4)1=0.0006 _ nan _ ,2.7.3.2,,,,,
5653,3726,,creatine kinase,,CHB_15422 + CHB_16919 = CHB_16761 + CHB_17287,ATP(aq) + creatine(aq) = ADP(aq) + phosphocreatine(aq),,89LOP/COH,,,309.15,7,0.006345274,,NMR,potassium acetate (0.140 mol dm-3) + KHCO3 (0.006 mol dm-3) + (KH2PO4 + Na2HPO4) (0.001 mol dm-3),mol/L;creatine=0.0256;ATP=0.0041;phosphocreatine=0.00074;ADP=0.0009;magnesium acetate=0.006;(K)1(Cl)1=0.004;(K)1(HCO3)1=0.006;potassium acetate=0.14;(K)1(H2PO4)1=0.0004;(Na)2(HPO4)1=0.0006 _ nan _ ,2.7.3.2,,,,,
5654,3728,,creatine kinase,,CHB_15422 + CHB_16919 = CHB_16761 + CHB_17287,ATP(aq) + creatine(aq) = ADP(aq) + phosphocreatine(aq),,89LOP/COH,,,309.15,6.9,0.004956657,,NMR,potassium acetate (0.140 mol dm-3) + KHCO3 (0.006 mol dm-3) + (KH2PO4 + Na2HPO4) (0.001 mol dm-3),mol/L;creatine=0.0257;ATP=0.00417;phosphocreatine=0.00064;ADP=0.00083;magnesium acetate=0.006;(K)1(Cl)1=0.004;(K)1(HCO3)1=0.006;potassium acetate=0.14;(K)1(H2PO4)1=0.0004;(Na)2(HPO4)1=0.0006 _ nan _ ,2.7.3.2,,,,,
5655,3729,,creatine kinase,,CHB_15422 + CHB_16919 = CHB_16761 + CHB_17287,ATP(aq) + creatine(aq) = ADP(aq) + phosphocreatine(aq),,89LOP/COH,,,309.15,7.2,0.010380485,,NMR,potassium acetate (0.140 mol dm-3) + KHCO3 (0.006 mol dm-3) + (KH2PO4 + Na2HPO4) (0.001 mol dm-3),mol/L;creatine=0.0253;ATP=0.00396;phosphocreatine=0.001;ADP=0.00104;magnesium acetate=0.006;(K)1(Cl)1=0.004;(K)1(HCO3)1=0.006;potassium acetate=0.14;(K)1(H2PO4)1=0.0004;(Na)2(HPO4)1=0.0006 _ nan _ ,2.7.3.2,,,,,
5656,3730,,creatine kinase,,CHB_15422 + CHB_16919 = CHB_16761 + CHB_17287,ATP(aq) + creatine(aq) = ADP(aq) + phosphocreatine(aq),,89LOP/COH,,,309.15,7.1,0.005540704,,NMR,potassium acetate (0.140 mol dm-3) + KHCO3 (0.006 mol dm-3) + (KH2PO4 + Na2HPO4) (0.001 mol dm-3),mol/L;creatine=0.0257;ATP=0.00409;phosphocreatine=0.00064;ADP=0.00091;magnesium acetate=0.006;(K)1(Cl)1=0.004;(K)1(HCO3)1=0.006;potassium acetate=0.14;(K)1(H2PO4)1=0.0004;(Na)2(HPO4)1=0.0006 _ nan _ ,2.7.3.2,,,,,
5657,3731,,creatine kinase,,CHB_15422 + CHB_16919 = CHB_16761 + CHB_17287,ATP(aq) + creatine(aq) = ADP(aq) + phosphocreatine(aq),,89LOP/COH,,,309.15,7,0.00563265,,NMR,potassium acetate (0.140 mol dm-3) + KHCO3 (0.006 mol dm-3) + (KH2PO4 + Na2HPO4) (0.001 mol dm-3),mol/L;creatine=0.0258;ATP=0.00791;phosphocreatine=0.00055;ADP=0.00209;magnesium acetate=0.006;(K)1(Cl)1=0.004;(K)1(HCO3)1=0.006;potassium acetate=0.14;(K)1(H2PO4)1=0.0004;(Na)2(HPO4)1=0.0006 _ nan _ ,2.7.3.2,,,,,
5658,3732,,creatine kinase,,CHB_15422 + CHB_16919 = CHB_16761 + CHB_17287,ATP(aq) + creatine(aq) = ADP(aq) + phosphocreatine(aq),,89LOP/COH,,,309.15,6.9,0.004052815,,NMR,potassium acetate (0.140 mol dm-3) + KHCO3 (0.006 mol dm-3) + (KH2PO4 + Na2HPO4) (0.001 mol dm-3),mol/L;creatine=0.0259;ATP=0.00779;phosphocreatine=0.00037;ADP=0.00221;magnesium acetate=0.006;(K)1(Cl)1=0.004;(K)1(HCO3)1=0.006;potassium acetate=0.14;(K)1(H2PO4)1=0.0004;(Na)2(HPO4)1=0.0006 _ nan _ ,2.7.3.2,,,,,
5659,3733,,creatine kinase,,CHB_15422 + PBC_2896 = CHB_16761 + PBC_124896,ATP(aq) + cyclocreatine(aq) = ADP(aq) + phosphocyclocreatine(aq),,89LOP/COH,,,309.15,6.9,0.140394543,,NMR,potassium acetate (0.140 mol dm-3) + KHCO3 (0.006 mol dm-3) + (KH2PO4 + Na2HPO4) (0.001 mol dm-3),mol/L;cyclocreatine=0.0238;ATP=0.00223;phosphocyclocreatine=0.00269;ADP=0.00277;magnesium acetate=0.006;(K)1(Cl)1=0.004;(K)1(HCO3)1=0.006;potassium acetate=0.14;(K)1(H2PO4)1=0.0004;(Na)2(HPO4)1=0.0006 _ nan _ ,2.7.3.2,,,,,
5660,3735,,creatine kinase,,CHB_15422 + PBC_2896 = CHB_16761 + PBC_124896,ATP(aq) + cyclocreatine(aq) = ADP(aq) + phosphocyclocreatine(aq),,89LOP/COH,,,309.15,6.7,0.077304834,,NMR,potassium acetate (0.140 mol dm-3) + KHCO3 (0.006 mol dm-3) + (KH2PO4 + Na2HPO4) (0.001 mol dm-3),mol/L;cyclocreatine=0.0243;ATP=0.00268;phosphocyclocreatine=0.00217;ADP=0.00232;magnesium acetate=0.006;(K)1(Cl)1=0.004;(K)1(HCO3)1=0.006;potassium acetate=0.14;(K)1(H2PO4)1=0.0004;(Na)2(HPO4)1=0.0006 _ nan _ ,2.7.3.2,,,,,
5661,3736,,creatine kinase,,CHB_15422 + PBC_2896 = CHB_16761 + PBC_124896,ATP(aq) + cyclocreatine(aq) = ADP(aq) + phosphocyclocreatine(aq),,89LOP/COH,,,309.15,6.9,0.156000916,,NMR,potassium acetate (0.140 mol dm-3) + KHCO3 (0.006 mol dm-3) + (KH2PO4 + Na2HPO4) (0.001 mol dm-3),mol/L;cyclocreatine=0.0236;ATP=0.00222;phosphocyclocreatine=0.00294;ADP=0.00278;magnesium acetate=0.006;(K)1(Cl)1=0.004;(K)1(HCO3)1=0.006;potassium acetate=0.14;(K)1(H2PO4)1=0.0004;(Na)2(HPO4)1=0.0006 _ nan _ ,2.7.3.2,,,,,
5662,3737,,creatine kinase,,CHB_15422 + PBC_2896 = CHB_16761 + PBC_124896,ATP(aq) + cyclocreatine(aq) = ADP(aq) + phosphocyclocreatine(aq),,89LOP/COH,,,309.15,6.9,0.15005892,,NMR,potassium acetate (0.140 mol dm-3) + KHCO3 (0.006 mol dm-3) + (KH2PO4 + Na2HPO4) (0.001 mol dm-3),mol/L;cyclocreatine=0.0237;ATP=0.00222;phosphocyclocreatine=0.00284;ADP=0.00278;magnesium acetate=0.006;(K)1(Cl)1=0.004;(K)1(HCO3)1=0.006;potassium acetate=0.14;(K)1(H2PO4)1=0.0004;(Na)2(HPO4)1=0.0006 _ nan _ ,2.7.3.2,,,,,
5663,3738,,creatine kinase,,CHB_15422 + PBC_2896 = CHB_16761 + PBC_124896,ATP(aq) + cyclocreatine(aq) = ADP(aq) + phosphocyclocreatine(aq),,89LOP/COH,,,309.15,7,0.196428571,,NMR,potassium acetate (0.140 mol dm-3) + KHCO3 (0.006 mol dm-3) + (KH2PO4 + Na2HPO4) (0.001 mol dm-3),mol/L;cyclocreatine=0.00152;ATP=0.00791;phosphocyclocreatine=0.00113;ADP=0.00209;magnesium acetate=0.006;(K)1(Cl)1=0.004;(K)1(HCO3)1=0.006;potassium acetate=0.14;(K)1(H2PO4)1=0.0004;(Na)2(HPO4)1=0.0006 _ nan _ ,2.7.3.2,,,,,
5664,3739,,creatine kinase,,CHB_15422 + PBC_2896 = CHB_16761 + PBC_124896,ATP(aq) + cyclocreatine(aq) = ADP(aq) + phosphocyclocreatine(aq),,89LOP/COH,,,309.15,6.9,0.138505293,,NMR,potassium acetate (0.140 mol dm-3) + KHCO3 (0.006 mol dm-3) + (KH2PO4 + Na2HPO4) (0.001 mol dm-3),mol/L;cyclocreatine=0.00297;ATP=0.00779;phosphocyclocreatine=0.00145;ADP=0.00221;magnesium acetate=0.006;(K)1(Cl)1=0.004;(K)1(HCO3)1=0.006;potassium acetate=0.14;(K)1(H2PO4)1=0.0004;(Na)2(HPO4)1=0.0006 _ nan _ ,2.7.3.2,,,,,
5665,3741,,creatine kinase,,CHB_17287 + PBC_2896 = CHB_16919 + PBC_124896,phosphocreatine(aq) + cyclocreatine(aq) = creatine(aq) + phosphocyclocreatine(aq),,89LOP/COH,,,309.15,7,34.17508418,,NMR,potassium acetate (0.140 mol dm-3) + KHCO3 (0.006 mol dm-3) + (KH2PO4 + Na2HPO4) (0.001 mol dm-3),mol/L;creatine=0.0259;cyclocreatine=0.00297;phosphocreatine=0.00037;phosphocyclocreatine=0.00145;magnesium acetate=0.011;(K)1(Cl)1=0.004;(K)1(HCO3)1=0.006;potassium acetate=0.14;(K)1(H2PO4)1=0.0004;(Na)2(HPO4)1=0.0006;ATP=0.01 _ nan _ ,2.7.3.2,,,,,
5666,3965,,methylenetetrahydrofolate dehydrogenase (NAD+),,CHB_1989 + PBC_123926 = CHB_15638 + MAN_10059,"5,10-methylenetetrahydrofolate(aq) + AP-NAD(aq) = 5,10-methenyltetrahydrofolate(aq) + AP-NADH(aq)",,91WOH/DIE,,,310.15,8.25,0.126482,,spectrophotometry,Tris (0.1 mol dm-3) + HCl,"mol/L;Tris-HCl=0.1;thioglycolic acid=0.05;5,10-methylenetetrahydrofolate=0.00011;AP-NAD=0.00069;5,10-methenyltetrahydrofolate=0.00012;AP-NADH=0.00008 _ nan _ ",1.5.1.15,,,,,
5667,3966,,methylenetetrahydrofolate dehydrogenase (NAD+),,CHB_1989 + PBC_123926 = CHB_15638 + MAN_10059,"5,10-methylenetetrahydrofolate(aq) + AP-NAD(aq) = 5,10-methenyltetrahydrofolate(aq) + AP-NADH(aq)",,91WOH/DIE,,,310.15,7.2,0.00595238,,spectrophotometry,Tris (0.1 mol dm-3) + HCl,"mol/L;Tris-HCl=0.1;thioglycolic acid=0.05;5,10-methylenetetrahydrofolate=0.00024;AP-NAD=0.00028;5,10-methenyltetrahydrofolate=0.00002;AP-NADH=0.00002 _ nan _ ",1.5.1.15,,,,,
5668,3967,,methylenetetrahydrofolate dehydrogenase (NAD+),,CHB_15846 + CHB_1989 = CHB_15638 + CHB_16908,"5,10-methylenetetrahydrofolate(aq) + NAD(aq) = 5,10-methenyltetrahydrofolate(aq) + NADH(aq)",,91WOH/DIE,,,310.15,7.9,0.00176512,,spectrophotometry,Tris (0.1 mol dm-3) + HCl,"mol/L;Tris-HCl=0.1;2-mercaptoethanol=0.05;5,10-methylenetetrahydrofolate=0.00014;NAD=0.01214;5,10-methenyltetrahydrofolate=0.00006;NADH=0.00005 _ nan _ ",1.5.1.15,,,,,
5669,3968,,methylenetetrahydrofolate dehydrogenase (NAD+),,CHB_15846 + CHB_1989 = CHB_15638 + CHB_16908,"5,10-methylenetetrahydrofolate(aq) + NAD(aq) = 5,10-methenyltetrahydrofolate(aq) + NADH(aq)",,91WOH/DIE,,,310.15,7.8,0.000947643,,spectrophotometry,Tris (0.1 mol dm-3) + HCl,"mol/L;Tris-HCl=0.1;2-mercaptoethanol=0.05;5,10-methylenetetrahydrofolate=0.00014;NAD=0.01206;5,10-methenyltetrahydrofolate=0.00004;NADH=0.00004 _ nan _ ",1.5.1.15,,,,,
5670,3994,,fumarate hydratase,,CHB_15377 + CHB_29806 = CHB_15589,fumarate(aq) + H2O(l) = (S)-malate(aq),,92KER/KER,,,298.15,7.2,4.3,,spectrophotometry,potassium phosphate (0.05 mol dm-3),mol/L;potassium phosphate=0.05 _ nan _ ,4.2.1.2,,,,,
5671,4055,,glycine hydroxymethyltransferase,,CHB_15377 + CHB_15428 + CHB_1989 = CHB_15635 + CHB_17115,"5,10-methylenetetrahydrofolate(aq) + glycine(aq) + H2O(l) = tetrahydrofolate(aq) + L-serine(aq)",,93BES/REB,,,310.15,7.4,0.054054054,,radioactivity,KH2PO4 (0.020 mol dm-3),"mol/L;(K)1(H2PO4)1=0.02;EGTA=0.001;DTT=0.002;2-mercaptoethanol=0.001;tetrahydrofolate=0.0001;glycine=0.03;L-serine=0.002;5,10-methylenetetrahydrofolate=0 _ nan _ ",2.1.2.1,,,,,
5672,4056,,glycine hydroxymethyltransferase,,CHB_15377 + CHB_15428 + CHB_1989 = CHB_15635 + CHB_17115,"5,10-methylenetetrahydrofolate(aq) + glycine(aq) + H2O(l) = tetrahydrofolate(aq) + L-serine(aq)",,93BES/REB,,,310.15,7.4,0.071428571,,radioactivity,KH2PO4 (0.020 mol dm-3),"mol/L;(K)1(H2PO4)1=0.02;EGTA=0.001;DTT=0.002;2-mercaptoethanol=0.001;tetrahydrofolate=0.0001;glycine=0.01;L-serine=0.001;5,10-methylenetetrahydrofolate=0 _ nan _ ",2.1.2.1,,,,,
5673,4057,,glycine hydroxymethyltransferase,,CHB_15377 + CHB_15428 + CHB_1989 = CHB_15635 + CHB_17115,"5,10-methylenetetrahydrofolate(aq) + glycine(aq) + H2O(l) = tetrahydrofolate(aq) + L-serine(aq)",,93BES/REB,,,310.15,7.4,0.083333333,,radioactivity,KH2PO4 (0.020 mol dm-3),"mol/L;(K)1(H2PO4)1=0.02;EGTA=0.001;DTT=0.002;2-mercaptoethanol=0.001;tetrahydrofolate=0.0001;glycine=0.04;L-serine=0.001;5,10-methylenetetrahydrofolate=0 _ nan _ ",2.1.2.1,,,,,
5674,4070,,nicotinate phosphoribosyltransferase,,CHB_15763 + CHB_18361 = CHB_15940 + CHB_17111,Nicotinate D-ribonucleotide(aq) + pyrophosphate(aq) = nicotinic acid(aq) + 5-phospho--D-ribose 1-diphosphate(aq),,93VIN/GRU,,,303.15,8.3,1.5,,radioactivity,Tris,mol/L;K+_tot=0.2;L-glutamate=0.2;Tris=0.02;5-phospho--D-ribose 1-diphosphate=0.001;DTT=0.005;(Mg)1(SO4)1=0.004;nicotinic acid=0.0001;pyrophosphate=0;nicotinamide mononucleotide=0 _ nan _ ,2.4.2.11,,,,,
5675,4079,,_-lactamase,,CHB_15377 + CHB_18208 = CHB_61222,penicillin G(aq) + H2O(l) = penicillinoic acid(aq),,94KIS/TEW,,,298.15,6,3.81,,HPLC,phosphate,mol/kg;IS=0.247;K+_tot=0.1972;penicillin G=0.005094;penicillinoic acid=0.01941 _ nan _ ,3.5.2.6,,,,0.247,
5676,4080,,_-lactamase,,CHB_15377 + CHB_28971 = PBC_6453491,ampicillin(aq) + H2O(l) = ampicillinoic acid(aq),,94KIS/TEW,,,282.35,5.53,97,,HPLC,acetate,mol/kg;IS=0.157;Na+_tot=0.1008;ampicillin=0.000193;ampicillinoic acid=0.01874 _ nan _ ,3.5.2.6,,,,0.157,
5677,4108,,isochorismate synthase,,CHB_16134 + CHB_29748 = CHB_15377 + CHB_49197,chorismate(aq) + ammonia(aq) = 2-amino-2-deoxyisochorismate(aq) + H2O(l),,95KOZ/TOM,,,310.15,8,2.67,,HPLC,(NH4)2SO4 (0.050 mol dm-3),mol/L;Tris-HCl=0.1;(Mg)1(Cl)2=0.01;(NH4)2(SO4)1=0.05 _ nan _ ,5.4.99.6,,,,,
5678,4109,,isochorismate synthase,,CHB_29748 = CHB_29780,chorismate(aq) = isochorismate(aq),,95KOZ/TOM,,,310.15,8,0.55,,HPLC,(NH4)2SO4 (0.050 mol dm-3),mol/L;Tris-HCl=0.1;(Mg)1(Cl)2=0.01;(NH4)2(SO4)1=0.05 _ nan _ ,5.4.99.6,,,,,
5679,4125,,phosphoenolpyruvate mutase,,CHB_18021 = CHB_30935,phosphoenolpyruvate(aq) = 3-phosphonopyruvate(aq),,96KIM/DUN,,,298.15,7.5,0.00055,,spectrophotometry,Hepes (0.050 mol dm-3),mol/L; potassium HEPES=0.05; (Mg)1(Cl)2=0.005;phosphoenolpyruvate=0.03;3-phosphonopyruvate=0 _ nan _ ,5.4.2.9,,,,,
5680,4137,,L-iditol 2-dehydrogenase,,CHB_15846 + CHB_17924 = CHB_16908 + CHB_37721,D-sorbitol(aq) + NAD(aq) = D-fructose(aq) + NADH(aq),,96TEW/GOL,,,298.15,7.63,0.1384,,HPLC and spectrophotometry,phosphate,mol/kg;(K)2(HPO4)1=0.09861;(H)3(PO4)1=0.01047;NAD=0.0006268;D-sorbitol=0.0007515;NADH=0.0001582;D-fructose=0.0004121 _ nan _ ,1.1.1.14,,,,,
5681,4138,,L-iditol 2-dehydrogenase,,CHB_15846 + CHB_17924 = CHB_16908 + CHB_37721,D-sorbitol(aq) + NAD(aq) = D-fructose(aq) + NADH(aq),,96TEW/GOL,,,298.15,7.63,0.1185,,HPLC and spectrophotometry,phosphate,mol/kg;(K)2(HPO4)1=0.09862;(H)3(PO4)1=0.01048;NAD=0.0007185;D-sorbitol=0.0007133;NADH=0.0001557;D-fructose=0.0003902 _ nan _ ,1.1.1.14,,,,,
5682,4140,,L-iditol 2-dehydrogenase,,CHB_15846 + CHB_17924 = CHB_16908 + CHB_37721,D-sorbitol(aq) + NAD(aq) = D-fructose(aq) + NADH(aq),,96TEW/GOL,,,298.15,7.61,0.06987,,HPLC and spectrophotometry,phosphate,mol/kg;(K)2(HPO4)1=0.09864;(H)3(PO4)1=0.01048;NAD=0.001055;D-sorbitol=0.0006083;NADH=0.0001316;D-fructose=0.0003409 _ nan _ ,1.1.1.14,,,,,
5683,4141,,L-iditol 2-dehydrogenase,,CHB_15846 + CHB_18202 = CHB_16908 + CHB_48649,L-iditol(aq) + NAD(aq) = L-sorbose(aq) + NADH(aq),,96TEW/GOL,,,298.15,7.58,0.444,,HPLC and spectrophotometry,phosphate,mol/kg;(K)2(HPO4)1=0.09591;(H)3(PO4)1=0.01115;NAD=0.0003575;L-iditol=0.000918;NADH=0.0001726;L-sorbose=0.000844 _ nan _ ,1.1.1.14,,,,,
5684,4142,,L-iditol 2-dehydrogenase,,CHB_15846 + CHB_18202 = CHB_16908 + CHB_48649,L-iditol(aq) + NAD(aq) = L-sorbose(aq) + NADH(aq),,96TEW/GOL,,,298.15,7.58,0.2992,,HPLC and spectrophotometry,phosphate,mol/kg;(K)2(HPO4)1=0.09592;(H)3(PO4)1=0.01115;NAD=0.0004912;L-iditol=0.0008917;NADH=0.0001639;L-sorbose=0.0007994 _ nan _ ,1.1.1.14,,,,,
5685,4143,,L-iditol 2-dehydrogenase,,CHB_15846 + CHB_18202 = CHB_16908 + CHB_48649,L-iditol(aq) + NAD(aq) = L-sorbose(aq) + NADH(aq),,96TEW/GOL,,,298.15,7.57,0.2164,,HPLC and spectrophotometry,phosphate,mol/kg;(K)2(HPO4)1=0.09592;(H)3(PO4)1=0.01115;NAD=0.0006422;L-iditol=0.0008403;NADH=0.0001513;L-sorbose=0.0007719 _ nan _ ,1.1.1.14,,,,,
5686,4145,,L-iditol 2-dehydrogenase,,CHB_15846 + CHB_18202 = CHB_16908 + CHB_48649,L-iditol(aq) + NAD(aq) = L-sorbose(aq) + NADH(aq),,96TEW/GOL,,,298.15,7.58,0.1169,,HPLC and spectrophotometry,phosphate,mol/kg;(K)2(HPO4)1=0.09594;(H)3(PO4)1=0.01116;NAD=0.001045;L-iditol=0.0006992;NADH=0.0001333;L-sorbose=0.0006408 _ nan _ ,1.1.1.14,,,,,
5687,4146,,L-iditol 2-dehydrogenase,,CHB_15846 + CHB_18202 = CHB_16908 + CHB_48649,L-iditol(aq) + NAD(aq) = L-sorbose(aq) + NADH(aq),,96TEW/GOL,,,298.15,7.57,0.08432,,HPLC and spectrophotometry,phosphate,mol/kg;(K)2(HPO4)1=0.09595;(H)3(PO4)1=0.01116;NAD=0.001248;L-iditol=0.0006468;NADH=0.0001212;L-sorbose=0.0005618 _ nan _ ,1.1.1.14,,,,,
5688,4147,,L-iditol 2-dehydrogenase,,CHB_15846 + CHB_17151 = CHB_16908 + CHS_388344,xylitol(aq) + NAD(aq) = D-xylulose(aq) + NADH(aq),,96TEW/GOL,,,298.15,7.56,0.003628,,HPLC and spectrophotometry,phosphate,mol/kg;(K)2(HPO4)1=0.09526;(H)3(PO4)1=0.01107;NAD=0.0001252;xylitol=0.0003374;NADH=0.0001722;D-xylulose=0.0008898 _ nan _ ,1.1.1.14,,,,,
5689,4148,,L-iditol 2-dehydrogenase,,CHB_15846 + CHB_17151 = CHB_16908 + CHS_388344,xylitol(aq) + NAD(aq) = D-xylulose(aq) + NADH(aq),,96TEW/GOL,,,298.15,7.53,0.001684,,HPLC and spectrophotometry,phosphate,mol/kg;(K)2(HPO4)1=0.09533;(H)3(PO4)1=0.01108;NAD=0.0002492;xylitol=0.0003006;NADH=0.0001576;D-xylulose=0.0008006 _ nan _ ,1.1.1.14,,,,,
5690,4150,,L-iditol 2-dehydrogenase,,CHB_15846 + CHB_17151 = CHB_16908 + CHS_388344,xylitol(aq) + NAD(aq) = D-xylulose(aq) + NADH(aq),,96TEW/GOL,,,298.15,7.5,0.000969,,HPLC and spectrophotometry,phosphate,mol/kg;(K)2(HPO4)1=0.0954;(H)3(PO4)1=0.01108;NAD=0.0003727;xylitol=0.0002687;NADH=0.0001407;D-xylulose=0.0006898 _ nan _ ,1.1.1.14,,,,,
5691,4151,,L-iditol 2-dehydrogenase,,CHB_15846 + CHB_17151 = CHB_16908 + CHS_388344,xylitol(aq) + NAD(aq) = D-xylulose(aq) + NADH(aq),,96TEW/GOL,,,298.15,7.48,0.000757,,HPLC and spectrophotometry,phosphate,mol/kg;(K)2(HPO4)1=0.09545;(H)3(PO4)1=0.01109;NAD=0.0004524;xylitol=0.0002392;NADH=0.0001263;D-xylulose=0.0006487 _ nan _ ,1.1.1.14,,,,,
5692,4168,,arginine kinase,,CHB_15422 + CHB_16467 = CHB_16761 + CHB_18412,ATP(aq) + L-arginine(aq) = ADP(aq) + N-w-phospho-L-arginine(aq),,97CHA,,,298.15,7.2,0.057142857,,spectrophotometry,imidazole (0.1 mol dm-3),mol/L; imidazole=0.1 _ nan _ ,2.7.3.3,,,,,
5693,4180,,"glucan 1,4--glucosidase",,CHB_15377 + MAN_10161 = 2 CHB_4208,1-O--D-mannopyranosyl-D-mannofuranose(aq) + H2O(l) = 2 D-mannose(aq),,97PES/PRI,,,318.15,4.5,1258.06,,GC + MS,acetate (0.05 mol dm-3),mol/L;acetate buffer=0.05 _ nan _ ,3.2.1.3,,,,,
5694,4181,,"glucan 1,4--glucosidase",,CHB_15377 + MAN_10027 = CHB_28543 + CHB_4167,3-O--D-glucopyranosyl-lyxopyranose(aq) + H2O(l) = D-glucose(aq) + lyxose(aq),,97PES/PRI,,,318.15,4.5,329.661,,GC + MS,acetate (0.05 mol dm-3),mol/L;acetate buffer=0.05 _ nan _ ,3.2.1.3,,,,,
5695,4182,,"glucan 1,4--glucosidase",,CHB_15377 + CHS_21468848 = CHB_37721 + CHB_4167,4-O--D-glucopyranosyl-D-fructofuranose(aq) + H2O(l) = D-glucose(aq) + D-fructose(aq),,97PES/PRI,,,318.15,4.5,372.249,,GC + MS,acetate (0.05 mol dm-3),mol/L;acetate buffer=0.05 _ nan _ ,3.2.1.3,,,,,
5696,4183,,"glucan 1,4--glucosidase",,CHB_15377 + MAN_10163 = 2 CHB_4139,6-O--D-galactopyranosyl-D-galactopyranose(aq) + H2O(l) = 2 D-galactose(aq),,97PES/PRI,,,318.15,4.5,1037.33,,GC + MS,acetate (0.05 mol dm-3),mol/L;acetate buffer=0.05 _ nan _ ,3.2.1.3,,,,,
5697,4184,,"glucan 1,4--glucosidase",,CHB_15377 + MAN_10162 = 2 CHB_4208,6-O--D-mannopyranose-D-mannopyranose(aq) + H2O(l) = 2 D-mannose(aq),,97PES/PRI,,,318.15,4.5,417.112,,GC + MS,acetate (0.05 mol dm-3),mol/L;acetate buffer=0.05 _ nan _ ,3.2.1.3,,,,,
5698,4190,,hypoxanthine phosphoribosyltransferase,,CHB_17202 + CHB_18361 = CHB_17111 + CHB_17368,IMP(aq) + pyrophosphate(aq) = hypoxanthine(aq) + 5-phospho--D-ribose 1-diphosphate(aq),,97XU/EAD,,,303.15,7.4,6.25e-07,,radioactivity,Tris (0.10 mol dm-3) + HCl,mol/L;pyrophosphate=0.020;(Mg)1(Cl)2=0.020;DTT=0.005;Tris-HCl=0.1;IMP=0.001;hypoxanthine=0;5-phospho--D-ribose 1-diphosphate=0 _ nan _ ,2.4.2.8,,,,,
5699,4205,,penicillin amidase,,CHB_15377 + CHB_2676 = CHB_15695 + CHB_16705,amoxicillin(aq) + H2O(l) = 6-aminopenicillanic acid(aq) + D-(4-hydroxyphenyl)glycine(aq),,98DIE/STR,,,298.15,5.6,7.864211983,,HPLC,K2HPO4 (0.1 mol dm-3) + NaOH or HCl,mol/L;potassium phosphate buffer=0.1 _ nan _ ,3.5.1.11,,,,,
5700,4214,,"cyclohexa-1,5-diene-1-carboxyl-CoA (dienoyl-CoA) hydratase",,CHB_15377 + CHB_15520 = CHB_15505,"cyclohexa-1,5-diene-1-carboxyl-CoA(aq) + H2O(l) = 6-hydroxycyclohex-1-ene-carboxyl-CoA(aq)",,98LAE/EIS,,,310.15,7.4,0.018,,HPLC + radioactivity,potassium phosphate (0.1 mol dm-3),mol/L;potassium phosphate=0.1 _ nan _ ,4.2.1.-,,,,,
5701,4225,,malate dehydrogenase,,CHB_15589 + PBC_123927 = CHB_16452 + MAN_10009,(S)-malate(aq) + 3-acetylpyridine adenine dinucleotide(ox)(aq) = oxaloacetate(aq) + 3-acetylpyridine adenine dinucleotide(red)(aq),,98URB/BRA,,,298.15,8,0.00536,,spectrophotometry,Hepes (0.20 mol dm-3) + NaOH,mol/L;HEPES=0.2 _ nan _ ,1.1.1.37,,,,,
5702,4227,,GTP cyclohydrolase I,,CHB_15377 + CHB_15996 = MAN_10155,"GTP(aq) + H2O(l) = ((2R,3S,4R,5R)-5-(2-amino-5-formamido-6-oxo-3,6-dihydropyrimidin-4-ylamino)-3,4-dihydroxytetrahydrofuran-2-yl)methyl tetrahydrogen triphosphate(aq)",,99BRA/FIS,,,310.15,7,0.1,,spectrophotometry and NMR,potassium phosphate (0.010 mol dm-3),mol/L;potassium phosphate buffer=0.01 _ nan _ ,3.5.4.16,,,,,
5703,4231,,anandamide amidohydrolase,,CHB_15377 + CHB_2700 = CHB_15843 + CHB_16000,anandamide(aq) + H2O(l) = ethanolamine(aq) + arachidonic acid(aq),,99KAT/UED,,,310.15,9,0.204545,,radioactivity,{Tris (0.050 mol dm-3) + HCl},mol/L;Tris-HCl=0.05 _ nan _ ,3.5.1.a,,,,,
5704,4232,,anandamide amidohydrolase,,CHB_15377 + CHB_2700 = CHB_15843 + CHB_16000,anandamide(aq) + H2O(l) = ethanolamine(aq) + arachidonic acid(aq),,99KAT/UED,,,310.15,7.4,0.407895,,radioactivity,{Tris (0.050 mol dm-3) + HCl},mol/L;Tris-HCl=0.05 _ nan _ ,3.5.1.a,,,,,
5705,4233,,anandamide amidohydrolase,,CHB_15377 + CHB_2700 = CHB_15843 + CHB_16000,anandamide(aq) + H2O(l) = ethanolamine(aq) + arachidonic acid(aq),,99KAT/UED,,,310.15,6,1.53571,,radioactivity,citrate (0.050 mol dm-3),mol/L;citrate-sodium phosphate buffer=0.05 _ nan _ ,3.5.1.a,,,,,
5706,4234,,anandamide amidohydrolase,,CHB_15377 + CHB_71464 = CHB_15756 + CHB_16000,palmitoylethanolamide(aq) + H2O(l) = ethanolamine(aq) + palmitic acid(aq),,99KAT/UED,,,310.15,9,0.0217391,,radioactivity,Tris (0.050 mol dm-3) + HCl,mol/L;Tris-HCl=0.05 _ nan _ ,3.5.1.a,,,,,
5707,4263,,arginine kinase,,CHB_15422 + CHB_16467 = CHB_16761 + CHB_18412,ATP(aq) + L-arginine(aq) = ADP(aq) + Nomega-phospho-L-arginine(aq),,99TEA/DOB,,,298.15,7.158,0.02988064,,spectrophotometry,potassium phosphate (0.050 mol dm-3),mol/L;IS=0.25;Mg2+_free=0.00559;K+_tot=0.20023;(Cl)1=0.12891;(HPO4)1=0.033;(H2PO4)1=0.0165;ADP=0.00075;Nomega-phospho-L-arginine=0.000737;ATP=0.00387;L-arginine=0.00478 _ nan _ ,2.7.3.3,,,,0.25,
5708,4265,,arginine kinase,,CHB_15422 + CHB_16467 = CHB_16761 + CHB_18412,ATP(aq) + L-arginine(aq) = ADP(aq) + Nomega-phospho-L-arginine(aq),,99TEA/DOB,,,298.15,7.145,0.030691476,,spectrophotometry,potassium phosphate (0.050 mol dm-3),mol/L;IS=0.25;Mg2+_free=0.00559;K+_tot=0.20023;(Cl)1=0.12891;(HPO4)1=0.033;(H2PO4)1=0.0165;ADP=0.000715;Nomega-phospho-L-arginine=0.000799;ATP=0.00383;L-arginine=0.00486 _ nan _ ,2.7.3.3,,,,0.25,
5709,4267,,arginine kinase,,CHB_15422 + CHB_16467 = CHB_16761 + CHB_18412,ATP(aq) + L-arginine(aq) = ADP(aq) + Nomega-phospho-L-arginine(aq),,99TEA/DOB,,,298.15,7.115,0.024935435,,spectrophotometry,potassium phosphate (0.050 mol dm-3),mol/L;IS=0.25;Mg2+_free=0.0057;K+_tot=0.1999;(Cl)1=0.1288;(HPO4)1=0.033;(H2PO4)1=0.0165;ADP=0.000675;Nomega-phospho-L-arginine=0.000781;ATP=0.00383;L-arginine=0.00552 _ nan _ ,2.7.3.3,,,,0.25,
5710,4268,,arginine kinase,,CHB_15422 + CHB_16467 = CHB_16761 + CHB_18412,ATP(aq) + L-arginine(aq) = ADP(aq) + Nomega-phospho-L-arginine(aq),,99TEA/DOB,,,298.15,7.11,0.02709737,,spectrophotometry,potassium phosphate (0.050 mol dm-3),mol/L;IS=0.25;Mg2+_free=0.0057;K+_tot=0.1999;(Cl)1=0.1288;(HPO4)1=0.033;(H2PO4)1=0.0165;ADP=0.000701;Nomega-phospho-L-arginine=0.000755;ATP=0.00386;L-arginine=0.00506 _ nan _ ,2.7.3.3,,,,0.25,
5711,4269,,arginine kinase,,CHB_15422 + CHB_16467 = CHB_16761 + CHB_18412,ATP(aq) + L-arginine(aq) = ADP(aq) + Nomega-phospho-L-arginine(aq),,99TEA/DOB,,,298.15,7.108,0.027181464,,spectrophotometry,potassium phosphate (0.050 mol dm-3),mol/L;IS=0.25;Mg2+_free=0.0057;K+_tot=0.1999;(Cl)1=0.1288;(HPO4)1=0.033;(H2PO4)1=0.0165;ADP=0.000709;Nomega-phospho-L-arginine=0.000754;ATP=0.00391;L-arginine=0.00503 _ nan _ ,2.7.3.3,,,,0.25,
5712,4270,,arginine kinase,,CHB_15422 + CHB_16467 = CHB_16761 + CHB_18412,ATP(aq) + L-arginine(aq) = ADP(aq) + Nomega-phospho-L-arginine(aq),,99TEA/DOB,,,298.15,7.107,0.025317248,,spectrophotometry,potassium phosphate (0.050 mol dm-3),mol/L;IS=0.25;Mg2+_free=0.0057;K+_tot=0.1999;(Cl)1=0.1288;(HPO4)1=0.033;(H2PO4)1=0.0165;ADP=0.000673;Nomega-phospho-L-arginine=0.000727;ATP=0.00392;L-arginine=0.00493 _ nan _ ,2.7.3.3,,,,0.25,
5713,4285,,carbamate kinase,,CHB_13941 + CHB_15422 = CHB_16761 + CHB_17672,ATP(aq) + carbamate(aq) = ADP(aq) + carbamoyl phosphate(aq),,60JON/LIP,,,283.15,9.5,0.03746,,chemical analysis,Tris,mol/L;Tris=0.1;(Mg)1(Cl)2=0.007;ATP=0.00707;carbamate=0.0113;ADP=0.00173;carbamoyl phosphate=0.00173 _ nan _ ,2.7.2.2,,,,,
5714,4286,,carbamate kinase,,CHB_13941 + CHB_15422 = CHB_16761 + CHB_17672,ATP(aq) + carbamate(aq) = ADP(aq) + carbamoyl phosphate(aq),,60JON/LIP,,,283.15,9.4,0.04847,,chemical analysis,Tris,mol/L;Tris=0.066;(Mg)1(Cl)2=0.013;ATP=0.0107;carbamate=0.0102;ADP=0.0023;carbamoyl phosphate=0.0023 _ nan _ ,2.7.2.2,,,,,
5715,4287,,carbamate kinase,,CHB_13941 + CHB_15422 = CHB_16761 + CHB_17672,ATP(aq) + carbamate(aq) = ADP(aq) + carbamoyl phosphate(aq),,66MAR/COH,,,298.15,8.14,0.024965265,,radioactivity,bicarbonate,mol/L;carbamate=0.000989;ATP=0.00000695;ADP=0.0000132;carbamoyl phosphate=0.000013;(NH4)1(Cl)1=0.2;(Mg)1(Cl)2=0.01 _ nan _ ,2.7.2.2,,,,,
5716,4288,,carbamate kinase,,CHB_13941 + CHB_15422 = CHB_16761 + CHB_17672,ATP(aq) + carbamate(aq) = ADP(aq) + carbamoyl phosphate(aq),,66MAR/COH,,,298.15,8.14,0.265661775,,radioactivity,bicarbonate,mol/L;carbamate=0.000989;ATP=0.0000119;ADP=0.0000386;carbamoyl phosphate=0.000081;(NH4)1(Cl)1=0.2;(Mg)1(Cl)2=0.01 _ nan _ ,2.7.2.2,,,,,
5717,4289,,carbamate kinase,,CHB_13941 + CHB_15422 = CHB_16761 + CHB_17672,ATP(aq) + carbamate(aq) = ADP(aq) + carbamoyl phosphate(aq),,66MAR/COH,,,298.15,8.14,0.029175797,,radioactivity,bicarbonate,mol/L;carbamate=0.000499;ATP=0.00000877;ADP=0.0000114;carbamoyl phosphate=0.0000112;(NH4)1(Cl)1=0.2;(Mg)1(Cl)2=0.01 _ nan _ ,2.7.2.2,,,,,
5718,4290,,carbamate kinase,,CHB_13941 + CHB_15422 = CHB_16761 + CHB_17672,ATP(aq) + carbamate(aq) = ADP(aq) + carbamoyl phosphate(aq),,66MAR/COH,,,298.15,8.14,0.022303178,,radioactivity,bicarbonate,mol/L;carbamate=0.000989;ATP=0.00000255;ADP=0.00000755;carbamoyl phosphate=0.00000745;(NH4)1(Cl)1=0.2;(Mg)1(Cl)2=0.01 _ nan _ ,2.7.2.2,,,,,
5719,4291,,carbamate kinase,,CHB_13941 + CHB_15422 = CHB_16761 + CHB_17672,ATP(aq) + carbamate(aq) = ADP(aq) + carbamoyl phosphate(aq),,66MAR/COH,,,298.15,8.14,0.03261523,,radioactivity,bicarbonate,mol/L;carbamate=0.000499;ATP=0.000066;ADP=0.0000315;carbamoyl phosphate=0.0000341;(NH4)1(Cl)1=0.2;(Mg)1(Cl)2=0.01 _ nan _ ,2.7.2.2,,,,,
5720,4292,,carbamate kinase,,CHB_13941 + CHB_15422 = CHB_16761 + CHB_17672,ATP(aq) + carbamate(aq) = ADP(aq) + carbamoyl phosphate(aq),,66MAR/COH,,,298.15,8.14,0.002240746,,radioactivity,bicarbonate,mol/L;carbamate=0.000989;ATP=0.000082;ADP=0.0000154;carbamoyl phosphate=0.0000118;(NH4)1(Cl)1=0.2;(Mg)1(Cl)2=0.01 _ nan _ ,2.7.2.2,,,,,
5721,4293,,carbamate kinase,,CHB_13941 + CHB_15422 = CHB_16761 + CHB_17672,ATP(aq) + carbamate(aq) = ADP(aq) + carbamoyl phosphate(aq),,66MAR/COH,,,298.15,8.14,0.032979139,,radioactivity,bicarbonate,mol/L;carbamate=0.000989;ATP=0.0000782;ADP=0.000117;carbamoyl phosphate=0.0000218;(NH4)1(Cl)1=0.2;(Mg)1(Cl)2=0.01 _ nan _ ,2.7.2.2,,,,,
5722,4294,,carbamate kinase,,CHB_13941 + CHB_15422 = CHB_16761 + CHB_17672,ATP(aq) + carbamate(aq) = ADP(aq) + carbamoyl phosphate(aq),,66MAR/COH,,,298.15,8.14,0.026738222,,radioactivity,bicarbonate,mol/L;carbamate=0.000499;ATP=0.0000295;ADP=0.0000192;carbamoyl phosphate=0.0000205;(NH4)1(Cl)1=0.2;(Mg)1(Cl)2=0.01 _ nan _ ,2.7.2.2,,,,,
5723,4295,,carbamate kinase,,CHB_13941 + CHB_15422 = CHB_16761 + CHB_17672,ATP(aq) + carbamate(aq) = ADP(aq) + carbamoyl phosphate(aq),,66MAR/COH,,,298.15,8.14,0.032582726,,radioactivity,bicarbonate,mol/L;carbamate=0.000989;ATP=0.0000329;ADP=0.0000158;carbamoyl phosphate=0.0000671;(NH4)1(Cl)1=0.2;(Mg)1(Cl)2=0.01 _ nan _ ,2.7.2.2,,,,,
5724,4296,,carbamate kinase,,CHB_13941 + CHB_15422 = CHB_16761 + CHB_17672,ATP(aq) + carbamate(aq) = ADP(aq) + carbamoyl phosphate(aq),,66MAR/COH,,,298.15,8.14,0.02744883,,radioactivity,bicarbonate,mol/L;carbamate=0.000989;ATP=0.0000354;ADP=0.000062;carbamoyl phosphate=0.0000155;(NH4)1(Cl)1=0.2;(Mg)1(Cl)2=0.01 _ nan _ ,2.7.2.2,,,,,
5725,4297,,carbamate kinase,,CHB_13941 + CHB_15422 = CHB_16761 + CHB_17672,ATP(aq) + carbamate(aq) = ADP(aq) + carbamoyl phosphate(aq),,66MAR/COH,,,298.15,8.14,0.024109359,,radioactivity,bicarbonate,mol/L;carbamate=0.000989;ATP=0.000847;ADP=0.000153;carbamoyl phosphate=0.000132;(NH4)1(Cl)1=0.2;(Mg)1(Cl)2=0.01;(K)1(HCO3)1=0.05 _ nan _ ,2.7.2.2,,,,,
